-0.425609    -1.23731
-0.423906    -1.23651
-0.422205    -1.2357
-0.420507    -1.23489
-0.418813    -1.23407
-0.417122    -1.23325
-0.415433    -1.23242
-0.413748    -1.23159
-0.412066    -1.23075
-0.410387    -1.22991
-0.408711    -1.22906
-0.407038    -1.22821
-0.405368    -1.22735
-0.403702    -1.22649
-0.402038    -1.22562
-0.400378    -1.22475
-0.39872    -1.22388
-0.397066    -1.223
-0.395415    -1.22211
-0.393767    -1.22122
-0.392122    -1.22033
-0.390481    -1.21943
-0.388842    -1.21852
-0.387207    -1.21761
-0.385574    -1.2167
-0.383945    -1.21578
-0.382319    -1.21486
-0.380696    -1.21393
-0.379077    -1.213
-0.37746    -1.21206
-0.375847    -1.21112
-0.374236    -1.21017
-0.372629    -1.20922
-0.371026    -1.20827
-0.369425    -1.20731
-0.367827    -1.20634
-0.366233    -1.20538
-0.364642    -1.2044
-0.363054    -1.20342
-0.361469    -1.20244
-0.359888    -1.20145
-0.358309    -1.20046
-0.356734    -1.19947
-0.355162    -1.19847
-0.353593    -1.19746
-0.352028    -1.19645
-0.350465    -1.19544
-0.348906    -1.19442
-0.34735    -1.19339
-0.345798    -1.19237
-0.344248    -1.19133
-0.342702    -1.1903
-0.341159    -1.18926
-0.339619    -1.18821
-0.338082    -1.18716
-0.336549    -1.18611
-0.335019    -1.18505
-0.333492    -1.18399
-0.331968    -1.18292
-0.330447    -1.18185
-0.32893    -1.18077
-0.327416    -1.17969
-0.325905    -1.1786
-0.324398    -1.17752
-0.322894    -1.17642
-0.321393    -1.17532
-0.319895    -1.17422
-0.3184    -1.17312
-0.316909    -1.17201
-0.315421    -1.17089
-0.313936    -1.16977
-0.312455    -1.16865
-0.310976    -1.16752
-0.309501    -1.16639
-0.30803    -1.16525
-0.306561    -1.16411
-0.305096    -1.16297
-0.303634    -1.16182
-0.302175    -1.16066
-0.30072    -1.15951
-0.299267    -1.15835
-0.297819    -1.15718
-0.296373    -1.15601
-0.29493    -1.15484
-0.293491    -1.15366
-0.292055    -1.15248
-0.290623    -1.15129
-0.289194    -1.1501
-0.287767    -1.1489
-0.286345    -1.14771
-0.284925    -1.1465
-0.283509    -1.1453
-0.282096    -1.14408
-0.280686    -1.14287
-0.27928    -1.14165
-0.277877    -1.14043
-0.276477    -1.1392
-0.27508    -1.13797
-0.273687    -1.13673
-0.272297    -1.13549
-0.27091    -1.13425
-0.269526    -1.133
-0.268146    -1.13175
-0.266769    -1.1305
-0.265395    -1.12924
-0.264025    -1.12797
-0.262658    -1.1267
-0.261294    -1.12543
-0.259933    -1.12416
-0.258576    -1.12288
-0.257222    -1.1216
-0.255871    -1.12031
-0.254524    -1.11902
-0.253179    -1.11772
-0.251838    -1.11642
-0.250501    -1.11512
-0.249166    -1.11381
-0.247835    -1.1125
-0.246507    -1.11119
-0.245182    -1.10987
-0.243861    -1.10855
-0.242543    -1.10722
-0.241228    -1.10589
-0.239917    -1.10456
-0.238608    -1.10322
-0.237303    -1.10188
-0.236002    -1.10054
-0.234703    -1.09919
-0.233408    -1.09784
-0.232116    -1.09648
-0.230827    -1.09512
-0.229542    -1.09376
-0.228259    -1.09239
-0.22698    -1.09102
-0.225705    -1.08964
-0.224432    -1.08826
-0.223163    -1.08688
-0.221897    -1.08549
-0.220635    -1.0841
-0.219375    -1.08271
-0.218119    -1.08131
-0.216866    -1.07991
-0.215616    -1.07851
-0.21437    -1.0771
-0.213127    -1.07569
-0.211887    -1.07427
-0.21065    -1.07285
-0.209416    -1.07143
-0.208186    -1.07
-0.206959    -1.06857
-0.205735    -1.06714
-0.204515    -1.0657
-0.203298    -1.06426
-0.202083    -1.06282
-0.200873    -1.06137
-0.199665    -1.05992
-0.19846    -1.05846
-0.197259    -1.057
-0.196061    -1.05554
-0.194867    -1.05407
-0.193675    -1.0526
-0.192487    -1.05113
-0.191302    -1.04965
-0.19012    -1.04817
-0.188941    -1.04669
-0.187765    -1.0452
-0.186593    -1.04371
-0.185424    -1.04222
-0.184258    -1.04072
-0.183095    -1.03922
-0.181936    -1.03772
-0.18078    -1.03621
-0.179626    -1.0347
-0.178476    -1.03318
-0.17733    -1.03166
-0.176186    -1.03014
-0.175046    -1.02862
-0.173908    -1.02709
-0.172774    -1.02556
-0.171644    -1.02402
-0.170516    -1.02248
-0.169391    -1.02094
-0.16827    -1.0194
-0.167152    -1.01785
-0.166037    -1.0163
-0.164925    -1.01474
-0.163816    -1.01318
-0.16271    -1.01162
-0.161608    -1.01005
-0.160509    -1.00849
-0.159412    -1.00691
-0.158319    -1.00534
-0.157229    -1.00376
-0.156143    -1.00218
-0.155059    -1.00059
-0.153978    -0.999004
-0.152901    -0.997413
-0.151827    -0.995818
-0.150756    -0.99422
-0.149688    -0.992618
-0.148623    -0.991013
-0.147561    -0.989406
-0.146502    -0.987794
-0.145447    -0.98618
-0.144394    -0.984563
-0.143345    -0.982942
-0.142298    -0.981318
-0.141255    -0.979691
-0.140215    -0.978061
-0.139178    -0.976427
-0.138144    -0.974791
-0.137113    -0.973151
-0.136085    -0.971508
-0.13506    -0.969862
-0.134038    -0.968213
-0.13302    -0.96656
-0.132004    -0.964905
-0.130992    -0.963246
-0.129982    -0.961585
-0.128976    -0.95992
-0.127972    -0.958252
-0.126972    -0.956581
-0.125975    -0.954907
-0.12498    -0.95323
-0.123989    -0.95155
-0.123001    -0.949866
-0.122015    -0.94818
-0.121033    -0.946491
-0.120054    -0.944798
-0.119078    -0.943103
-0.118105    -0.941405
-0.117134    -0.939703
-0.116167    -0.937999
-0.115203    -0.936291
-0.114242    -0.934581
-0.113283    -0.932867
-0.112328    -0.931151
-0.111376    -0.929432
-0.110427    -0.927709
-0.10948    -0.925984
-0.108537    -0.924256
-0.107596    -0.922524
