-0.106659    -0.92079
-0.105724    -0.919053
-0.104793    -0.917313
-0.103864    -0.91557
-0.102938    -0.913824
-0.102016    -0.912075
-0.101096    -0.910324
-0.100179    -0.908569
-0.099265    -0.906812
-0.0983539    -0.905051
-0.0974458    -0.903288
-0.0965405    -0.901522
-0.0956382    -0.899753
-0.0947387    -0.897981
-0.0938422    -0.896207
-0.0929485    -0.894429
-0.0920577    -0.892649
-0.0911698    -0.890866
-0.0902848    -0.88908
-0.0894026    -0.887291
-0.0885233    -0.885499
-0.0876469    -0.883705
-0.0867733    -0.881908
-0.0859026    -0.880108
-0.0850347    -0.878305
-0.0841697    -0.876499
-0.0833075    -0.874691
-0.0824482    -0.87288
-0.0815916    -0.871066
-0.0807379    -0.869249
-0.079887    -0.86743
-0.0790389    -0.865608
-0.0781937    -0.863783
-0.0773512    -0.861956
-0.0765115    -0.860125
-0.0756747    -0.858293
-0.0748406    -0.856457
-0.0740093    -0.854619
-0.0731808    -0.852777
-0.072355    -0.850934
-0.071532    -0.849087
-0.0707118    -0.847238
-0.0698944    -0.845387
-0.0690797    -0.843532
-0.0682677    -0.841675
-0.0674585    -0.839815
-0.066652    -0.837953
-0.0658483    -0.836088
-0.0650473    -0.83422
-0.064249    -0.83235
-0.0634534    -0.830477
-0.0626605    -0.828602
-0.0618704    -0.826724
-0.0610829    -0.824843
-0.0602982    -0.82296
-0.0595161    -0.821074
-0.0587367    -0.819186
-0.05796    -0.817295
-0.057186    -0.815401
-0.0564146    -0.813505
-0.0556459    -0.811607
-0.0548799    -0.809706
-0.0541165    -0.807802
-0.0533557    -0.805896
-0.0525976    -0.803987
-0.0518422    -0.802076
-0.0510893    -0.800162
-0.0503391    -0.798246
-0.0495915    -0.796327
-0.0488466    -0.794406
-0.0481042    -0.792482
-0.0473644    -0.790556
-0.0466273    -0.788627
-0.0458927    -0.786696
-0.0451607    -0.784762
-0.0444313    -0.782826
-0.0437044    -0.780887
-0.0429802    -0.778946
-0.0422584    -0.777003
-0.0415393    -0.775057
-0.0408227    -0.773109
-0.0401086    -0.771158
-0.0393971    -0.769205
-0.0386881    -0.767249
-0.0379817    -0.765291
-0.0372777    -0.763331
-0.0365763    -0.761368
-0.0358774    -0.759403
-0.035181    -0.757436
-0.0344871    -0.755466
-0.0337956    -0.753494
-0.0331067    -0.751519
-0.0324203    -0.749543
-0.0317363    -0.747563
-0.0310548    -0.745582
-0.0303757    -0.743598
-0.0296991    -0.741612
-0.029025    -0.739623
-0.0283533    -0.737632
-0.027684    -0.735639
-0.0270172    -0.733644
-0.0263528    -0.731646
-0.0256908    -0.729646
-0.0250312    -0.727644
-0.024374    -0.725639
-0.0237193    -0.723632
-0.0230669    -0.721623
-0.0224169    -0.719612
-0.0217693    -0.717598
-0.0211241    -0.715582
-0.0204812    -0.713564
-0.0198407    -0.711544
-0.0192026    -0.709521
-0.0185668    -0.707497
-0.0179333    -0.70547
-0.0173022    -0.703441
-0.0166734    -0.701409
-0.016047    -0.699376
-0.0154228    -0.69734
-0.014801    -0.695302
-0.0141815    -0.693262
-0.0135643    -0.69122
-0.0129493    -0.689175
-0.0123367    -0.687129
-0.0117263    -0.68508
-0.0111183    -0.683029
-0.0105124    -0.680976
-0.00990887    -0.678921
-0.00930756    -0.676864
-0.0087085    -0.674804
-0.00811168    -0.672743
-0.00751709    -0.670679
-0.00692473    -0.668613
-0.00633459    -0.666546
-0.00574667    -0.664476
-0.00516095    -0.662404
-0.00457743    -0.66033
-0.00399611    -0.658254
-0.00341697    -0.656175
-0.00284002    -0.654095
-0.00226523    -0.652013
-0.00169262    -0.649929
-0.00112217    -0.647842
-0.000553864    -0.645754
1.22893e-05    -0.643664
0.000576303    -0.641571
0.00113818    -0.639477
0.00169794    -0.63738
0.00225557    -0.635282
0.00281109    -0.633182
0.00336451    -0.631079
0.00391583    -0.628975
0.00446505    -0.626868
0.00501219    -0.62476
0.00555725    -0.62265
0.00610024    -0.620538
0.00664116    -0.618423
0.00718003    -0.616307
0.00771684    -0.614189
0.00825162    -0.612069
0.00878435    -0.609947
0.00931506    -0.607824
0.00984374    -0.605698
0.0103704    -0.60357
0.0108951    -0.601441
0.0114177    -0.599309
0.0119384    -0.597176
0.0124571    -0.595041
0.0129738    -0.592904
0.0134885    -0.590765
0.0140012    -0.588624
0.014512    -0.586481
0.0150209    -0.584337
0.0155278    -0.582191
0.0160327    -0.580042
0.0165358    -0.577893
0.0170369    -0.575741
0.0175361    -0.573587
0.0180333    -0.571432
0.0185287    -0.569274
0.0190222    -0.567115
0.0195138    -0.564955
0.0200035    -0.562792
0.0204914    -0.560628
0.0209773    -0.558462
0.0214615    -0.556294
0.0219437    -0.554124
0.0224242    -0.551953
0.0229027    -0.54978
0.0233795    -0.547605
0.0238544    -0.545428
0.0243276    -0.54325
0.0247989    -0.54107
0.0252684    -0.538888
0.0257361    -0.536705
0.0262021    -0.534519
0.0266662    -0.532333
0.0271286    -0.530144
0.0275893    -0.527954
0.0280481    -0.525762
0.0285053    -0.523569
0.0289607    -0.521373
0.0294143    -0.519176
0.0298663    -0.516978
0.0303165    -0.514778
0.030765    -0.512576
0.0312118    -0.510373
0.0316569    -0.508168
0.0321003    -0.505961
0.032542    -0.503753
0.0329821    -0.501543
0.0334205    -0.499332
0.0338572    -0.497119
0.0342923    -0.494904
0.0347258    -0.492688
0.0351576    -0.49047
0.0355878    -0.488251
0.0360164    -0.48603
0.0364433    -0.483808
0.0368687    -0.481584
0.0372924    -0.479359
0.0377146    -0.477132
0.0381352    -0.474903
0.0385542    -0.472673
0.0389717    -0.470442
0.0393876    -0.468209
0.0398019    -0.465974
0.0402147    -0.463738
0.040626    -0.461501
0.0410357    -0.459262
0.0414439    -0.457022
0.0418506    -0.45478
0.0422558    -0.452537
0.0426595    -0.450292
0.0430618    -0.448046
0.0434625    -0.445798
0.0438618    -0.443549
0.0442596    -0.441299
0.0446559    -0.439047
0.0450508    -0.436794
0.0454443    -0.434539
0.0458363    -0.432283
0.0462269    -0.430026
0.0466161    -0.427767
0.0470039    -0.425507
0.0473902    -0.423245
0.0477752    -0.420983
0.0481588    -0.418718
0.048541    -0.416453
0.0489219    -0.414186
0.0493014    -0.411918
0.0496795    -0.409648
0.0500563    -0.407378
0.0504317    -0.405105
0.0508058    -0.402832
0.0511786    -0.400557
0.0515501    -0.398281
0.0519203    -0.396004
0.0522892    -0.393726
0.0526568    -0.391446
0.0530231    -0.389165
0.0533881    -0.386882
0.0537519    -0.384599
0.0541144    -0.382314
0.0544756    -0.380028
0.0548356    -0.377741
0.0551944    -0.375452
0.055552    -0.373163
0.0559083    -0.370872
0.0562635    -0.36858
0.0566174    -0.366287
0.0569701    -0.363992
0.0573217    -0.361697
0.0576721    -0.3594
0.0580213    -0.357102
0.0583693    -0.354803
0.0587162    -0.352503
0.059062    -0.350202
0.0594066    -0.347899
0.0597501    -0.345596
0.0600925    -0.343291
0.0604337    -0.340985
0.0607739    -0.338679
0.0611129    -0.336371
0.0614509    -0.334062
0.0617878    -0.331752
0.0621236    -0.32944
0.0624584    -0.327128
0.0627921    -0.324815
0.0631248    -0.322501
0.0634564    -0.320185
0.063787    -0.317869
0.0641166    -0.315551
0.0644452    -0.313233
0.0647728    -0.310914
0.0650993    -0.308593
0.0654249    -0.306272
0.0657495    -0.303949
0.0660732    -0.301626
0.0663958    -0.299301
0.0667176    -0.296976
0.0670383    -0.29465
0.0673582    -0.292323
0.0676771    -0.289994
0.0679951    -0.287665
0.0683121    -0.285335
0.0686283    -0.283004
0.0689436    -0.280672
0.069258    -0.27834
0.0695715    -0.276006
0.0698841    -0.273671
0.0701959    -0.271336
0.0705069    -0.269
0.0708169    -0.266663
0.0711262    -0.264325
0.0714346    -0.261986
0.0717422    -0.259646
0.072049    -0.257305
0.072355    -0.254964
0.0726602    -0.252622
0.0729646    -0.250279
0.0732682    -0.247935
0.0735711    -0.24559
0.0738732    -0.243245
0.0741745    -0.240899
0.0744751    -0.238552
0.074775    -0.236204
0.0750742    -0.233855
0.0753726    -0.231506
0.0756703    -0.229156
0.0759673    -0.226805
0.0762637    -0.224454
0.0765593    -0.222102
0.0768543    -0.219749
0.0771486    -0.217395
0.0774422    -0.215041
0.0777352    -0.212686
0.0780276    -0.21033
0.0783193    -0.207974
0.0786104    -0.205617
0.0789009    -0.20326
0.0791908    -0.200901
0.0794801    -0.198542
0.0797687    -0.196183
0.0800569    -0.193822
0.0803444    -0.191462
0.0806314    -0.1891
0.0809178    -0.186738
0.0812037    -0.184376
0.081489    -0.182012
0.0817738    -0.179649
0.0820581    -0.177284
0.0823419    -0.174919
0.0826251    -0.172554
0.0829079    -0.170188
0.0831902    -0.167821
0.083472    -0.165454
0.0837534    -0.163086
0.0840343    -0.160718
0.0843147    -0.15835
0.0845947    -0.155981
0.0848742    -0.153611
0.0851534    -0.151241
0.0854321    -0.14887
0.0857104    -0.146499
0.0859883    -0.144128
0.0862658    -0.141756
0.0865429    -0.139383
0.0868197    -0.13701
0.0870961    -0.134637
0.0873721    -0.132263
0.0876478    -0.129889
0.0879232    -0.127515
0.0881982    -0.12514
0.0884729    -0.122765
0.0887473    -0.120389
0.0890214    -0.118013
0.0892952    -0.115636
0.0895687    -0.11326
0.0898419    -0.110883
0.0901149    -0.108505
0.0903876    -0.106127
0.09066    -0.103749
0.0909322    -0.101371
0.0912042    -0.0989922
0.091476    -0.0966132
0.0917475    -0.0942339
0.0920188    -0.0918543
0.0922899    -0.0894744
0.0925609    -0.0870943
0.0928316    -0.084714
0.0931022    -0.0823333
0.0933726    -0.0799525
0.0936429    -0.0775714
0.093913    -0.0751901
0.0941829    -0.0728086
0.0944528    -0.0704268
0.0947225    -0.0680449
0.0949921    -0.0656628
0.0952616    -0.0632805
0.095531    -0.060898
0.0958004    -0.0585153
0.0960696    -0.0561325
0.0963388    -0.0537496
0.0966079    -0.0513665
0.096877    -0.0489833
0.097146    -0.0465999
0.097415    -0.0442165
0.097684    -0.0418329
0.097953    -0.0394492
0.0982219    -0.0370655
0.0984909    -0.0346816
0.0987598    -0.0322977
0.0990288    -0.0299137
0.0992979    -0.0275297
0.0995669    -0.0251456
0.099836    -0.0227614
0.100105    -0.0203773
0.100374    -0.0179931
0.100644    -0.0156088
0.100913    -0.0132246
0.101182    -0.0108404
0.101452    -0.0084562
0.101722    -0.006072
0.101992    -0.00368784
0.102261    -0.0013037
0.102531    0.00108039
0.102802    0.00346443
0.103072    0.00584842
0.103342    0.00823233
0.103613    0.0106162
0.103884    0.0129999
0.104155    0.0153836
0.104426    0.0177672
0.104698    0.0201506
0.104969    0.022534
0.105241    0.0249172
0.105513    0.0273003
0.105786    0.0296832
0.106058    0.032066
0.106331    0.0344486
0.106604    0.0368311
0.106877    0.0392133
0.107151    0.0415954
0.107425    0.0439774
0.107699    0.0463591
0.107974    0.0487406
0.108249    0.0511218
0.108524    0.0535029
0.1088    0.0558837
0.109075    0.0582643
0.109352    0.0606446
0.109628    0.0630247
0.109905    0.0654045
0.110183    0.067784
0.11046    0.0701632
0.110738    0.0725422
0.111017    0.0749208
0.111296    0.0772991
0.111575    0.0796771
0.111855    0.0820548
0.112135    0.0844322
0.112416    0.0868092
0.112697    0.0891858
0.112979    0.0915621
0.113261    0.093938
0.113543    0.0963136
0.113826    0.0986887
0.11411    0.101064
0.114394    0.103438
0.114679    0.105812
0.114964    0.108185
0.11525    0.110558
0.115536    0.112931
0.115822    0.115303
0.11611    0.117675
0.116398    0.120046
0.116686    0.122417
0.116975    0.124788
0.117265    0.127157
0.117555    0.129527
0.117846    0.131896
0.118138    0.134264
0.11843    0.136632
0.118722    0.138999
0.119016    0.141366
0.11931    0.143732
0.119605    0.146098
0.1199    0.148463
0.120196    0.150828
0.120493    0.153192
0.12079    0.155555
0.121089    0.157918
0.121388    0.16028
0.121687    0.162641
0.121988    0.165002
0.122289    0.167363
0.122591    0.169722
0.122893    0.172081
0.123197    0.17444
0.123501    0.176798
0.123806    0.179155
0.124112    0.181511
0.124418    0.183867
0.124726    0.186222
0.125034    0.188576
0.125343    0.190929
0.125653    0.193282
0.125963    0.195634
0.126275    0.197986
0.126587    0.200336
0.126901    0.202686
0.127215    0.205035
0.12753    0.207384
0.127846    0.209731
0.128163    0.212078
0.128481    0.214424
0.128799    0.216769
0.129119    0.219114
0.12944    0.221457
0.129761    0.2238
0.130084    0.226142
0.130407    0.228483
0.130732    0.230823
0.131057    0.233162
0.131383    0.235501
0.131711    0.237838
0.132039    0.240175
0.132369    0.242511
0.132699    0.244846
0.133031    0.24718
0.133363    0.249513
0.133697    0.251845
0.134032    0.254176
0.134367    0.256506
0.134704    0.258835
0.135042    0.261164
0.135381    0.263491
0.135721    0.265818
0.136062    0.268143
0.136404    0.270467
0.136748    0.272791
0.137092    0.275113
0.137438    0.277434
0.137785    0.279755
0.138133    0.282074
0.138482    0.284392
0.138833    0.28671
0.139184    0.289026
0.139537    0.291341
0.139891    0.293655
0.140246    0.295968
0.140602    0.29828
0.14096    0.30059
0.141319    0.3029
0.141679    0.305208
0.14204    0.307516
0.142403    0.309822
0.142766    0.312127
0.143132    0.314431
0.143498    0.316734
0.143866    0.319036
0.144235    0.321336
0.144605    0.323635
0.144976    0.325933
0.145349    0.32823
0.145724    0.330526
0.146099    0.33282
0.146476    0.335114
0.146855    0.337406
0.147234    0.339696
0.147615    0.341986
0.147998    0.344274
0.148382    0.346561
0.148767    0.348847
0.149153    0.351132
0.149541    0.353415
0.149931    0.355697
0.150322    0.357977
0.150714    0.360256
0.151108    0.362534
0.151503    0.364811
0.1519    0.367086
0.152298    0.36936
0.152697    0.371633
0.153099    0.373904
0.153501    0.376174
0.153905    0.378443
0.154311    0.38071
0.154718    0.382975
0.155127    0.38524
0.155537    0.387503
0.155949    0.389764
0.156362    0.392024
0.156777    0.394283
0.157193    0.39654
0.157611    0.398796
0.158031    0.40105
0.158452    0.403303
0.158875    0.405555
0.159299    0.407805
0.159725    0.410053
0.160153    0.4123
0.160582    0.414545
0.161013    0.416789
0.161445    0.419032
0.161879    0.421273
0.162315    0.423512
0.162752    0.42575
0.163192    0.427986
0.163632    0.430221
0.164075    0.432454
0.164519    0.434686
0.164965    0.436916
0.165413    0.439144
0.165862    0.441371
0.166313    0.443596
0.166766    0.44582
0.167221    0.448042
0.167677    0.450262
0.168135    0.452481
0.168595    0.454698
0.169056    0.456914
0.16952    0.459127
0.169985    0.46134
0.170452    0.46355
0.170921    0.465759
0.171391    0.467966
0.171864    0.470171
0.172338    0.472375
0.172814    0.474577
0.173292    0.476777
0.173772    0.478976
0.174253    0.481173
0.174737    0.483368
0.175222    0.485561
0.175709    0.487753
0.176198    0.489943
0.176689    0.492131
0.177182    0.494317
0.177677    0.496501
0.178174    0.498684
0.178673    0.500865
0.179173    0.503044
0.179676    0.505221
0.18018    0.507397
0.180687    0.50957
0.181195    0.511742
0.181705    0.513912
0.182218    0.51608
0.182732    0.518246
0.183248    0.520411
0.183767    0.522573
0.184287    0.524734
0.184809    0.526892
0.185334    0.529049
0.18586    0.531204
0.186388    0.533357
0.186919    0.535508
0.187451    0.537657
0.187986    0.539804
0.188522    0.541949
0.189061    0.544093
0.189602    0.546234
0.190145    0.548373
0.19069    0.55051
0.191237    0.552646
0.191786    0.554779
0.192337    0.556911
0.19289    0.55904
0.193446    0.561167
0.194003    0.563293
0.194563    0.565416
0.195125    0.567537
0.195689    0.569656
0.196255    0.571774
0.196824    0.573889
0.197394    0.576002
0.197967    0.578113
0.198542    0.580222
0.199119    0.582329
0.199698    0.584433
0.20028    0.586536
0.200863    0.588636
0.201449    0.590735
0.202037    0.592831
0.202628    0.594925
0.20322    0.597017
0.203815    0.599107
0.204412    0.601195
0.205012    0.60328
0.205613    0.605363
0.206217    0.607445
0.206824    0.609524
0.207432    0.6116
0.208043    0.613675
0.208656    0.615747
0.209271    0.617818
0.209889    0.619886
0.210509    0.621951
0.211132    0.624015
0.211756    0.626076
0.212383    0.628135
0.213013    0.630192
0.213645    0.632246
0.214279    0.634298
0.214915    0.636348
0.215554    0.638396
0.216195    0.640441
0.216839    0.642484
0.217485    0.644525
0.218133    0.646563
0.218784    0.6486
0.219437    0.650633
0.220093    0.652665
0.220751    0.654694
0.221411    0.656721
0.222074    0.658745
0.22274    0.660767
0.223408    0.662786
0.224078    0.664804
0.224751    0.666818
0.225426    0.668831
0.226103    0.670841
0.226784    0.672849
0.227466    0.674854
0.228151    0.676856
0.228839    0.678857
0.229529    0.680855
0.230222    0.68285
0.230917    0.684843
0.231615    0.686834
0.232315    0.688822
0.233018    0.690807
0.233723    0.69279
0.234431    0.694771
0.235141    0.696749
0.235854    0.698724
0.23657    0.700698
0.237288    0.702668
0.238008    0.704636
0.238732    0.706602
0.239457    0.708564
0.240186    0.710525
0.240917    0.712483
0.24165    0.714438
0.242387    0.716391
0.243125    0.718341
0.243867    0.720288
0.244611    0.722233
0.245358    0.724175
0.246107    0.726115
0.246859    0.728052
0.247614    0.729986
0.248371    0.731918
0.249131    0.733847
0.249894    0.735774
0.250659    0.737698
0.251427    0.739619
0.252198    0.741538
0.252971    0.743453
0.253747    0.745367
0.254526    0.747277
0.255307    0.749185
0.256092    0.75109
0.256879    0.752992
0.257668    0.754892
0.258461    0.756789
0.259256    0.758683
0.260053    0.760574
0.260854    0.762463
0.261657    0.764349
0.262463    0.766232
0.263272    0.768112
0.264084    0.76999
0.264898    0.771865
0.265715    0.773737
0.266535    0.775606
0.267358    0.777472
0.268183    0.779336
0.269012    0.781197
0.269843    0.783055
0.270677    0.78491
0.271513    0.786762
0.272353    0.788611
0.273195    0.790458
0.27404    0.792302
0.274888    0.794142
0.275739    0.79598
0.276593    0.797815
0.277449    0.799647
0.278309    0.801476
0.279171    0.803303
0.280036    0.805126
0.280904    0.806947
0.281775    0.808764
0.282648    0.810579
0.283525    0.81239
0.284404    0.814199
0.285287    0.816004
0.286172    0.817807
0.28706    0.819607
0.287951    0.821404
0.288845    0.823197
0.289742    0.824988
0.290642    0.826776
0.291544    0.82856
0.29245    0.830342
0.293359    0.832121
0.29427    0.833896
0.295184    0.835669
0.296102    0.837438
0.297022    0.839205
0.297945    0.840968
0.298871    0.842728
0.299801    0.844486
0.300733    0.84624
0.301668    0.847991
0.302606    0.849739
0.303547    0.851483
0.304491    0.853225
0.305438    0.854963
0.306388    0.856699
0.307341    0.858431
0.308297    0.86016
0.309256    0.861886
0.310218    0.863609
0.311183    0.865328
0.312151    0.867045
0.313122    0.868758
0.314096    0.870468
0.315073    0.872175
0.316053    0.873878
0.317037    0.875578
0.318023    0.877276
0.319012    0.878969
0.320004    0.88066
0.321    0.882347
0.321998    0.884031
0.322999    0.885712
0.324004    0.88739
0.325011    0.889064
0.326022    0.890735
0.327036    0.892403
0.328053    0.894067
0.329072    0.895728
0.330095    0.897386
0.331121    0.89904
0.33215    0.900691
0.333183    0.902339
0.334218    0.903983
0.335256    0.905624
0.336298    0.907262
0.337343    0.908896
0.33839    0.910527
0.339441    0.912154
0.340495    0.913778
0.341552    0.915399
0.342612    0.917016
0.343676    0.91863
0.344742    0.92024
0.345812    0.921847
0.346884    0.923451
0.34796    0.925051
0.349039    0.926647
0.350121    0.92824
0.351207    0.92983
0.352295    0.931416
0.353387    0.932999
0.354481    0.934578
0.355579    0.936153
0.35668    0.937725
0.357785    0.939294
0.358892    0.940859
0.360003    0.94242
0.361116    0.943978
0.362233    0.945533
0.363353    0.947083
0.364477    0.948631
0.365603    0.950174
0.366733    0.951714
0.367866    0.953251
0.369002    0.954783
0.370141    0.956313
0.371284    0.957838
0.372429    0.95936
0.373578    0.960878
0.37473    0.962393
0.375885    0.963904
0.377044    0.965411
0.378205    0.966915
0.37937    0.968415
0.380538    0.969911
0.38171    0.971404
0.382884    0.972893
0.384062    0.974378
0.385243    0.975859
0.386427    0.977337
0.387615    0.978811
0.388805    0.980281
0.389999    0.981747
0.391196    0.98321
0.392397    0.984669
0.3936    0.986124
0.394807    0.987576
0.396017    0.989023
0.397231    0.990467
0.398447    0.991907
0.399667    0.993343
0.40089    0.994775
0.402117    0.996204
0.403346    0.997628
0.404579    0.999049
0.405815    1.00047
0.407055    1.00188
0.408297    1.00329
0.409543    1.00469
0.410792    1.00609
0.412045    1.00749
0.4133    1.00889
0.414559    1.01027
0.415822    1.01166
0.417087    1.01304
0.418356    1.01442
0.419628    1.01579
0.420903    1.01716
0.422182    1.01853
0.423464    1.01989
0.424749    1.02125
0.426037    1.0226
0.427329    1.02395
0.428624    1.0253
0.429922    1.02664
0.431224    1.02798
0.432529    1.02931
0.433837    1.03064
0.435148    1.03197
0.436463    1.03329
0.437781    1.03461
0.439102    1.03592
0.440426    1.03723
0.441754    1.03853
0.443085    1.03984
0.44442    1.04113
0.445757    1.04243
0.447098    1.04371
0.448443    1.045
0.44979    1.04628
0.451141    1.04756
0.452495    1.04883
0.453853    1.0501
0.455213    1.05136
0.456577    1.05262
0.457945    1.05387
0.459315    1.05513
0.460689    1.05637
0.462066    1.05762
0.463447    1.05885
0.464831    1.06009
0.466218    1.06132
0.467608    1.06254
0.469002    1.06376
0.470399    1.06498
0.471799    1.06619
0.473202    1.0674
0.474609    1.06861
0.476019    1.06981
0.477433    1.071
0.478849    1.07219
0.480269    1.07338
0.481693    1.07456
0.483119    1.07574
0.484549    1.07691
0.485982    1.07808
0.487419    1.07925
0.488858    1.08041
0.490301    1.08157
0.491748    1.08272
0.493197    1.08386
0.49465    1.08501
0.496106    1.08615
0.497566    1.08728
0.499028    1.08841
0.500494    1.08953
0.501963    1.09065
0.503436    1.09177
0.504912    1.09288
0.506391    1.09399
0.507873    1.09509
0.509359    1.09619
0.510848    1.09728
0.51234    1.09837
0.513835    1.09946
0.515334    1.10054
0.516836    1.10161
0.518341    1.10268
0.51985    1.10375
0.521362    1.10481
0.522877    1.10587
0.524395    1.10692
0.525917    1.10797
0.527441    1.10901
0.528969    1.11005
0.530501    1.11108
0.532035    1.11211
0.533573    1.11313
0.535114    1.11415
0.536658    1.11517
0.538206    1.11618
0.539757    1.11718
0.541311    1.11818
0.542868    1.11918
0.544428    1.12017
0.545992    1.12116
0.547559    1.12214
0.549129    1.12312
0.550703    1.12409
0.552279    1.12506
0.553859    1.12602
0.555442    1.12698
0.557028    1.12793
0.558618    1.12888
0.56021    1.12982
0.561806    1.13076
0.563405    1.13169
0.565008    1.13262
0.566613    1.13355
0.568222    1.13446
0.569834    1.13538
0.571449    1.13629
0.573067    1.13719
0.574688    1.13809
0.576313    1.13899
0.577941    1.13988
0.579572    1.14076
0.581206    1.14164
0.582843    1.14252
0.584484    1.14338
0.586127    1.14425
0.587774    1.14511
0.589424    1.14596
0.591077    1.14681
0.592733    1.14766
0.594393    1.1485
0.596055    1.14933
0.597721    1.15016
0.599389    1.15099
0.601061    1.15181
0.602736    1.15262
0.604414    1.15343
0.606096    1.15423
0.60778    1.15503
0.609467    1.15583
0.611158    1.15662
