-0.506125    -1.20625
-0.504208    -1.20599
-0.502293    -1.20573
-0.50038    -1.20546
-0.498468    -1.20518
-0.496558    -1.20491
-0.49465    -1.20462
-0.492743    -1.20433
-0.490838    -1.20404
-0.488935    -1.20374
-0.487034    -1.20343
-0.485135    -1.20312
-0.483237    -1.20281
-0.481342    -1.20249
-0.479448    -1.20216
-0.477556    -1.20183
-0.475666    -1.20149
-0.473777    -1.20115
-0.471891    -1.2008
-0.470006    -1.20045
-0.468123    -1.2001
-0.466242    -1.19973
-0.464363    -1.19937
-0.462486    -1.19899
-0.460611    -1.19862
-0.458738    -1.19823
-0.456867    -1.19784
-0.454997    -1.19745
-0.45313    -1.19705
-0.451265    -1.19665
-0.449401    -1.19624
-0.44754    -1.19583
-0.44568    -1.19541
-0.443822    -1.19499
-0.441967    -1.19456
-0.440113    -1.19412
-0.438262    -1.19368
-0.436412    -1.19324
-0.434565    -1.19279
-0.432719    -1.19234
-0.430876    -1.19188
-0.429034    -1.19141
-0.427195    -1.19094
-0.425358    -1.19047
-0.423523    -1.18999
-0.421689    -1.18951
-0.419858    -1.18902
-0.418029    -1.18852
-0.416203    -1.18802
-0.414378    -1.18752
-0.412555    -1.18701
-0.410735    -1.1865
-0.408916    -1.18598
-0.4071    -1.18545
-0.405286    -1.18493
-0.403474    -1.18439
-0.401664    -1.18385
-0.399857    -1.18331
-0.398051    -1.18276
-0.396248    -1.18221
-0.394447    -1.18165
-0.392648    -1.18108
-0.390851    -1.18052
-0.389057    -1.17994
-0.387265    -1.17936
-0.385475    -1.17878
-0.383687    -1.17819
-0.381901    -1.1776
-0.380118    -1.177
-0.378337    -1.1764
-0.376558    -1.17579
-0.374781    -1.17518
-0.373007    -1.17456
-0.371235    -1.17394
-0.369465    -1.17332
-0.367698    -1.17268
-0.365933    -1.17205
-0.36417    -1.17141
-0.362409    -1.17076
-0.360651    -1.17011
-0.358895    -1.16946
-0.357141    -1.1688
-0.35539    -1.16813
-0.353641    -1.16746
-0.351894    -1.16679
-0.35015    -1.16611
-0.348408    -1.16542
-0.346668    -1.16474
-0.344931    -1.16404
-0.343196    -1.16335
-0.341464    -1.16264
-0.339734    -1.16194
-0.338006    -1.16122
-0.336281    -1.16051
-0.334558    -1.15979
-0.332837    -1.15906
-0.331119    -1.15833
-0.329403    -1.15759
-0.32769    -1.15685
-0.325979    -1.15611
-0.324271    -1.15536
-0.322565    -1.15461
-0.320861    -1.15385
-0.31916    -1.15308
-0.317461    -1.15232
-0.315765    -1.15154
-0.314071    -1.15077
-0.31238    -1.14999
-0.310691    -1.1492
-0.309005    -1.14841
-0.307321    -1.14761
-0.30564    -1.14681
-0.303961    -1.14601
-0.302284    -1.1452
-0.30061    -1.14439
-0.298939    -1.14357
-0.29727    -1.14275
-0.295603    -1.14192
-0.29394    -1.14109
-0.292278    -1.14025
-0.290619    -1.13941
-0.288963    -1.13857
-0.287309    -1.13772
-0.285658    -1.13687
-0.284009    -1.13601
-0.282363    -1.13515
-0.28072    -1.13428
-0.279078    -1.13341
-0.27744    -1.13253
-0.275804    -1.13165
-0.274171    -1.13077
-0.27254    -1.12988
-0.270912    -1.12898
-0.269286    -1.12809
-0.267663    -1.12718
-0.266042    -1.12628
-0.264425    -1.12537
-0.262809    -1.12445
-0.261197    -1.12353
-0.259587    -1.12261
-0.257979    -1.12168
-0.256374    -1.12075
-0.254772    -1.11981
-0.253172    -1.11887
-0.251575    -1.11792
-0.249981    -1.11697
-0.248389    -1.11602
-0.2468    -1.11506
-0.245213    -1.1141
-0.24363    -1.11313
-0.242048    -1.11216
-0.24047    -1.11118
-0.238894    -1.1102
-0.237321    -1.10922
-0.23575    -1.10823
-0.234182    -1.10724
-0.232617    -1.10624
-0.231054    -1.10524
-0.229494    -1.10423
-0.227937    -1.10322
-0.226382    -1.10221
-0.22483    -1.10119
-0.223281    -1.10017
-0.221734    -1.09914
-0.22019    -1.09811
-0.218649    -1.09708
-0.21711    -1.09604
-0.215574    -1.095
-0.214041    -1.09395
-0.212511    -1.0929
-0.210983    -1.09184
-0.209458    -1.09078
-0.207935    -1.08972
-0.206416    -1.08865
-0.204899    -1.08758
-0.203385    -1.08651
-0.201873    -1.08543
-0.200364    -1.08434
-0.198858    -1.08326
-0.197355    -1.08216
-0.195854    -1.08107
-0.194356    -1.07997
-0.192861    -1.07886
-0.191368    -1.07776
-0.189878    -1.07664
-0.188391    -1.07553
-0.186907    -1.07441
-0.185426    -1.07328
-0.183947    -1.07216
-0.182471    -1.07102
-0.180997    -1.06989
-0.179527    -1.06875
-0.178059    -1.0676
-0.176594    -1.06646
-0.175131    -1.0653
-0.173672    -1.06415
-0.172215    -1.06299
-0.170761    -1.06183
-0.16931    -1.06066
-0.167861    -1.05949
-0.166415    -1.05831
-0.164972    -1.05713
-0.163532    -1.05595
-0.162094    -1.05476
-0.160659    -1.05357
-0.159227    -1.05238
-0.157798    -1.05118
-0.156372    -1.04998
-0.154948    -1.04877
-0.153527    -1.04756
-0.152109    -1.04635
-0.150693    -1.04513
-0.149281    -1.04391
-0.147871    -1.04268
-0.146464    -1.04145
-0.145059    -1.04022
-0.143658    -1.03898
-0.142259    -1.03774
-0.140863    -1.0365
-0.13947    -1.03525
-0.13808    -1.034
-0.136692    -1.03274
-0.135307    -1.03148
-0.133925    -1.03022
-0.132546    -1.02896
-0.131169    -1.02769
-0.129796    -1.02641
-0.128425    -1.02513
-0.127057    -1.02385
-0.125691    -1.02257
-0.124329    -1.02128
-0.122969    -1.01999
-0.121612    -1.01869
-0.120258    -1.01739
-0.118906    -1.01609
-0.117558    -1.01478
-0.116212    -1.01347
-0.114869    -1.01215
-0.113529    -1.01084
-0.112191    -1.00951
-0.110856    -1.00819
-0.109525    -1.00686
-0.108196    -1.00553
-0.106869    -1.00419
-0.105546    -1.00285
-0.104225    -1.00151
-0.102907    -1.00016
-0.101592    -0.998813
-0.10028    -0.99746
-0.0989701    -0.996102
-0.0976633    -0.994741
-0.0963593    -0.993377
-0.0950582    -0.992009
-0.0937598    -0.990638
-0.0924642    -0.989263
-0.0911714    -0.987884
-0.0898814    -0.986502
-0.0885941    -0.985117
-0.0873097    -0.983728
-0.086028    -0.982336
-0.0847492    -0.98094
-0.0834731    -0.979541
-0.0821998    -0.978138
-0.0809293    -0.976732
-0.0796616    -0.975322
-0.0783966    -0.973909
-0.0771345    -0.972493
-0.0758751    -0.971073
-0.0746185    -0.96965
-0.0733647    -0.968223
-0.0721137    -0.966793
-0.0708655    -0.965359
-0.06962    -0.963923
-0.0683773    -0.962482
-0.0671374    -0.961039
-0.0659003    -0.959592
-0.064666    -0.958142
-0.0634344    -0.956688
-0.0622056    -0.955231
-0.0609796    -0.953771
-0.0597563    -0.952307
-0.0585359    -0.95084
-0.0573182    -0.94937
-0.0561032    -0.947896
-0.0548911    -0.946419
-0.0536817    -0.944939
-0.052475    -0.943456
-0.0512712    -0.941969
-0.0500701    -0.940479
-0.0488717    -0.938986
-0.0476762    -0.937489
-0.0464833    -0.935989
-0.0452933    -0.934486
-0.044106    -0.93298
-0.0429214    -0.931471
-0.0417397    -0.929958
-0.0405606    -0.928442
-0.0393843    -0.926923
-0.0382108    -0.925401
-0.03704    -0.923875
-0.035872    -0.922346
-0.0347067    -0.920815
-0.0335441    -0.919279
-0.0323843    -0.917741
-0.0312273    -0.9162
-0.0300729    -0.914655
-0.0289214    -0.913108
-0.0277725    -0.911557
-0.0266264    -0.910003
-0.025483    -0.908446
-0.0243424    -0.906886
-0.0232044    -0.905322
-0.0220692    -0.903756
-0.0209368    -0.902186
-0.019807    -0.900614
-0.01868    -0.899038
-0.0175557    -0.897459
-0.0164341    -0.895877
-0.0153152    -0.894292
-0.014199    -0.892705
-0.0130856    -0.891114
-0.0119748    -0.889519
-0.0108668    -0.887922
-0.00976147    -0.886322
-0.00865884    -0.884719
-0.00755891    -0.883113
-0.00646168    -0.881504
-0.00536715    -0.879891
-0.00427531    -0.878276
-0.00318616    -0.876658
-0.0020997    -0.875037
-0.00101593    -0.873413
6.51604e-05    -0.871786
0.00114357    -0.870156
0.00221929    -0.868523
0.00329234    -0.866887
0.00436271    -0.865248
0.00543041    -0.863606
0.00649544    -0.861961
0.0075578    -0.860313
0.0086175    -0.858663
0.00967453    -0.857009
0.0107289    -0.855352
0.0117806    -0.853693
0.0128297    -0.852031
0.0138761    -0.850366
0.0149199    -0.848698
0.015961    -0.847027
0.0169994    -0.845353
0.0180353    -0.843676
0.0190684    -0.841997
0.020099    -0.840315
0.0211269    -0.838629
0.0221522    -0.836942
0.0231749    -0.835251
0.0241949    -0.833557
0.0252123    -0.831861
0.0262271    -0.830161
0.0272393    -0.828459
0.0282489    -0.826754
0.0292558    -0.825047
0.0302602    -0.823336
0.0312619    -0.821623
0.0322611    -0.819907
0.0332576    -0.818189
0.0342516    -0.816467
0.0352429    -0.814743
0.0362317    -0.813016
0.0372179    -0.811286
0.0382015    -0.809554
0.0391825    -0.807819
0.040161    -0.806081
0.0411369    -0.80434
0.0421102    -0.802597
0.0430809    -0.800851
0.0440491    -0.799103
0.0450147    -0.797351
0.0459778    -0.795597
0.0469383    -0.793841
0.0478963    -0.792081
0.0488517    -0.790319
0.0498046    -0.788555
0.0507549    -0.786787
0.0517027    -0.785017
0.052648    -0.783245
0.0535907    -0.78147
0.0545309    -0.779692
0.0554686    -0.777912
0.0564038    -0.776129
0.0573364    -0.774343
0.0582666    -0.772555
0.0591942    -0.770764
0.0601194    -0.768971
0.061042    -0.767175
0.0619621    -0.765376
0.0628798    -0.763575
0.0637949    -0.761772
0.0647076    -0.759965
0.0656178    -0.758157
0.0665255    -0.756346
0.0674308    -0.754532
0.0683335    -0.752716
0.0692338    -0.750897
0.0701317    -0.749075
0.0710271    -0.747252
0.07192    -0.745425
0.0728105    -0.743597
0.0736985    -0.741765
0.0745841    -0.739932
0.0754672    -0.738095
0.0763479    -0.736257
0.0772262    -0.734416
0.0781021    -0.732572
0.0789755    -0.730726
0.0798465    -0.728878
0.0807151    -0.727027
0.0815813    -0.725174
0.0824451    -0.723318
0.0833065    -0.72146
0.0841655    -0.719599
0.085022    -0.717736
0.0858762    -0.715871
0.086728    -0.714003
0.0875775    -0.712133
0.0884245    -0.710261
0.0892692    -0.708386
0.0901115    -0.706509
0.0909515    -0.704629
0.091789    -0.702747
0.0926243    -0.700863
0.0934571    -0.698976
0.0942877    -0.697088
0.0951158    -0.695196
0.0959417    -0.693303
0.0967652    -0.691407
0.0975864    -0.689509
0.0984052    -0.687608
0.0992218    -0.685706
0.100036    -0.683801
0.100848    -0.681893
0.101658    -0.679984
0.102465    -0.678072
0.10327    -0.676158
0.104073    -0.674242
0.104873    -0.672323
0.105671    -0.670402
0.106467    -0.668479
0.10726    -0.666554
0.108052    -0.664627
0.108841    -0.662697
0.109628    -0.660765
0.110412    -0.658831
0.111194    -0.656895
0.111974    -0.654956
0.112752    -0.653016
0.113528    -0.651073
0.114301    -0.649128
0.115072    -0.647181
0.115841    -0.645231
0.116608    -0.64328
0.117372    -0.641326
0.118134    -0.63937
0.118894    -0.637413
0.119652    -0.635453
0.120408    -0.63349
0.121161    -0.631526
0.121912    -0.62956
0.122661    -0.627592
0.123408    -0.625621
0.124153    -0.623648
0.124896    -0.621674
0.125636    -0.619697
0.126374    -0.617718
0.12711    -0.615737
0.127844    -0.613755
0.128576    -0.61177
0.129306    -0.609783
0.130033    -0.607794
0.130759    -0.605802
0.131482    -0.603809
0.132203    -0.601814
0.132922    -0.599817
0.133639    -0.597818
0.134354    -0.595817
0.135067    -0.593814
0.135777    -0.591809
0.136486    -0.589802
0.137193    -0.587793
0.137897    -0.585782
0.138599    -0.583769
0.1393    -0.581754
0.139998    -0.579737
0.140694    -0.577719
0.141388    -0.575698
0.142081    -0.573675
0.142771    -0.571651
0.143459    -0.569625
0.144145    -0.567596
0.144829    -0.565566
0.145511    -0.563534
0.146191    -0.5615
0.146869    -0.559464
0.147545    -0.557426
0.148219    -0.555387
0.148891    -0.553345
0.149561    -0.551302
0.150229    -0.549257
0.150895    -0.54721
0.151559    -0.545161
0.152221    -0.543111
0.152882    -0.541058
0.15354    -0.539004
0.154196    -0.536948
0.154851    -0.53489
0.155503    -0.53283
0.156154    -0.530769
0.156802    -0.528706
0.157449    -0.526641
0.158094    -0.524574
0.158737    -0.522505
0.159378    -0.520435
0.160017    -0.518363
0.160654    -0.516289
0.161289    -0.514214
0.161923    -0.512137
0.162554    -0.510058
0.163184    -0.507977
0.163812    -0.505895
0.164438    -0.503811
0.165062    -0.501725
0.165685    -0.499638
0.166305    -0.497549
0.166924    -0.495458
0.167541    -0.493366
0.168156    -0.491271
0.168769    -0.489176
0.16938    -0.487078
0.16999    -0.484979
0.170598    -0.482879
0.171204    -0.480776
0.171808    -0.478673
0.172411    -0.476567
0.173011    -0.47446
0.17361    -0.472351
0.174208    -0.470241
0.174803    -0.468129
0.175397    -0.466016
0.175989    -0.463901
0.176579    -0.461784
0.177168    -0.459666
0.177754    -0.457546
0.178339    -0.455425
0.178923    -0.453302
0.179504    -0.451178
0.180084    -0.449052
0.180663    -0.446925
0.181239    -0.444796
0.181814    -0.442666
0.182388    -0.440534
0.182959    -0.4384
0.183529    -0.436266
0.184097    -0.434129
0.184664    -0.431991
0.185229    -0.429852
0.185792    -0.427712
0.186354    -0.425569
0.186914    -0.423426
0.187473    -0.421281
0.18803    -0.419134
0.188585    -0.416987
0.189139    -0.414837
0.189691    -0.412687
0.190241    -0.410535
0.19079    -0.408381
0.191338    -0.406226
0.191884    -0.40407
0.192428    -0.401912
0.192971    -0.399753
0.193512    -0.397593
0.194051    -0.395431
0.194589    -0.393268
0.195126    -0.391104
0.195661    -0.388938
0.196195    -0.386771
0.196727    -0.384603
0.197257    -0.382433
0.197786    -0.380262
0.198314    -0.37809
0.19884    -0.375917
0.199364    -0.373742
0.199888    -0.371566
0.200409    -0.369388
0.200929    -0.36721
0.201448    -0.36503
0.201966    -0.362849
0.202481    -0.360667
0.202996    -0.358483
0.203509    -0.356298
0.204021    -0.354112
0.204531    -0.351925
0.20504    -0.349737
0.205547    -0.347547
0.206053    -0.345356
0.206558    -0.343164
0.207061    -0.340971
0.207563    -0.338777
0.208063    -0.336581
0.208563    -0.334384
0.209061    -0.332187
0.209557    -0.329988
0.210052    -0.327788
0.210546    -0.325586
0.211039    -0.323384
0.21153    -0.321181
0.21202    -0.318976
0.212508    -0.316771
0.212996    -0.314564
0.213482    -0.312356
0.213966    -0.310147
0.21445    -0.307937
0.214932    -0.305726
0.215413    -0.303514
0.215893    -0.301301
0.216371    -0.299087
0.216848    -0.296872
0.217324    -0.294656
0.217799    -0.292438
0.218273    -0.29022
0.218745    -0.288001
0.219216    -0.285781
0.219686    -0.28356
0.220155    -0.281337
0.220622    -0.279114
0.221089    -0.27689
0.221554    -0.274665
0.222018    -0.272439
0.222481    -0.270212
0.222942    -0.267984
0.223403    -0.265755
0.223862    -0.263526
0.224321    -0.261295
0.224778    -0.259064
0.225234    -0.256831
0.225689    -0.254598
0.226143    -0.252364
0.226596    -0.250128
0.227047    -0.247892
0.227498    -0.245656
0.227948    -0.243418
0.228396    -0.241179
0.228843    -0.23894
0.22929    -0.2367
0.229735    -0.234459
0.230179    -0.232217
0.230623    -0.229974
0.231065    -0.227731
0.231506    -0.225487
0.231946    -0.223242
0.232386    -0.220996
0.232824    -0.218749
0.233261    -0.216502
0.233697    -0.214254
0.234133    -0.212005
0.234567    -0.209755
0.235    -0.207505
0.235433    -0.205254
0.235864    -0.203002
0.236295    -0.20075
0.236725    -0.198496
0.237153    -0.196242
0.237581    -0.193988
0.238008    -0.191733
0.238434    -0.189477
0.238859    -0.18722
0.239283    -0.184963
0.239707    -0.182705
0.240129    -0.180446
0.240551    -0.178187
0.240971    -0.175927
0.241391    -0.173667
0.24181    -0.171406
0.242229    -0.169144
0.242646    -0.166882
0.243063    -0.164619
0.243478    -0.162356
0.243893    -0.160092
0.244307    -0.157827
0.244721    -0.155562
0.245133    -0.153297
0.245545    -0.15103
0.245956    -0.148764
0.246367    -0.146496
0.246776    -0.144229
0.247185    -0.14196
0.247593    -0.139692
0.248    -0.137422
0.248407    -0.135153
0.248813    -0.132882
0.249218    -0.130612
0.249623    -0.12834
0.250026    -0.126069
0.25043    -0.123797
0.250832    -0.121524
0.251234    -0.119251
0.251635    -0.116978
0.252035    -0.114704
0.252435    -0.11243
0.252834    -0.110155
0.253233    -0.10788
0.253631    -0.105604
0.254028    -0.103329
0.254425    -0.101052
0.254821    -0.0987759
0.255216    -0.096499
0.255611    -0.0942218
0.256006    -0.0919442
0.256399    -0.0896663
0.256793    -0.0873881
0.257185    -0.0851095
0.257577    -0.0828306
0.257969    -0.0805515
0.25836    -0.078272
0.25875    -0.0759923
0.25914    -0.0737122
0.25953    -0.0714319
0.259919    -0.0691514
0.260307    -0.0668706
0.260695    -0.0645895
0.261083    -0.0623082
0.26147    -0.0600267
0.261856    -0.0577449
0.262242    -0.055463
0.262628    -0.0531808
0.263013    -0.0508984
0.263398    -0.0486159
0.263782    -0.0463331
0.264166    -0.0440502
0.26455    -0.0417672
0.264933    -0.0394839
0.265316    -0.0372005
0.265698    -0.034917
0.26608    -0.0326333
0.266461    -0.0303495
0.266843    -0.0280656
0.267224    -0.0257816
0.267604    -0.0234974
0.267984    -0.0212132
0.268364    -0.0189289
0.268744    -0.0166445
0.269123    -0.01436
0.269502    -0.0120755
0.26988    -0.00979091
0.270258    -0.00750628
0.270636    -0.0052216
0.271014    -0.0029369
0.271392    -0.000652166
0.271769    0.00163258
0.272146    0.00391733
0.272522    0.00620209
0.272899    0.00848683
0.273275    0.0107716
0.273651    0.0130563
0.274027    0.0153409
0.274402    0.0176256
0.274778    0.0199102
0.275153    0.0221947
0.275528    0.0244792
0.275902    0.0267635
0.276277    0.0290479
0.276651    0.0313321
0.277026    0.0336162
0.2774    0.0359002
0.277774    0.0381842
0.278148    0.0404679
0.278521    0.0427516
0.278895    0.0450351
0.279269    0.0473185
0.279642    0.0496018
0.280015    0.0518848
0.280389    0.0541677
0.280762    0.0564505
0.281135    0.058733
0.281508    0.0610154
0.281881    0.0632975
0.282254    0.0655795
0.282627    0.0678612
0.283    0.0701427
0.283372    0.072424
0.283745    0.074705
0.284118    0.0769858
0.284491    0.0792663
0.284864    0.0815466
0.285237    0.0838266
0.28561    0.0861063
0.285982    0.0883857
0.286355    0.0906648
0.286728    0.0929437
0.287101    0.0952222
0.287475    0.0975004
0.287848    0.0997782
0.288221    0.102056
0.288594    0.104333
0.288968    0.10661
0.289341    0.108886
0.289715    0.111162
0.290089    0.113438
0.290463    0.115713
0.290837    0.117988
0.291211    0.120263
0.291585    0.122537
0.29196    0.124811
0.292335    0.127084
0.29271    0.129357
0.293085    0.131629
0.29346    0.133901
0.293835    0.136173
0.294211    0.138444
0.294587    0.140715
0.294963    0.142985
0.295339    0.145254
0.295716    0.147523
0.296092    0.149792
0.29647    0.15206
0.296847    0.154328
0.297224    0.156595
0.297602    0.158861
0.29798    0.161127
0.298359    0.163393
0.298738    0.165658
0.299117    0.167922
0.299496    0.170186
0.299876    0.172449
0.300256    0.174711
0.300636    0.176973
0.301017    0.179235
0.301398    0.181495
0.301779    0.183755
0.302161    0.186015
0.302543    0.188274
0.302926    0.190532
0.303309    0.192789
0.303692    0.195046
0.304076    0.197303
0.30446    0.199558
0.304845    0.201813
0.30523    0.204067
0.305615    0.20632
0.306001    0.208573
0.306388    0.210825
0.306775    0.213076
0.307162    0.215327
0.30755    0.217577
0.307938    0.219826
0.308327    0.222074
0.308717    0.224322
0.309106    0.226568
0.309497    0.228814
0.309888    0.23106
0.310279    0.233304
0.310671    0.235548
0.311064    0.23779
0.311457    0.240032
0.311851    0.242273
0.312245    0.244514
0.31264    0.246753
0.313035    0.248992
0.313431    0.251229
0.313828    0.253466
0.314225    0.255702
0.314623    0.257937
0.315022    0.260172
0.315421    0.262405
0.315821    0.264637
0.316221    0.266869
0.316622    0.269099
0.317024    0.271329
0.317427    0.273558
0.31783    0.275785
0.318234    0.278012
0.318638    0.280238
0.319043    0.282463
0.31945    0.284687
0.319856    0.28691
0.320264    0.289132
0.320672    0.291352
0.321081    0.293572
0.321491    0.295791
0.321901    0.298009
0.322312    0.300226
0.322724    0.302442
0.323137    0.304656
0.323551    0.30687
0.323965    0.309083
0.324381    0.311294
0.324797    0.313505
0.325214    0.315714
0.325631    0.317922
0.32605    0.32013
0.326469    0.322336
0.32689    0.324541
0.327311    0.326745
0.327733    0.328947
0.328156    0.331149
0.32858    0.333349
0.329004    0.335549
0.32943    0.337747
0.329857    0.339944
0.330284    0.342139
0.330712    0.344334
0.331142    0.346527
0.331572    0.34872
0.332003    0.350911
0.332435    0.3531
0.332869    0.355289
0.333303    0.357476
0.333738    0.359662
0.334174    0.361847
0.334611    0.364031
0.335049    0.366213
0.335488    0.368394
0.335928    0.370574
0.33637    0.372752
0.336812    0.374929
0.337255    0.377105
0.337699    0.37928
0.338145    0.381453
0.338591    0.383625
0.339039    0.385796
0.339487    0.387965
0.339937    0.390133
0.340388    0.3923
0.34084    0.394465
0.341293    0.396629
0.341747    0.398791
0.342202    0.400952
0.342658    0.403112
0.343116    0.40527
0.343575    0.407427
0.344034    0.409583
0.344496    0.411737
0.344958    0.41389
0.345421    0.416041
0.345886    0.418191
0.346351    0.420339
0.346818    0.422486
0.347286    0.424631
0.347756    0.426775
0.348226    0.428918
0.348698    0.431059
0.349171    0.433198
0.349646    0.435336
0.350121    0.437473
0.350598    0.439608
0.351076    0.441741
0.351556    0.443873
0.352036    0.446004
0.352518    0.448133
0.353002    0.45026
0.353486    0.452386
0.353972    0.45451
0.35446    0.456632
0.354948    0.458753
0.355438    0.460873
0.355929    0.462991
0.356422    0.465107
0.356916    0.467221
0.357411    0.469334
0.357908    0.471446
0.358406    0.473556
0.358905    0.475664
0.359406    0.47777
0.359909    0.479875
0.360412    0.481978
0.360918    0.48408
0.361424    0.486179
0.361932    0.488278
0.362441    0.490374
0.362952    0.492469
0.363465    0.494562
0.363978    0.496653
0.364494    0.498743
0.365011    0.500831
0.365529    0.502917
0.366048    0.505001
0.36657    0.507084
0.367092    0.509165
0.367617    0.511244
0.368142    0.513321
0.36867    0.515397
0.369199    0.517471
0.369729    0.519543
0.370261    0.521613
0.370794    0.523681
0.371329    0.525748
0.371866    0.527813
0.372404    0.529876
0.372944    0.531937
0.373485    0.533996
0.374028    0.536053
0.374573    0.538109
0.375119    0.540163
0.375667    0.542215
0.376216    0.544265
0.376767    0.546313
0.37732    0.548359
0.377874    0.550403
0.378431    0.552446
0.378988    0.554486
0.379548    0.556525
0.380109    0.558561
0.380671    0.560596
0.381236    0.562629
0.381802    0.56466
0.38237    0.566688
0.382939    0.568715
0.38351    0.57074
0.384083    0.572763
0.384658    0.574784
0.385235    0.576803
0.385813    0.57882
0.386393    0.580835
0.386974    0.582848
0.387558    0.584859
0.388143    0.586868
0.38873    0.588875
0.389319    0.59088
0.38991    0.592883
0.390502    0.594883
0.391096    0.596882
0.391692    0.598879
0.39229    0.600873
0.39289    0.602866
0.393491    0.604856
0.394095    0.606845
0.3947    0.608831
0.395307    0.610815
0.395916    0.612797
0.396527    0.614777
0.397139    0.616754
0.397754    0.61873
0.39837    0.620704
0.398989    0.622675
0.399609    0.624644
0.400231    0.626611
0.400855    0.628576
0.401481    0.630538
0.402109    0.632499
0.402739    0.634457
0.403371    0.636413
0.404004    0.638367
0.40464    0.640319
0.405278    0.642268
0.405917    0.644215
0.406559    0.64616
0.407203    0.648103
0.407848    0.650043
0.408496    0.651982
0.409145    0.653918
0.409797    0.655851
0.41045    0.657783
0.411106    0.659712
0.411764    0.661639
0.412423    0.663563
0.413085    0.665486
0.413749    0.667406
0.414415    0.669323
0.415082    0.671238
0.415752    0.673151
0.416424    0.675062
0.417098    0.67697
0.417774    0.678876
0.418453    0.68078
0.419133    0.682681
0.419815    0.68458
0.4205    0.686476
0.421187    0.688371
0.421875    0.690262
0.422566    0.692152
0.423259    0.694038
0.423954    0.695923
0.424652    0.697805
0.425351    0.699685
0.426053    0.701562
0.426757    0.703437
0.427462    0.705309
0.428171    0.707179
0.428881    0.709046
0.429593    0.710911
0.430308    0.712773
0.431025    0.714633
0.431744    0.716491
0.432465    0.718346
0.433189    0.720198
0.433915    0.722048
0.434642    0.723896
0.435373    0.725741
0.436105    0.727583
0.43684    0.729423
0.437577    0.73126
0.438316    0.733095
0.439057    0.734927
0.439801    0.736757
0.440547    0.738584
0.441295    0.740409
0.442046    0.742231
0.442799    0.74405
0.443554    0.745867
0.444311    0.747681
0.445071    0.749492
0.445833    0.751301
0.446598    0.753107
0.447364    0.754911
0.448133    0.756712
0.448905    0.75851
0.449679    0.760306
0.450455    0.762099
0.451233    0.763889
0.452014    0.765677
0.452797    0.767462
0.453583    0.769244
0.454371    0.771024
0.455161    0.772801
0.455954    0.774575
0.456749    0.776347
0.457546    0.778115
0.458346    0.779882
0.459148    0.781645
0.459953    0.783405
0.46076    0.785163
0.46157    0.786918
0.462382    0.788671
0.463196    0.79042
0.464013    0.792167
0.464832    0.793911
0.465654    0.795652
0.466478    0.79739
0.467305    0.799126
0.468134    0.800859
0.468966    0.802589
0.4698    0.804316
0.470637    0.80604
0.471476    0.807761
0.472317    0.80948
0.473161    0.811196
0.474008    0.812908
0.474857    0.814618
0.475709    0.816325
0.476563    0.81803
0.477419    0.819731
0.478279    0.821429
0.47914    0.823125
0.480004    0.824818
0.480871    0.826507
0.481741    0.828194
0.482612    0.829878
0.483487    0.831559
0.484364    0.833237
0.485244    0.834912
0.486126    0.836584
0.48701    0.838253
0.487898    0.839919
0.488788    0.841582
0.48968    0.843242
0.490575    0.844899
0.491473    0.846554
0.492373    0.848205
0.493276    0.849853
0.494182    0.851498
0.49509    0.85314
0.496    0.854779
0.496914    0.856415
0.49783    0.858048
0.498749    0.859678
0.49967    0.861304
0.500594    0.862928
0.50152    0.864549
0.50245    0.866166
0.503382    0.867781
0.504316    0.869392
0.505253    0.871
0.506193    0.872605
0.507136    0.874207
0.508081    0.875806
0.509029    0.877402
0.50998    0.878994
0.510933    0.880584
0.511889    0.88217
0.512848    0.883753
0.51381    0.885333
0.514774    0.88691
0.515741    0.888483
0.51671    0.890054
0.517683    0.891621
0.518658    0.893185
0.519635    0.894745
0.520616    0.896303
0.521599    0.897857
0.522585    0.899408
0.523574    0.900956
0.524566    0.9025
0.52556    0.904042
0.526557    0.90558
0.527557    0.907114
0.528559    0.908646
0.529565    0.910174
0.530573    0.911699
0.531584    0.91322
0.532597    0.914738
0.533614    0.916253
0.534633    0.917765
0.535655    0.919273
0.53668    0.920778
0.537708    0.922279
0.538738    0.923778
0.539771    0.925272
0.540807    0.926764
0.541846    0.928252
0.542888    0.929736
0.543933    0.931218
0.54498    0.932696
0.54603    0.93417
0.547083    0.935641
0.548139    0.937109
0.549198    0.938573
0.550259    0.940033
0.551324    0.941491
0.552391    0.942945
0.553461    0.944395
0.554534    0.945842
0.55561    0.947285
0.556688    0.948725
0.55777    0.950161
0.558854    0.951594
0.559942    0.953024
0.561032    0.95445
0.562125    0.955872
0.563221    0.957291
0.564319    0.958706
0.565421    0.960118
0.566526    0.961526
0.567633    0.962931
0.568743    0.964332
0.569857    0.965729
0.570973    0.967123
0.572092    0.968514
0.573214    0.9699
0.574339    0.971283
0.575467    0.972663
0.576597    0.974039
0.577731    0.975411
0.578867    0.976779
0.580007    0.978144
0.581149    0.979506
0.582295    0.980863
0.583443    0.982217
0.584594    0.983568
0.585748    0.984914
0.586905    0.986257
0.588065    0.987596
0.589228    0.988932
0.590394    0.990263
0.591563    0.991591
0.592735    0.992916
0.593909    0.994236
0.595087    0.995553
0.596268    0.996866
0.597451    0.998176
0.598638    0.999481
0.599827    1.00078
0.60102    1.00208
0.602215    1.00337
0.603414    1.00467
0.604615    1.00595
0.60582    1.00723
0.607027    1.00851
0.608237    1.00979
0.609451    1.01106
0.610667    1.01233
0.611886    1.01359
0.613109    1.01485
0.614334    1.01611
0.615562    1.01736
0.616793    1.01861
0.618028    1.01985
0.619265    1.02109
0.620505    1.02233
0.621748    1.02356
0.622994    1.02479
0.624244    1.02601
0.625496    1.02723
0.626751    1.02845
0.628009    1.02966
0.62927    1.03087
0.630535    1.03207
0.631802    1.03327
0.633072    1.03447
0.634345    1.03566
0.635622    1.03685
0.636901    1.03804
0.638183    1.03922
0.639469    1.04039
0.640757    1.04157
0.642048    1.04273
0.643343    1.0439
0.64464    1.04506
0.64594    1.04622
0.647244    1.04737
0.64855    1.04852
0.64986    1.04966
0.651172    1.0508
0.652488    1.05193
0.653806    1.05307
0.655128    1.05419
0.656453    1.05532
0.65778    1.05644
0.659111    1.05755
0.660445    1.05866
0.661781    1.05977
0.663121    1.06087
0.664464    1.06197
0.66581    1.06306
0.667159    1.06415
0.66851    1.06524
0.669865    1.06632
0.671223    1.0674
0.672584    1.06847
0.673948    1.06954
0.675315    1.0706
0.676685    1.07166
0.678059    1.07272
0.679435    1.07377
0.680814    1.07481
0.682196    1.07586
0.683581    1.0769
0.68497    1.07793
0.686361    1.07896
0.687755    1.07999
0.689153    1.08101
0.690553    1.08202
0.691957    1.08304
0.693363    1.08404
0.694773    1.08505
0.696185    1.08605
0.697601    1.08704
0.699019    1.08803
0.700441    1.08902
0.701866    1.09
0.703293    1.09098
0.704724    1.09195
0.706158    1.09292
0.707595    1.09388
0.709034    1.09484
0.710477    1.09579
0.711923    1.09674
