0.282796    -1.25563
0.28508    -1.25504
0.287363    -1.25445
0.289645    -1.25385
0.291925    -1.25325
0.294204    -1.25264
0.296482    -1.25202
0.298758    -1.2514
0.301033    -1.25077
0.303306    -1.25014
0.305579    -1.2495
0.307849    -1.24885
0.310118    -1.2482
0.312386    -1.24754
0.314652    -1.24687
0.316917    -1.2462
0.31918    -1.24553
0.321442    -1.24484
0.323702    -1.24415
0.325961    -1.24346
0.328218    -1.24275
0.330473    -1.24204
0.332727    -1.24133
0.33498    -1.24061
0.33723    -1.23988
0.339479    -1.23915
0.341726    -1.23841
0.343972    -1.23766
0.346216    -1.23691
0.348458    -1.23616
0.350699    -1.23539
0.352937    -1.23462
0.355174    -1.23385
0.35741    -1.23306
0.359643    -1.23228
0.361875    -1.23148
0.364104    -1.23068
0.366332    -1.22988
0.368559    -1.22906
0.370783    -1.22825
0.373005    -1.22742
0.375226    -1.22659
0.377444    -1.22576
0.379661    -1.22491
0.381876    -1.22407
0.384089    -1.22321
0.386299    -1.22235
0.388508    -1.22148
0.390715    -1.22061
0.39292    -1.21973
0.395123    -1.21885
0.397323    -1.21796
0.399522    -1.21706
0.401719    -1.21616
0.403913    -1.21525
0.406106    -1.21434
0.408296    -1.21342
0.410484    -1.21249
0.41267    -1.21156
0.414854    -1.21062
0.417036    -1.20968
0.419215    -1.20873
0.421393    -1.20778
0.423568    -1.20681
0.425741    -1.20585
0.427911    -1.20487
0.43008    -1.2039
0.432246    -1.20291
0.43441    -1.20192
0.436571    -1.20092
0.438731    -1.19992
0.440887    -1.19891
0.443042    -1.1979
0.445194    -1.19688
0.447344    -1.19585
0.449491    -1.19482
0.451637    -1.19379
0.453779    -1.19274
0.455919    -1.1917
0.458057    -1.19064
0.460193    -1.18958
0.462325    -1.18852
0.464456    -1.18744
0.466584    -1.18637
0.468709    -1.18528
0.470832    -1.18419
0.472952    -1.1831
0.47507    -1.182
0.477186    -1.18089
0.479298    -1.17978
0.481408    -1.17867
0.483516    -1.17754
0.485621    -1.17641
0.487723    -1.17528
0.489823    -1.17414
0.49192    -1.173
0.494014    -1.17185
0.496106    -1.17069
0.498195    -1.16953
0.500281    -1.16836
0.502364    -1.16719
0.504445    -1.16601
0.506523    -1.16482
0.508599    -1.16363
0.510671    -1.16244
0.512741    -1.16124
0.514808    -1.16003
0.516872    -1.15882
0.518934    -1.1576
0.520992    -1.15638
0.523048    -1.15515
0.525101    -1.15391
0.527151    -1.15267
0.529198    -1.15143
0.531243    -1.15018
0.533284    -1.14892
0.535323    -1.14766
0.537358    -1.1464
0.539391    -1.14512
0.541421    -1.14385
0.543447    -1.14256
0.545471    -1.14127
0.547492    -1.13998
0.54951    -1.13868
0.551524    -1.13738
0.553536    -1.13607
0.555545    -1.13475
0.557551    -1.13343
0.559553    -1.13211
0.561553    -1.13078
0.56355    -1.12944
0.565543    -1.1281
0.567533    -1.12675
0.569521    -1.1254
0.571505    -1.12404
0.573486    -1.12268
0.575464    -1.12131
0.577439    -1.11994
0.57941    -1.11856
0.581379    -1.11718
0.583344    -1.11579
0.585306    -1.11439
0.587265    -1.11299
0.58922    -1.11159
0.591173    -1.11018
0.593122    -1.10877
0.595068    -1.10735
0.597011    -1.10592
0.59895    -1.10449
0.600886    -1.10306
0.602819    -1.10162
0.604749    -1.10017
0.606675    -1.09872
0.608598    -1.09726
0.610518    -1.0958
0.612434    -1.09434
0.614347    -1.09287
0.616257    -1.09139
0.618163    -1.08991
0.620066    -1.08843
0.621965    -1.08694
0.623861    -1.08544
0.625754    -1.08394
0.627643    -1.08243
0.629529    -1.08092
0.631412    -1.07941
0.633291    -1.07789
0.635166    -1.07636
0.637038    -1.07483
0.638907    -1.0733
0.640772    -1.07176
0.642634    -1.07021
0.644492    -1.06866
0.646346    -1.06711
0.648198    -1.06555
0.650045    -1.06399
0.651889    -1.06242
0.65373    -1.06084
0.655567    -1.05927
0.6574    -1.05768
0.65923    -1.0561
0.661057    -1.0545
0.662879    -1.0529
0.664698    -1.0513
0.666514    -1.0497
0.668326    -1.04808
0.670134    -1.04647
0.671939    -1.04485
0.67374    -1.04322
0.675537    -1.04159
0.677331    -1.03996
0.679121    -1.03832
0.680908    -1.03667
0.68269    -1.03502
0.684469    -1.03337
0.686245    -1.03171
0.688016    -1.03005
0.689784    -1.02838
0.691549    -1.02671
0.693309    -1.02503
0.695066    -1.02335
0.696819    -1.02167
0.698569    -1.01998
0.700314    -1.01828
0.702056    -1.01658
0.703794    -1.01488
0.705528    -1.01317
0.707259    -1.01146
0.708986    -1.00974
0.710709    -1.00802
0.712428    -1.00629
0.714143    -1.00456
0.715855    -1.00283
0.717562    -1.00109
0.719266    -0.999346
0.720966    -0.997598
0.722663    -0.995846
0.724355    -0.994089
0.726044    -0.992328
0.727728    -0.990563
0.729409    -0.988794
0.731086    -0.98702
0.732759    -0.985242
0.734428    -0.98346
0.736093    -0.981673
0.737755    -0.979882
0.739412    -0.978087
0.741066    -0.976288
0.742715    -0.974484
0.744361    -0.972676
0.746003    -0.970864
0.747641    -0.969048
0.749275    -0.967228
0.750904    -0.965403
0.75253    -0.963575
0.754153    -0.961742
0.755771    -0.959905
0.757385    -0.958064
0.758995    -0.956219
0.760601    -0.95437
0.762203    -0.952517
0.763801    -0.950659
0.765396    -0.948798
0.766986    -0.946932
0.768572    -0.945063
0.770154    -0.943189
0.771732    -0.941312
0.773306    -0.939431
0.774877    -0.937545
0.776443    -0.935656
0.778005    -0.933762
0.779563    -0.931865
0.781117    -0.929964
0.782667    -0.928058
0.784212    -0.926149
0.785754    -0.924236
0.787292    -0.922319
0.788826    -0.920399
0.790355    -0.918474
0.791881    -0.916546
0.793402    -0.914613
0.794919    -0.912677
0.796433    -0.910737
0.797942    -0.908793
0.799447    -0.906846
0.800948    -0.904894
0.802445    -0.902939
0.803937    -0.900981
0.805426    -0.899018
0.806911    -0.897052
0.808391    -0.895081
0.809867    -0.893108
0.811339    -0.89113
0.812807    -0.889149
0.814271    -0.887164
0.815731    -0.885176
0.817187    -0.883184
0.818638    -0.881188
0.820085    -0.879189
0.821528    -0.877186
0.822967    -0.875179
0.824402    -0.873169
0.825833    -0.871155
0.827259    -0.869138
0.828682    -0.867117
0.8301    -0.865092
0.831514    -0.863064
0.832923    -0.861033
0.834329    -0.858998
0.83573    -0.856959
0.837128    -0.854917
0.838521    -0.852872
0.839909    -0.850823
0.841294    -0.848771
0.842675    -0.846715
0.844051    -0.844656
0.845423    -0.842593
0.846791    -0.840527
0.848154    -0.838458
0.849514    -0.836385
0.850869    -0.834309
0.85222    -0.83223
0.853567    -0.830147
0.854909    -0.828061
0.856247    -0.825971
0.857582    -0.823879
0.858911    -0.821782
0.860237    -0.819683
0.861558    -0.817581
0.862876    -0.815475
0.864189    -0.813366
0.865497    -0.811253
0.866802    -0.809138
0.868102    -0.807019
0.869398    -0.804897
0.87069    -0.802772
0.871977    -0.800644
0.873261    -0.798512
0.87454    -0.796378
0.875814    -0.79424
0.877085    -0.792099
0.878351    -0.789955
0.879613    -0.787808
0.880871    -0.785658
0.882124    -0.783505
0.883374    -0.781348
0.884619    -0.779189
0.885859    -0.777026
0.887096    -0.774861
0.888328    -0.772692
0.889556    -0.770521
0.89078    -0.768347
0.891999    -0.766169
0.893214    -0.763989
0.894425    -0.761805
0.895632    -0.759619
0.896834    -0.75743
0.898032    -0.755237
0.899226    -0.753042
0.900416    -0.750844
0.901601    -0.748643
0.902782    -0.74644
0.903959    -0.744233
0.905132    -0.742023
0.9063    -0.739811
0.907464    -0.737596
0.908624    -0.735378
0.909779    -0.733157
0.91093    -0.730933
0.912077    -0.728707
0.91322    -0.726478
0.914358    -0.724246
0.915492    -0.722011
0.916622    -0.719774
0.917748    -0.717534
0.918869    -0.715291
0.919986    -0.713045
0.921099    -0.710797
0.922207    -0.708546
0.923312    -0.706292
0.924412    -0.704036
0.925507    -0.701777
0.926599    -0.699515
0.927686    -0.697251
0.928769    -0.694984
0.929848    -0.692715
0.930922    -0.690443
0.931992    -0.688168
0.933058    -0.685891
0.93412    -0.683611
0.935177    -0.681329
0.93623    -0.679044
0.937279    -0.676757
0.938324    -0.674467
0.939364    -0.672175
0.9404    -0.66988
0.941432    -0.667583
0.94246    -0.665283
0.943483    -0.662981
0.944502    -0.660676
0.945517    -0.658369
0.946527    -0.656059
0.947534    -0.653747
0.948536    -0.651433
0.949534    -0.649116
0.950527    -0.646797
0.951517    -0.644476
0.952502    -0.642152
0.953483    -0.639826
0.95446    -0.637497
0.955432    -0.635166
0.9564    -0.632833
0.957364    -0.630498
0.958324    -0.62816
0.959279    -0.62582
0.960231    -0.623478
0.961178    -0.621133
0.962121    -0.618786
0.963059    -0.616437
0.963994    -0.614086
0.964924    -0.611733
0.96585    -0.609377
0.966772    -0.607019
0.96769    -0.604659
0.968603    -0.602297
0.969512    -0.599933
0.970417    -0.597566
0.971318    -0.595198
0.972215    -0.592827
0.973107    -0.590454
0.973995    -0.588079
0.974879    -0.585702
0.975759    -0.583323
0.976635    -0.580942
0.977506    -0.578559
0.978374    -0.576173
0.979237    -0.573786
0.980096    -0.571397
0.980951    -0.569005
0.981801    -0.566612
0.982648    -0.564217
0.98349    -0.561819
0.984328    -0.55942
0.985162    -0.557019
0.985992    -0.554616
0.986818    -0.55221
0.987639    -0.549803
0.988457    -0.547394
0.98927    -0.544983
0.990079    -0.542571
0.990884    -0.540156
0.991685    -0.537739
0.992482    -0.535321
0.993275    -0.532901
0.994063    -0.530478
0.994847    -0.528054
0.995628    -0.525629
0.996404    -0.523201
0.997176    -0.520772
0.997944    -0.51834
0.998708    -0.515907
0.999468    -0.513473
1.00022    -0.511036
1.00097    -0.508598
1.00172    -0.506158
1.00247    -0.503716
1.00321    -0.501273
1.00394    -0.498828
1.00467    -0.496381
1.0054    -0.493932
1.00612    -0.491482
1.00684    -0.48903
1.00756    -0.486576
1.00827    -0.484121
1.00897    -0.481664
1.00968    -0.479206
1.01038    -0.476746
1.01107    -0.474284
1.01176    -0.471821
1.01245    -0.469356
1.01313    -0.46689
1.01381    -0.464422
1.01448    -0.461952
1.01515    -0.459481
1.01582    -0.457008
1.01648    -0.454534
1.01714    -0.452059
1.0178    -0.449581
1.01845    -0.447103
1.01909    -0.444623
1.01974    -0.442141
1.02038    -0.439658
1.02101    -0.437173
1.02164    -0.434687
1.02227    -0.4322
1.02289    -0.429711
1.02351    -0.427221
1.02412    -0.424729
1.02474    -0.422236
1.02534    -0.419742
1.02595    -0.417246
1.02655    -0.414749
1.02714    -0.41225
1.02773    -0.40975
1.02832    -0.407249
1.0289    -0.404746
1.02948    -0.402243
1.03006    -0.399737
1.03063    -0.397231
1.0312    -0.394723
1.03176    -0.392214
1.03232    -0.389704
1.03288    -0.387192
1.03343    -0.38468
1.03398    -0.382165
1.03453    -0.37965
1.03507    -0.377134
1.0356    -0.374616
1.03614    -0.372097
1.03667    -0.369577
1.03719    -0.367056
1.03771    -0.364533
1.03823    -0.36201
1.03875    -0.359485
1.03926    -0.356959
1.03976    -0.354432
1.04027    -0.351904
1.04077    -0.349375
1.04126    -0.346845
1.04175    -0.344313
1.04224    -0.341781
1.04272    -0.339247
1.0432    -0.336712
1.04368    -0.334177
1.04415    -0.33164
1.04462    -0.329102
1.04509    -0.326563
1.04555    -0.324023
1.04601    -0.321483
1.04646    -0.318941
1.04691    -0.316398
1.04736    -0.313854
1.0478    -0.311309
1.04824    -0.308763
1.04867    -0.306217
1.04911    -0.303669
1.04953    -0.30112
1.04996    -0.298571
1.05038    -0.296021
1.0508    -0.293469
1.05121    -0.290917
1.05162    -0.288364
1.05203    -0.28581
1.05243    -0.283255
1.05283    -0.280699
1.05322    -0.278143
1.05361    -0.275585
1.054    -0.273027
1.05439    -0.270468
1.05477    -0.267908
1.05514    -0.265347
1.05552    -0.262786
1.05589    -0.260223
1.05625    -0.25766
1.05662    -0.255096
1.05698    -0.252532
1.05733    -0.249966
1.05769    -0.2474
1.05803    -0.244833
1.05838    -0.242266
1.05872    -0.239697
1.05906    -0.237128
1.05939    -0.234559
1.05972    -0.231988
1.06005    -0.229417
1.06038    -0.226845
1.0607    -0.224273
1.06101    -0.2217
1.06133    -0.219126
1.06164    -0.216552
1.06195    -0.213977
1.06225    -0.211401
1.06255    -0.208825
1.06285    -0.206248
1.06314    -0.203671
1.06343    -0.201093
1.06371    -0.198514
1.064    -0.195935
1.06428    -0.193355
1.06455    -0.190775
1.06483    -0.188194
1.06509    -0.185613
1.06536    -0.183031
1.06562    -0.180448
1.06588    -0.177865
1.06614    -0.175282
1.06639    -0.172698
1.06664    -0.170114
1.06689    -0.167529
1.06713    -0.164944
1.06737    -0.162358
1.0676    -0.159772
1.06784    -0.157185
1.06806    -0.154598
1.06829    -0.15201
1.06851    -0.149422
1.06873    -0.146834
1.06895    -0.144245
1.06916    -0.141656
1.06937    -0.139066
1.06958    -0.136476
1.06978    -0.133886
1.06998    -0.131296
1.07018    -0.128705
1.07037    -0.126113
1.07056    -0.123522
1.07075    -0.12093
1.07093    -0.118337
1.07111    -0.115745
1.07129    -0.113152
1.07147    -0.110558
1.07164    -0.107965
1.07181    -0.105371
1.07197    -0.102777
1.07213    -0.100183
1.07229    -0.0975883
1.07245    -0.0949935
1.0726    -0.0923985
1.07275    -0.0898032
1.0729    -0.0872078
1.07304    -0.0846121
1.07318    -0.0820162
1.07332    -0.0794201
1.07345    -0.0768238
1.07358    -0.0742273
1.07371    -0.0716307
1.07383    -0.0690339
1.07396    -0.066437
1.07407    -0.0638399
1.07419    -0.0612426
1.0743    -0.0586453
1.07441    -0.0560478
1.07452    -0.0534501
1.07462    -0.0508524
1.07473    -0.0482546
1.07482    -0.0456567
1.07492    -0.0430587
1.07501    -0.0404606
1.0751    -0.0378624
1.07519    -0.0352642
1.07527    -0.032666
1.07535    -0.0300676
1.07543    -0.0274693
1.0755    -0.0248709
1.07557    -0.0222725
1.07564    -0.0196741
1.07571    -0.0170756
1.07577    -0.0144772
1.07583    -0.0118788
1.07589    -0.00928037
1.07594    -0.00668198
1.076    -0.00408362
1.07604    -0.0014853
1.07609    0.00111298
1.07613    0.00371121
1.07617    0.00630937
1.07621    0.00890747
1.07625    0.0115055
1.07628    0.0141034
1.07631    0.0167013
1.07634    0.019299
1.07636    0.0218967
1.07638    0.0244942
1.0764    0.0270917
1.07641    0.0296889
1.07643    0.0322861
1.07644    0.0348831
1.07645    0.03748
1.07645    0.0400767
1.07645    0.0426732
1.07645    0.0452696
1.07645    0.0478658
1.07644    0.0504618
1.07644    0.0530577
1.07643    0.0556533
1.07641    0.0582487
1.0764    0.0608439
1.07638    0.0634389
1.07636    0.0660336
1.07633    0.0686281
1.07631    0.0712224
1.07628    0.0738164
1.07624    0.0764102
1.07621    0.0790037
1.07617    0.0815969
1.07613    0.0841898
1.07609    0.0867825
1.07605    0.0893748
1.076    0.0919669
1.07595    0.0945587
1.0759    0.0971501
1.07585    0.0997412
1.07579    0.102332
1.07573    0.104922
1.07567    0.107513
1.07561    0.110102
1.07554    0.112692
1.07547    0.115281
1.0754    0.11787
1.07533    0.120458
1.07525    0.123046
1.07517    0.125633
1.07509    0.12822
1.07501    0.130807
1.07492    0.133393
1.07483    0.135979
1.07474    0.138565
1.07465    0.14115
1.07456    0.143734
1.07446    0.146319
1.07436    0.148902
1.07426    0.151486
1.07416    0.154068
1.07405    0.156651
1.07394    0.159233
1.07383    0.161814
1.07372    0.164395
1.0736    0.166975
1.07348    0.169555
1.07336    0.172134
1.07324    0.174713
1.07312    0.177291
1.07299    0.179869
1.07286    0.182446
1.07273    0.185023
1.0726    0.187599
1.07247    0.190175
1.07233    0.19275
1.07219    0.195324
1.07205    0.197898
1.07191    0.200471
1.07176    0.203044
1.07161    0.205616
1.07146    0.208188
1.07131    0.210759
1.07116    0.213329
1.071    0.215898
1.07085    0.218467
1.07069    0.221036
1.07052    0.223604
1.07036    0.226171
1.07019    0.228737
1.07003    0.231303
1.06986    0.233868
1.06968    0.236432
1.06951    0.238996
1.06934    0.241559
1.06916    0.244122
1.06898    0.246683
1.0688    0.249244
1.06861    0.251805
1.06843    0.254364
1.06824    0.256923
1.06805    0.259481
1.06786    0.262038
1.06767    0.264595
1.06747    0.267151
1.06728    0.269706
1.06708    0.27226
1.06688    0.274814
1.06668    0.277367
1.06647    0.279919
1.06627    0.28247
1.06606    0.285021
1.06585    0.28757
1.06564    0.290119
1.06543    0.292667
1.06522    0.295215
1.065    0.297761
1.06478    0.300307
1.06456    0.302852
1.06434    0.305396
1.06412    0.307939
1.06389    0.310481
1.06367    0.313022
1.06344    0.315563
1.06321    0.318103
1.06298    0.320642
1.06275    0.32318
1.06251    0.325717
1.06228    0.328253
1.06204    0.330788
1.0618    0.333322
1.06156    0.335856
1.06132    0.338389
1.06108    0.34092
1.06083    0.343451
1.06058    0.345981
1.06033    0.34851
1.06008    0.351038
1.05983    0.353565
1.05958    0.356091
1.05933    0.358616
1.05907    0.36114
1.05881    0.363663
1.05855    0.366185
1.05829    0.368706
1.05803    0.371227
1.05777    0.373746
1.05751    0.376264
1.05724    0.378781
1.05697    0.381298
1.0567    0.383813
1.05643    0.386327
1.05616    0.38884
1.05589    0.391352
1.05562    0.393863
1.05534    0.396374
1.05506    0.398883
1.05479    0.401391
1.05451    0.403898
1.05423    0.406403
1.05395    0.408908
1.05366    0.411412
1.05338    0.413915
1.05309    0.416416
1.05281    0.418917
1.05252    0.421416
1.05223    0.423915
1.05194    0.426412
1.05165    0.428908
1.05135    0.431403
1.05106    0.433897
1.05077    0.43639
1.05047    0.438881
1.05017    0.441372
1.04987    0.443861
1.04957    0.44635
1.04927    0.448837
1.04897    0.451323
1.04867    0.453807
1.04837    0.456291
1.04806    0.458773
1.04775    0.461255
1.04745    0.463735
1.04714    0.466214
1.04683    0.468692
1.04652    0.471168
1.04621    0.473643
1.0459    0.476118
1.04558    0.478591
1.04527    0.481062
1.04496    0.483533
1.04464    0.486002
1.04432    0.48847
1.044    0.490937
1.04369    0.493403
1.04337    0.495867
1.04305    0.49833
1.04272    0.500792
1.0424    0.503253
1.04208    0.505712
1.04176    0.50817
1.04143    0.510627
1.04111    0.513083
1.04078    0.515537
1.04045    0.51799
1.04012    0.520442
1.0398    0.522892
1.03947    0.525341
1.03914    0.527789
1.0388    0.530236
1.03847    0.532681
1.03814    0.535125
1.03781    0.537567
1.03747    0.540009
1.03714    0.542449
1.0368    0.544887
1.03647    0.547325
1.03613    0.54976
1.03579    0.552195
1.03546    0.554628
1.03512    0.55706
1.03478    0.559491
1.03444    0.56192
1.0341    0.564348
1.03376    0.566774
1.03342    0.569199
1.03307    0.571623
1.03273    0.574045
1.03239    0.576466
1.03204    0.578885
1.0317    0.581304
1.03135    0.58372
1.03101    0.586136
1.03066    0.588549
1.03032    0.590962
1.02997    0.593373
1.02962    0.595783
1.02928    0.598191
1.02893    0.600597
1.02858    0.603003
1.02823    0.605407
1.02788    0.607809
1.02753    0.61021
1.02718    0.61261
1.02683    0.615008
1.02648    0.617404
1.02613    0.6198
1.02578    0.622193
1.02543    0.624585
1.02507    0.626976
1.02472    0.629365
1.02437    0.631753
1.02402    0.63414
1.02366    0.636524
1.02331    0.638908
1.02296    0.641289
1.0226    0.64367
1.02225    0.646048
1.02189    0.648426
1.02154    0.650801
1.02118    0.653176
1.02083    0.655548
1.02047    0.65792
1.02012    0.660289
1.01976    0.662657
1.01941    0.665024
1.01905    0.667389
1.0187    0.669752
1.01834    0.672114
1.01798    0.674475
1.01763    0.676833
1.01727    0.679191
1.01692    0.681546
1.01656    0.6839
1.0162    0.686253
1.01585    0.688604
1.01549    0.690953
1.01513    0.693301
1.01478    0.695647
1.01442    0.697992
1.01407    0.700335
1.01371    0.702676
1.01335    0.705016
1.013    0.707354
1.01264    0.709691
1.01228    0.712026
1.01193    0.714359
1.01157    0.716691
1.01122    0.719021
1.01086    0.72135
1.01051    0.723676
1.01015    0.726002
1.0098    0.728325
1.00944    0.730647
1.00909    0.732967
1.00873    0.735286
1.00838    0.737603
1.00802    0.739918
1.00767    0.742232
1.00732    0.744544
1.00696    0.746854
1.00661    0.749163
1.00626    0.75147
1.0059    0.753775
1.00555    0.756079
1.0052    0.758381
1.00485    0.760681
1.0045    0.762979
1.00414    0.765276
1.00379    0.767571
1.00344    0.769865
1.00309    0.772156
1.00274    0.774447
1.00239    0.776735
1.00205    0.779021
1.0017    0.781306
1.00135    0.783589
1.001    0.785871
1.00066    0.788151
1.00031    0.790429
0.999962    0.792705
0.999617    0.794979
0.999271    0.797252
0.998927    0.799523
0.998583    0.801792
0.998239    0.80406
0.997896    0.806326
0.997553    0.80859
0.997211    0.810852
0.99687    0.813112
0.996529    0.815371
0.996189    0.817628
0.995849    0.819883
0.99551    0.822136
0.995172    0.824388
0.994834    0.826638
0.994497    0.828886
0.99416    0.831132
0.993824    0.833377
0.993489    0.835619
0.993155    0.83786
0.992821    0.840099
0.992488    0.842336
0.992156    0.844572
0.991824    0.846805
0.991493    0.849037
0.991163    0.851267
0.990834    0.853495
0.990505    0.855722
