-0.848645    0.996375
-0.84862    0.994416
-0.848596    0.992456
-0.848575    0.990494
-0.848557    0.988529
-0.84854    0.986562
-0.848525    0.984593
-0.848513    0.982622
-0.848502    0.980649
-0.848494    0.978674
-0.848488    0.976697
-0.848484    0.974717
-0.848482    0.972736
-0.848481    0.970752
-0.848484    0.968767
-0.848488    0.966779
-0.848494    0.964789
-0.848502    0.962797
-0.848512    0.960803
-0.848524    0.958807
-0.848538    0.956809
-0.848554    0.954809
-0.848572    0.952807
-0.848592    0.950802
-0.848614    0.948796
-0.848638    0.946788
-0.848664    0.944777
-0.848691    0.942765
-0.848721    0.940751
-0.848753    0.938734
-0.848786    0.936715
-0.848821    0.934695
-0.848858    0.932672
-0.848897    0.930648
-0.848938    0.928621
-0.848981    0.926593
-0.849025    0.924562
-0.849071    0.922529
-0.849119    0.920495
-0.849169    0.918458
-0.849221    0.91642
-0.849274    0.914379
-0.84933    0.912337
-0.849387    0.910292
-0.849445    0.908246
-0.849506    0.906197
-0.849568    0.904147
-0.849632    0.902094
-0.849697    0.90004
-0.849764    0.897984
-0.849833    0.895925
-0.849904    0.893865
-0.849976    0.891803
-0.85005    0.889739
-0.850125    0.887673
-0.850203    0.885605
-0.850281    0.883535
-0.850362    0.881463
-0.850444    0.87939
-0.850527    0.877314
-0.850612    0.875236
-0.850699    0.873157
-0.850787    0.871076
-0.850877    0.868992
-0.850969    0.866907
-0.851061    0.86482
-0.851156    0.862731
-0.851252    0.86064
-0.851349    0.858547
-0.851448    0.856453
-0.851548    0.854356
-0.85165    0.852258
-0.851753    0.850158
-0.851858    0.848056
-0.851964    0.845952
-0.852072    0.843846
-0.852181    0.841738
-0.852291    0.839629
-0.852403    0.837517
-0.852516    0.835404
-0.85263    0.833289
-0.852746    0.831172
-0.852864    0.829053
-0.852982    0.826933
-0.853102    0.82481
-0.853223    0.822686
-0.853346    0.82056
-0.85347    0.818432
-0.853595    0.816303
-0.853721    0.814171
-0.853849    0.812038
-0.853978    0.809903
-0.854108    0.807766
-0.854239    0.805627
-0.854372    0.803487
-0.854506    0.801345
-0.854641    0.7992
-0.854777    0.797055
-0.854914    0.794907
-0.855053    0.792758
-0.855193    0.790607
-0.855334    0.788454
-0.855476    0.786299
-0.855619    0.784143
-0.855763    0.781985
-0.855909    0.779825
-0.856055    0.777663
-0.856203    0.7755
-0.856352    0.773335
-0.856502    0.771168
-0.856652    0.768999
-0.856804    0.766829
-0.856957    0.764657
-0.857111    0.762483
-0.857266    0.760308
-0.857422    0.758131
-0.857579    0.755952
-0.857737    0.753771
-0.857896    0.751589
-0.858056    0.749405
-0.858217    0.74722
-0.858379    0.745032
-0.858542    0.742843
-0.858705    0.740653
-0.85887    0.73846
-0.859035    0.736266
-0.859202    0.734071
-0.859369    0.731873
-0.859537    0.729674
-0.859706    0.727473
-0.859876    0.725271
-0.860047    0.723067
-0.860219    0.720862
-0.860391    0.718654
-0.860564    0.716445
-0.860738    0.714235
-0.860913    0.712023
-0.861089    0.709809
-0.861265    0.707593
-0.861442    0.705376
-0.86162    0.703158
-0.861799    0.700938
-0.861978    0.698716
-0.862158    0.696492
-0.862339    0.694267
-0.86252    0.69204
-0.862702    0.689812
-0.862885    0.687582
-0.863069    0.685351
-0.863253    0.683118
-0.863437    0.680883
-0.863623    0.678647
-0.863809    0.67641
-0.863996    0.67417
-0.864183    0.67193
-0.864371    0.669687
-0.864559    0.667443
-0.864748    0.665198
-0.864938    0.662951
-0.865128    0.660702
-0.865319    0.658452
-0.86551    0.6562
-0.865702    0.653947
-0.865894    0.651693
-0.866087    0.649436
-0.86628    0.647179
-0.866473    0.64492
-0.866668    0.642659
-0.866862    0.640397
-0.867057    0.638133
-0.867253    0.635868
-0.867449    0.633601
-0.867645    0.631333
-0.867842    0.629063
-0.868039    0.626792
-0.868237    0.624519
-0.868435    0.622245
-0.868633    0.61997
-0.868832    0.617693
-0.869031    0.615414
-0.86923    0.613134
-0.869429    0.610853
-0.869629    0.60857
-0.86983    0.606286
-0.87003    0.604
-0.870231    0.601713
-0.870432    0.599425
-0.870634    0.597135
-0.870835    0.594843
-0.871037    0.592551
-0.871239    0.590256
-0.871441    0.587961
-0.871644    0.585664
-0.871847    0.583365
-0.87205    0.581066
-0.872253    0.578764
-0.872456    0.576462
-0.872659    0.574158
-0.872863    0.571853
-0.873067    0.569546
-0.87327    0.567238
-0.873474    0.564928
-0.873678    0.562618
-0.873883    0.560305
-0.874087    0.557992
-0.874291    0.555677
-0.874495    0.553361
-0.8747    0.551044
-0.874904    0.548725
-0.875109    0.546405
-0.875313    0.544083
-0.875518    0.54176
-0.875722    0.539436
-0.875927    0.537111
-0.876131    0.534784
-0.876336    0.532456
-0.87654    0.530127
-0.876745    0.527796
-0.876949    0.525464
-0.877153    0.523131
-0.877357    0.520796
-0.877561    0.518461
-0.877765    0.516124
-0.877969    0.513785
-0.878173    0.511446
-0.878377    0.509105
-0.87858    0.506763
-0.878783    0.50442
-0.878986    0.502075
-0.879189    0.49973
-0.879392    0.497383
-0.879595    0.495034
-0.879797    0.492685
-0.879999    0.490334
-0.880201    0.487982
-0.880403    0.485629
-0.880604    0.483275
-0.880806    0.48092
-0.881007    0.478563
-0.881207    0.476205
-0.881408    0.473846
-0.881608    0.471486
-0.881807    0.469124
-0.882007    0.466762
-0.882206    0.464398
-0.882405    0.462033
-0.882603    0.459667
-0.882801    0.4573
-0.882999    0.454932
-0.883196    0.452562
-0.883393    0.450192
-0.88359    0.44782
-0.883786    0.445447
-0.883982    0.443073
-0.884177    0.440698
-0.884372    0.438322
-0.884566    0.435944
-0.88476    0.433566
-0.884954    0.431186
-0.885147    0.428806
-0.885339    0.426424
-0.885531    0.424041
-0.885722    0.421657
-0.885913    0.419272
-0.886104    0.416886
-0.886294    0.414499
-0.886483    0.412111
-0.886672    0.409722
-0.88686    0.407332
-0.887047    0.40494
-0.887234    0.402548
-0.887421    0.400155
-0.887607    0.39776
-0.887792    0.395365
-0.887976    0.392968
-0.88816    0.390571
-0.888343    0.388173
-0.888526    0.385773
-0.888708    0.383373
-0.888889    0.380971
-0.889069    0.378569
-0.889249    0.376165
-0.889428    0.373761
-0.889607    0.371356
-0.889784    0.368949
-0.889961    0.366542
-0.890137    0.364134
-0.890313    0.361725
-0.890487    0.359314
-0.890661    0.356903
-0.890834    0.354491
-0.891006    0.352078
-0.891177    0.349665
-0.891348    0.34725
-0.891518    0.344834
-0.891686    0.342417
-0.891854    0.34
-0.892022    0.337582
-0.892188    0.335162
-0.892353    0.332742
-0.892518    0.330321
-0.892681    0.327899
-0.892844    0.325476
-0.893006    0.323052
-0.893166    0.320628
-0.893326    0.318203
-0.893485    0.315776
-0.893643    0.313349
-0.8938    0.310921
-0.893956    0.308492
-0.894111    0.306063
-0.894265    0.303632
-0.894418    0.301201
-0.89457    0.298769
-0.89472    0.296336
-0.89487    0.293903
-0.895019    0.291468
-0.895167    0.289033
-0.895313    0.286597
-0.895459    0.28416
-0.895603    0.281723
-0.895747    0.279284
-0.895889    0.276845
-0.89603    0.274405
-0.89617    0.271965
-0.896309    0.269523
-0.896446    0.267081
-0.896583    0.264638
-0.896718    0.262195
-0.896852    0.259751
-0.896985    0.257306
-0.897117    0.25486
-0.897248    0.252413
-0.897377    0.249966
-0.897505    0.247519
-0.897632    0.24507
-0.897758    0.242621
-0.897882    0.240171
-0.898005    0.237721
-0.898127    0.235269
-0.898247    0.232817
-0.898366    0.230365
-0.898484    0.227912
-0.898601    0.225458
-0.898716    0.223004
-0.89883    0.220549
-0.898942    0.218093
-0.899054    0.215637
-0.899163    0.21318
-0.899272    0.210722
-0.899379    0.208264
-0.899484    0.205805
-0.899589    0.203346
-0.899692    0.200886
-0.899793    0.198426
-0.899893    0.195965
-0.899991    0.193503
-0.900088    0.191041
-0.900184    0.188578
-0.900278    0.186115
-0.900371    0.183651
-0.900462    0.181187
-0.900552    0.178722
-0.90064    0.176256
-0.900726    0.17379
-0.900811    0.171324
-0.900895    0.168857
-0.900977    0.16639
-0.901057    0.163922
-0.901136    0.161453
-0.901213    0.158984
-0.901289    0.156515
-0.901363    0.154045
-0.901436    0.151575
-0.901507    0.149104
-0.901576    0.146633
-0.901643    0.144161
-0.901709    0.141689
-0.901774    0.139216
-0.901836    0.136743
-0.901897    0.13427
-0.901957    0.131796
-0.902014    0.129322
-0.90207    0.126847
-0.902124    0.124372
-0.902177    0.121897
-0.902227    0.119421
-0.902276    0.116945
-0.902324    0.114468
-0.902369    0.111992
-0.902413    0.109514
-0.902455    0.107037
-0.902495    0.104559
-0.902534    0.10208
-0.90257    0.0996018
-0.902605    0.0971228
-0.902638    0.0946435
-0.902669    0.0921639
-0.902698    0.089684
-0.902726    0.0872038
-0.902751    0.0847233
-0.902775    0.0822425
-0.902797    0.0797614
-0.902817    0.0772801
-0.902835    0.0747985
-0.902851    0.0723166
-0.902865    0.0698344
-0.902878    0.067352
-0.902888    0.0648694
-0.902896    0.0623865
-0.902903    0.0599034
-0.902908    0.0574201
-0.90291    0.0549365
-0.902911    0.0524528
-0.902909    0.0499688
-0.902906    0.0474846
-0.902901    0.0450003
-0.902893    0.0425157
-0.902884    0.040031
-0.902872    0.0375461
-0.902859    0.035061
-0.902843    0.0325758
-0.902826    0.0300904
-0.902806    0.0276049
-0.902785    0.0251193
-0.902761    0.0226335
-0.902735    0.0201475
-0.902707    0.0176615
-0.902677    0.0151753
-0.902645    0.0126891
-0.90261    0.0102027
-0.902574    0.00771625
-0.902535    0.00522971
-0.902495    0.00274308
-0.902452    0.00025638
-0.902407    -0.00223039
-0.902359    -0.00471721
-0.90231    -0.00720409
-0.902258    -0.00969102
-0.902204    -0.012178
-0.902148    -0.014665
-0.90209    -0.017152
-0.90203    -0.0196391
-0.901967    -0.0221261
-0.901902    -0.0246132
-0.901835    -0.0271002
-0.901765    -0.0295873
-0.901693    -0.0320743
-0.901619    -0.0345614
-0.901543    -0.0370484
-0.901464    -0.0395353
-0.901383    -0.0420222
-0.9013    -0.0445091
-0.901214    -0.0469959
-0.901126    -0.0494827
-0.901036    -0.0519693
-0.900944    -0.054456
-0.900849    -0.0569425
-0.900751    -0.0594289
-0.900652    -0.0619152
-0.900549    -0.0644015
-0.900445    -0.0668876
-0.900338    -0.0693736
-0.900229    -0.0718595
-0.900117    -0.0743452
-0.900003    -0.0768308
-0.899886    -0.0793163
-0.899767    -0.0818016
-0.899646    -0.0842868
-0.899522    -0.0867718
-0.899395    -0.0892566
-0.899267    -0.0917412
-0.899135    -0.0942256
-0.899001    -0.0967099
-0.898865    -0.0991939
-0.898726    -0.101678
-0.898585    -0.104161
-0.898441    -0.106645
-0.898295    -0.109128
-0.898146    -0.111611
-0.897994    -0.114094
-0.89784    -0.116576
-0.897683    -0.119058
-0.897524    -0.12154
-0.897362    -0.124022
-0.897198    -0.126503
-0.897031    -0.128984
-0.896862    -0.131465
-0.896689    -0.133945
-0.896515    -0.136426
-0.896337    -0.138905
-0.896157    -0.141385
-0.895975    -0.143864
-0.895789    -0.146343
-0.895601    -0.148822
-0.89541    -0.1513
-0.895217    -0.153777
-0.895021    -0.156255
-0.894822    -0.158732
-0.894621    -0.161209
-0.894417    -0.163685
-0.89421    -0.166161
-0.894    -0.168636
-0.893788    -0.171111
-0.893573    -0.173586
-0.893355    -0.17606
-0.893135    -0.178534
-0.892912    -0.181007
-0.892686    -0.18348
-0.892457    -0.185953
-0.892225    -0.188425
-0.891991    -0.190896
-0.891753    -0.193367
-0.891513    -0.195838
-0.891271    -0.198308
-0.891025    -0.200778
-0.890777    -0.203247
-0.890525    -0.205715
-0.890271    -0.208183
-0.890014    -0.210651
-0.889754    -0.213118
-0.889492    -0.215584
-0.889226    -0.21805
-0.888958    -0.220515
-0.888686    -0.22298
-0.888412    -0.225444
-0.888135    -0.227908
-0.887855    -0.230371
-0.887572    -0.232833
-0.887286    -0.235295
-0.886997    -0.237756
-0.886705    -0.240216
-0.88641    -0.242676
-0.886113    -0.245136
-0.885812    -0.247594
-0.885509    -0.250052
-0.885202    -0.252509
-0.884892    -0.254966
-0.88458    -0.257422
-0.884264    -0.259877
-0.883946    -0.262332
-0.883624    -0.264786
-0.8833    -0.267239
-0.882972    -0.269692
-0.882641    -0.272143
-0.882308    -0.274594
-0.881971    -0.277045
-0.881631    -0.279494
-0.881288    -0.281943
-0.880942    -0.284391
-0.880593    -0.286838
-0.880241    -0.289285
-0.879886    -0.291731
-0.879528    -0.294175
-0.879167    -0.29662
-0.878802    -0.299063
-0.878435    -0.301505
-0.878064    -0.303947
-0.87769    -0.306388
-0.877313    -0.308828
-0.876933    -0.311267
-0.87655    -0.313705
-0.876164    -0.316143
-0.875774    -0.318579
-0.875381    -0.321015
-0.874985    -0.32345
-0.874586    -0.325884
-0.874184    -0.328317
-0.873779    -0.330749
-0.87337    -0.33318
-0.872958    -0.33561
-0.872543    -0.33804
-0.872125    -0.340468
-0.871703    -0.342895
-0.871278    -0.345322
-0.87085    -0.347747
-0.870419    -0.350172
-0.869985    -0.352595
-0.869547    -0.355018
-0.869106    -0.35744
-0.868662    -0.35986
-0.868214    -0.36228
-0.867763    -0.364698
-0.867309    -0.367116
-0.866852    -0.369532
-0.866391    -0.371947
-0.865927    -0.374362
-0.865459    -0.376775
-0.864989    -0.379187
-0.864515    -0.381598
-0.864037    -0.384008
-0.863557    -0.386417
-0.863073    -0.388825
-0.862585    -0.391232
-0.862094    -0.393637
-0.8616    -0.396042
-0.861103    -0.398445
-0.860602    -0.400847
-0.860098    -0.403248
-0.85959    -0.405648
-0.859079    -0.408046
-0.858565    -0.410444
-0.858047    -0.41284
-0.857526    -0.415235
-0.857001    -0.417629
-0.856473    -0.420022
-0.855941    -0.422413
-0.855406    -0.424803
-0.854868    -0.427192
-0.854326    -0.42958
-0.853781    -0.431966
-0.853232    -0.434352
-0.85268    -0.436735
-0.852124    -0.439118
-0.851565    -0.441499
-0.851002    -0.443879
-0.850436    -0.446258
-0.849867    -0.448636
-0.849294    -0.451012
-0.848717    -0.453386
-0.848137    -0.45576
-0.847553    -0.458132
-0.846966    -0.460502
-0.846376    -0.462872
-0.845781    -0.46524
-0.845184    -0.467606
-0.844582    -0.469971
-0.843978    -0.472335
-0.843369    -0.474697
-0.842757    -0.477058
-0.842142    -0.479418
-0.841523    -0.481776
-0.8409    -0.484132
-0.840274    -0.486488
-0.839644    -0.488841
-0.839011    -0.491193
-0.838374    -0.493544
-0.837733    -0.495893
-0.837089    -0.498241
-0.836441    -0.500587
-0.83579    -0.502932
-0.835135    -0.505275
-0.834477    -0.507617
-0.833814    -0.509957
-0.833149    -0.512295
-0.832479    -0.514632
-0.831806    -0.516968
-0.831129    -0.519301
-0.830449    -0.521634
-0.829765    -0.523964
-0.829077    -0.526293
-0.828386    -0.528621
-0.82769    -0.530946
-0.826992    -0.533271
-0.826289    -0.535593
-0.825583    -0.537914
-0.824873    -0.540233
-0.82416    -0.542551
-0.823443    -0.544866
-0.822722    -0.547181
-0.821997    -0.549493
-0.821269    -0.551804
-0.820537    -0.554113
-0.819801    -0.55642
-0.819062    -0.558725
-0.818319    -0.561029
-0.817572    -0.563331
-0.816821    -0.565632
-0.816067    -0.56793
-0.815309    -0.570227
-0.814547    -0.572522
-0.813781    -0.574815
-0.813012    -0.577106
-0.812239    -0.579396
-0.811462    -0.581683
-0.810681    -0.583969
-0.809897    -0.586253
-0.809109    -0.588535
-0.808317    -0.590816
-0.807521    -0.593094
-0.806722    -0.595371
-0.805918    -0.597645
-0.805111    -0.599918
-0.8043    -0.602189
-0.803485    -0.604458
-0.802667    -0.606725
-0.801845    -0.60899
-0.801018    -0.611253
-0.800188    -0.613514
-0.799355    -0.615773
-0.798517    -0.61803
-0.797676    -0.620285
-0.79683    -0.622539
-0.795981    -0.62479
-0.795128    -0.627039
-0.794271    -0.629286
-0.793411    -0.631531
-0.792546    -0.633774
-0.791678    -0.636015
-0.790806    -0.638254
-0.78993    -0.640491
-0.78905    -0.642726
-0.788166    -0.644958
-0.787278    -0.647189
-0.786387    -0.649417
-0.785491    -0.651644
-0.784592    -0.653868
-0.783689    -0.65609
-0.782782    -0.65831
-0.781871    -0.660528
-0.780956    -0.662743
-0.780037    -0.664957
-0.779115    -0.667168
-0.778188    -0.669377
-0.777258    -0.671584
-0.776324    -0.673788
-0.775385    -0.675991
-0.774443    -0.678191
-0.773497    -0.680389
-0.772547    -0.682584
-0.771593    -0.684778
-0.770636    -0.686969
-0.769674    -0.689158
-0.768708    -0.691344
-0.767739    -0.693528
-0.766765    -0.69571
-0.765788    -0.69789
-0.764806    -0.700067
-0.763821    -0.702242
-0.762832    -0.704414
-0.761839    -0.706584
-0.760842    -0.708752
-0.759841    -0.710917
-0.758836    -0.71308
-0.757827    -0.715241
-0.756814    -0.717399
-0.755797    -0.719555
-0.754776    -0.721708
-0.753751    -0.723859
-0.752722    -0.726007
-0.75169    -0.728153
-0.750653    -0.730296
-0.749612    -0.732437
-0.748568    -0.734575
-0.747519    -0.736711
-0.746467    -0.738845
-0.74541    -0.740976
-0.74435    -0.743104
-0.743285    -0.74523
-0.742217    -0.747353
-0.741144    -0.749473
-0.740068    -0.751591
-0.738987    -0.753707
-0.737903    -0.75582
-0.736815    -0.75793
-0.735722    -0.760038
-0.734626    -0.762143
-0.733525    -0.764245
-0.732421    -0.766345
-0.731313    -0.768442
-0.7302    -0.770536
-0.729084    -0.772628
-0.727964    -0.774717
-0.726839    -0.776803
-0.725711    -0.778886
-0.724579    -0.780967
-0.723442    -0.783045
-0.722302    -0.785121
-0.721158    -0.787193
-0.72001    -0.789263
-0.718857    -0.79133
-0.717701    -0.793394
-0.71654    -0.795456
-0.715376    -0.797514
-0.714208    -0.79957
-0.713035    -0.801623
-0.711859    -0.803673
-0.710679    -0.80572
-0.709494    -0.807765
-0.708306    -0.809806
-0.707113    -0.811845
-0.705917    -0.813881
-0.704717    -0.815914
-0.703512    -0.817944
-0.702304    -0.819971
-0.701091    -0.821995
-0.699875    -0.824016
-0.698654    -0.826034
-0.69743    -0.828049
-0.696201    -0.830062
-0.694969    -0.832071
-0.693732    -0.834077
-0.692491    -0.83608
-0.691247    -0.83808
-0.689998    -0.840078
-0.688746    -0.842072
-0.687489    -0.844063
-0.686228    -0.846051
-0.684964    -0.848036
-0.683695    -0.850018
-0.682422    -0.851996
-0.681146    -0.853972
-0.679865    -0.855945
-0.67858    -0.857914
-0.677292    -0.85988
-0.675999    -0.861843
-0.674702    -0.863803
-0.673401    -0.86576
-0.672097    -0.867714
-0.670788    -0.869664
-0.669475    -0.871611
-0.668158    -0.873555
-0.666838    -0.875496
-0.665513    -0.877433
-0.664184    -0.879368
-0.662851    -0.881299
-0.661514    -0.883226
-0.660174    -0.885151
-0.658829    -0.887072
-0.65748    -0.88899
-0.656127    -0.890904
-0.654771    -0.892816
-0.65341    -0.894723
-0.652045    -0.896628
-0.650676    -0.898529
-0.649304    -0.900427
-0.647927    -0.902321
-0.646546    -0.904212
-0.645162    -0.9061
-0.643773    -0.907984
-0.64238    -0.909865
-0.640984    -0.911742
-0.639583    -0.913616
-0.638179    -0.915487
-0.63677    -0.917354
-0.635358    -0.919217
-0.633941    -0.921077
-0.632521    -0.922934
-0.631096    -0.924787
-0.629668    -0.926636
-0.628235    -0.928482
-0.626799    -0.930325
-0.625359    -0.932163
-0.623915    -0.933999
-0.622467    -0.93583
-0.621014    -0.937658
-0.619558    -0.939483
-0.618098    -0.941304
-0.616634    -0.943121
-0.615167    -0.944935
-0.613695    -0.946745
-0.612219    -0.948551
-0.610739    -0.950354
-0.609256    -0.952153
-0.607768    -0.953948
-0.606277    -0.95574
-0.604781    -0.957527
-0.603282    -0.959312
-0.601779    -0.961092
-0.600272    -0.962869
-0.598761    -0.964642
-0.597246    -0.966411
-0.595727    -0.968176
-0.594204    -0.969938
-0.592677    -0.971696
-0.591147    -0.97345
-0.589612    -0.9752
-0.588074    -0.976946
-0.586532    -0.978689
-0.584986    -0.980427
-0.583436    -0.982162
-0.581882    -0.983893
-0.580324    -0.98562
-0.578763    -0.987343
-0.577197    -0.989062
-0.575628    -0.990777
-0.574055    -0.992489
-0.572478    -0.994196
-0.570897    -0.995899
-0.569313    -0.997599
-0.567724    -0.999294
-0.566132    -1.00099
-0.564536    -1.00267
-0.562936    -1.00436
-0.561332    -1.00604
-0.559724    -1.00771
-0.558113    -1.00938
-0.556498    -1.01105
-0.554879    -1.01271
-0.553256    -1.01437
-0.551629    -1.01603
-0.549999    -1.01768
-0.548364    -1.01933
-0.546727    -1.02097
-0.545085    -1.02261
-0.543439    -1.02424
-0.54179    -1.02587
-0.540137    -1.0275
-0.53848    -1.02912
-0.53682    -1.03074
-0.535155    -1.03235
-0.533487    -1.03396
-0.531815    -1.03557
-0.53014    -1.03717
-0.528461    -1.03876
-0.526778    -1.04036
-0.525091    -1.04194
-0.523401    -1.04353
-0.521707    -1.04511
-0.520009    -1.04668
-0.518308    -1.04825
-0.516602    -1.04982
-0.514894    -1.05138
-0.513181    -1.05294
-0.511465    -1.05449
-0.509745    -1.05604
-0.508022    -1.05759
-0.506294    -1.05913
-0.504564    -1.06066
-0.502829    -1.0622
-0.501091    -1.06372
-0.49935    -1.06525
-0.497604    -1.06676
-0.495855    -1.06828
-0.494103    -1.06979
-0.492347    -1.07129
-0.490587    -1.07279
-0.488824    -1.07429
-0.487057    -1.07578
-0.485286    -1.07727
-0.483512    -1.07875
-0.481735    -1.08023
-0.479954    -1.0817
-0.478169    -1.08317
-0.476381    -1.08463
-0.474589    -1.08609
-0.472794    -1.08755
-0.470995    -1.089
-0.469192    -1.09044
-0.467387    -1.09189
-0.465577    -1.09332
-0.463764    -1.09475
-0.461948    -1.09618
-0.460128    -1.0976
-0.458305    -1.09902
-0.456478    -1.10043
-0.454648    -1.10184
-0.452815    -1.10325
-0.450977    -1.10465
-0.449137    -1.10604
-0.447293    -1.10743
-0.445446    -1.10881
-0.443595    -1.11019
-0.441741    -1.11157
-0.439883    -1.11294
-0.438022    -1.11431
-0.436158    -1.11567
-0.43429    -1.11702
-0.432419    -1.11837
-0.430545    -1.11972
-0.428667    -1.12106
-0.426786    -1.1224
-0.424902    -1.12373
-0.423014    -1.12506
-0.421123    -1.12638
-0.419229    -1.1277
-0.417331    -1.12901
-0.41543    -1.13031
-0.413526    -1.13162
-0.411618    -1.13291
-0.409708    -1.13421
-0.407794    -1.13549
-0.405876    -1.13678
-0.403956    -1.13805
-0.402032    -1.13933
-0.400105    -1.14059
-0.398175    -1.14186
-0.396242    -1.14311
-0.394305    -1.14437
-0.392366    -1.14561
-0.390423    -1.14686
-0.388477    -1.14809
-0.386528    -1.14932
-0.384575    -1.15055
-0.38262    -1.15177
-0.380661    -1.15299
-0.3787    -1.1542
-0.376735    -1.15541
-0.374767    -1.15661
-0.372796    -1.15781
-0.370822    -1.159
-0.368845    -1.16018
-0.366865    -1.16136
-0.364882    -1.16254
-0.362896    -1.16371
-0.360906    -1.16488
-0.358914    -1.16604
-0.356919    -1.16719
-0.35492    -1.16834
-0.352919    -1.16948
-0.350915    -1.17062
-0.348908    -1.17176
-0.346898    -1.17289
-0.344885    -1.17401
-0.342869    -1.17513
-0.34085    -1.17624
-0.338828    -1.17735
-0.336803    -1.17845
-0.334775    -1.17954
-0.332745    -1.18064
-0.330711    -1.18172
-0.328675    -1.1828
-0.326636    -1.18388
-0.324594    -1.18495
-0.322549    -1.18601
-0.320502    -1.18707
-0.318452    -1.18812
-0.316398    -1.18917
-0.314342    -1.19022
-0.312284    -1.19125
-0.310222    -1.19228
-0.308158    -1.19331
-0.306091    -1.19433
-0.304021    -1.19535
-0.301949    -1.19636
-0.299874    -1.19736
-0.297796    -1.19836
-0.295716    -1.19935
-0.293633    -1.20034
-0.291547    -1.20133
-0.289458    -1.2023
-0.287367    -1.20327
-0.285274    -1.20424
-0.283177    -1.2052
-0.281078    -1.20615
-0.278977    -1.2071
-0.276873    -1.20805
-0.274766    -1.20899
-0.272657    -1.20992
-0.270546    -1.21084
-0.268431    -1.21177
-0.266315    -1.21268
-0.264195    -1.21359
-0.262074    -1.2145
-0.25995    -1.21539
-0.257823    -1.21629
-0.255694    -1.21717
-0.253562    -1.21806
-0.251428    -1.21893
-0.249292    -1.2198
-0.247153    -1.22067
-0.245012    -1.22153
-0.242869    -1.22238
-0.240723    -1.22323
-0.238575    -1.22407
-0.236424    -1.2249
-0.234271    -1.22573
-0.232116    -1.22656
-0.229959    -1.22738
-0.227799    -1.22819
-0.225637    -1.229
-0.223473    -1.2298
-0.221306    -1.23059
-0.219138    -1.23138
-0.216967    -1.23217
-0.214793    -1.23294
-0.212618    -1.23372
-0.210441    -1.23448
-0.208261    -1.23524
-0.206079    -1.236
-0.203895    -1.23675
-0.201709    -1.23749
-0.199521    -1.23823
-0.197331    -1.23896
-0.195138    -1.23968
-0.192944    -1.2404
-0.190747    -1.24112
-0.188549    -1.24182
-0.186348    -1.24253
-0.184146    -1.24322
-0.181941    -1.24391
-0.179735    -1.24459
-0.177526    -1.24527
-0.175316    -1.24594
-0.173103    -1.24661
-0.170889    -1.24727
-0.168673    -1.24792
-0.166455    -1.24857
-0.164235    -1.24922
-0.162013    -1.24985
-0.159789    -1.25048
-0.157563    -1.25111
-0.155336    -1.25172
-0.153107    -1.25234
-0.150876    -1.25294
-0.148643    -1.25354
-0.146408    -1.25414
-0.144172    -1.25472
-0.141934    -1.25531
-0.139694    -1.25588
-0.137453    -1.25645
-0.13521    -1.25702
-0.132965    -1.25757
-0.130718    -1.25813
-0.12847    -1.25867
-0.12622    -1.25921
-0.123969    -1.25974
-0.121716    -1.26027
-0.119461    -1.26079
-0.117205    -1.26131
-0.114947    -1.26182
-0.112688    -1.26232
-0.110427    -1.26282
-0.108164    -1.26331
-0.1059    -1.26379
-0.103635    -1.26427
-0.101368    -1.26474
-0.0991    -1.26521
-0.0968303    -1.26567
-0.0945591    -1.26612
-0.0922866    -1.26657
-0.0900126    -1.26701
-0.0877373    -1.26745
-0.0854606    -1.26787
-0.0831825    -1.2683
-0.0809032    -1.26871
-0.0786225    -1.26912
-0.0763405    -1.26953
-0.0740572    -1.26993
-0.0717727    -1.27032
-0.0694869    -1.2707
-0.0671998    -1.27108
-0.0649116    -1.27146
-0.0626221    -1.27182
-0.0603314    -1.27218
-0.0580396    -1.27254
-0.0557466    -1.27289
-0.0534525    -1.27323
-0.0511572    -1.27356
-0.0488608    -1.27389
-0.0465633    -1.27422
-0.0442648    -1.27453
-0.0419652    -1.27484
-0.0396645    -1.27515
-0.0373628    -1.27545
-0.0350601    -1.27574
-0.0327564    -1.27602
-0.0304516    -1.2763
-0.028146    -1.27658
-0.0258394    -1.27684
-0.0235318    -1.2771
-0.0212233    -1.27736
-0.0189139    -1.27761
-0.0166037    -1.27785
-0.0142925    -1.27808
-0.0119805    -1.27831
-0.00966767    -1.27853
-0.00735401    -1.27875
-0.00503955    -1.27896
-0.00272429    -1.27916
-0.000408255    -1.27936
0.00190853    -1.27955
0.00422607    -1.27974
0.00654432    -1.27992
0.00886329    -1.28009
0.0111829    -1.28025
0.0135033    -1.28041
0.0158243    -1.28057
0.0181459    -1.28071
0.0204682    -1.28085
0.022791    -1.28099
0.0251145    -1.28111
0.0274385    -1.28124
0.0297631    -1.28135
0.0320883    -1.28146
0.034414    -1.28156
0.0367401    -1.28166
0.0390668    -1.28175
0.041394    -1.28183
0.0437216    -1.28191
0.0460497    -1.28198
0.0483781    -1.28204
0.050707    -1.2821
0.0530363    -1.28215
0.055366    -1.28219
0.057696    -1.28223
0.0600264    -1.28226
0.0623571    -1.28229
0.0646881    -1.28231
0.0670194    -1.28232
0.069351    -1.28233
0.0716829    -1.28233
0.074015    -1.28232
0.0763473    -1.28231
0.0786798    -1.28229
0.0810126    -1.28226
0.0833455    -1.28223
0.0856785    -1.28219
0.0880117    -1.28215
0.0903451    -1.2821
0.0926785    -1.28204
0.095012    -1.28198
0.0973457    -1.28191
0.0996793    -1.28183
0.102013    -1.28175
0.104347    -1.28166
0.106681    -1.28156
0.109014    -1.28146
0.111348    -1.28135
0.113682    -1.28124
0.116015    -1.28111
0.118349    -1.28099
0.120682    -1.28085
0.123016    -1.28071
0.125349    -1.28056
0.127682    -1.28041
0.130015    -1.28025
0.132348    -1.28008
0.13468    -1.27991
0.137012    -1.27973
0.139345    -1.27955
0.141676    -1.27936
0.144008    -1.27916
0.146339    -1.27895
0.14867    -1.27874
0.151001    -1.27852
0.153332    -1.2783
0.155662    -1.27807
0.157991    -1.27783
0.160321    -1.27759
0.16265    -1.27734
0.164978    -1.27709
0.167306    -1.27682
0.169634    -1.27656
0.171961    -1.27628
0.174288    -1.276
0.176614    -1.27571
0.17894    -1.27542
0.181265    -1.27512
0.183589    -1.27481
0.185913    -1.2745
0.188237    -1.27418
0.19056    -1.27385
0.192882    -1.27352
0.195204    -1.27318
0.197525    -1.27284
0.199845    -1.27249
0.202165    -1.27213
0.204484    -1.27176
0.206802    -1.27139
0.209119    -1.27102
0.211436    -1.27063
0.213752    -1.27024
0.216067    -1.26985
0.218382    -1.26945
0.220696    -1.26904
0.223008    -1.26862
0.22532    -1.2682
0.227631    -1.26777
0.229942    -1.26734
0.232251    -1.2669
0.234559    -1.26645
0.236867    -1.266
0.239173    -1.26554
0.241479    -1.26508
0.243783    -1.26461
0.246087    -1.26413
0.24839    -1.26364
0.250691    -1.26315
0.252992    -1.26266
0.255291    -1.26215
0.25759    -1.26164
0.259887    -1.26113
0.262183    -1.26061
0.264478    -1.26008
0.266772    -1.25954
0.269065    -1.259
0.271356    -1.25845
0.273647    -1.2579
0.275936    -1.25734
0.278224    -1.25678
0.280511    -1.2562
