-0.6978    1.10683
-0.697179    1.10517
-0.696561    1.10351
-0.695946    1.10184
-0.695335    1.10017
-0.694727    1.0985
-0.694123    1.09683
-0.693522    1.09515
-0.692925    1.09347
-0.69233    1.09179
-0.691739    1.0901
-0.691152    1.08841
-0.690568    1.08672
-0.689987    1.08502
-0.689409    1.08333
-0.688835    1.08162
-0.688264    1.07992
-0.687697    1.07821
-0.687132    1.0765
-0.686571    1.07479
-0.686014    1.07308
-0.685459    1.07136
-0.684908    1.06964
-0.68436    1.06791
-0.683815    1.06618
-0.683274    1.06445
-0.682735    1.06272
-0.6822    1.06098
-0.681669    1.05925
-0.68114    1.0575
-0.680615    1.05576
-0.680092    1.05401
-0.679573    1.05226
-0.679057    1.05051
-0.678545    1.04875
-0.678035    1.04699
-0.677529    1.04523
-0.677025    1.04347
-0.676525    1.0417
-0.676028    1.03993
-0.675534    1.03816
-0.675043    1.03638
-0.674556    1.03461
-0.674071    1.03283
-0.673589    1.03104
-0.673111    1.02926
-0.672636    1.02747
-0.672163    1.02567
-0.671694    1.02388
-0.671228    1.02208
-0.670764    1.02028
-0.670304    1.01848
-0.669847    1.01667
-0.669393    1.01487
-0.668941    1.01306
-0.668493    1.01124
-0.668048    1.00943
-0.667606    1.00761
-0.667166    1.00579
-0.66673    1.00396
-0.666297    1.00213
-0.665866    1.0003
-0.665438    0.998472
-0.665014    0.996637
-0.664592    0.9948
-0.664173    0.99296
-0.663757    0.991117
-0.663344    0.989272
-0.662934    0.987424
-0.662527    0.985573
-0.662122    0.98372
-0.661721    0.981864
-0.661322    0.980005
-0.660926    0.978144
-0.660533    0.976281
-0.660143    0.974415
-0.659755    0.972546
-0.65937    0.970675
-0.658989    0.968801
-0.658609    0.966924
-0.658233    0.965045
-0.657859    0.963164
-0.657489    0.96128
-0.657121    0.959393
-0.656755    0.957504
-0.656393    0.955612
-0.656033    0.953718
-0.655675    0.951821
-0.655321    0.949922
-0.654969    0.948021
-0.65462    0.946116
-0.654274    0.94421
-0.65393    0.942301
-0.653589    0.940389
-0.65325    0.938475
-0.652914    0.936558
-0.652581    0.934639
-0.652251    0.932718
-0.651923    0.930794
-0.651597    0.928867
-0.651274    0.926939
-0.650954    0.925007
-0.650637    0.923074
-0.650322    0.921138
-0.650009    0.919199
-0.649699    0.917258
-0.649392    0.915315
-0.649087    0.913369
-0.648784    0.911421
-0.648485    0.90947
-0.648187    0.907517
-0.647892    0.905562
-0.6476    0.903604
-0.64731    0.901644
-0.647023    0.899682
-0.646738    0.897717
-0.646455    0.89575
-0.646175    0.893781
-0.645897    0.891809
-0.645622    0.889834
-0.645349    0.887858
-0.645079    0.885879
-0.644811    0.883898
-0.644545    0.881914
-0.644282    0.879929
-0.644021    0.877941
-0.643763    0.87595
-0.643506    0.873957
-0.643253    0.871962
-0.643001    0.869965
-0.642752    0.867966
-0.642505    0.865964
-0.64226    0.86396
-0.642018    0.861953
-0.641778    0.859945
-0.64154    0.857934
-0.641305    0.855921
-0.641072    0.853905
-0.640841    0.851887
-0.640612    0.849868
-0.640385    0.847845
-0.640161    0.845821
-0.639939    0.843795
-0.639719    0.841766
-0.639501    0.839735
-0.639286    0.837702
-0.639072    0.835666
-0.638861    0.833629
-0.638652    0.831589
-0.638445    0.829547
-0.638241    0.827503
-0.638038    0.825456
-0.637837    0.823408
-0.637639    0.821357
-0.637443    0.819304
-0.637248    0.817249
-0.637056    0.815192
-0.636866    0.813133
-0.636678    0.811072
-0.636492    0.809008
-0.636308    0.806942
-0.636126    0.804875
-0.635946    0.802805
-0.635768    0.800733
-0.635592    0.798658
-0.635418    0.796582
-0.635246    0.794504
-0.635076    0.792423
-0.634908    0.790341
-0.634742    0.788256
-0.634578    0.78617
-0.634416    0.784081
-0.634256    0.78199
-0.634097    0.779897
-0.633941    0.777802
-0.633786    0.775705
-0.633634    0.773606
-0.633483    0.771505
-0.633334    0.769402
-0.633187    0.767296
-0.633042    0.765189
-0.632898    0.76308
-0.632757    0.760969
-0.632617    0.758856
-0.632479    0.75674
-0.632343    0.754623
-0.632209    0.752504
-0.632076    0.750382
-0.631945    0.748259
-0.631816    0.746134
-0.631689    0.744007
-0.631563    0.741877
-0.63144    0.739746
-0.631317    0.737613
-0.631197    0.735478
-0.631078    0.733341
-0.630961    0.731202
-0.630846    0.729061
-0.630732    0.726918
-0.63062    0.724773
-0.63051    0.722627
-0.630401    0.720478
-0.630294    0.718327
-0.630189    0.716175
-0.630085    0.714021
-0.629983    0.711864
-0.629882    0.709706
-0.629783    0.707546
-0.629685    0.705384
-0.62959    0.70322
-0.629495    0.701055
-0.629402    0.698887
-0.629311    0.696718
-0.629221    0.694546
-0.629133    0.692373
-0.629046    0.690198
-0.628961    0.688021
-0.628877    0.685842
-0.628795    0.683662
-0.628714    0.681479
-0.628635    0.679295
-0.628557    0.677109
-0.62848    0.674921
-0.628405    0.672732
-0.628331    0.67054
-0.628259    0.668347
-0.628188    0.666152
-0.628119    0.663955
-0.628051    0.661757
-0.627984    0.659556
-0.627919    0.657354
-0.627855    0.65515
-0.627792    0.652944
-0.62773    0.650737
-0.62767    0.648528
-0.627612    0.646317
-0.627554    0.644104
-0.627498    0.64189
-0.627443    0.639673
-0.627389    0.637456
-0.627337    0.635236
-0.627286    0.633015
-0.627236    0.630792
-0.627187    0.628567
-0.62714    0.62634
-0.627093    0.624112
-0.627048    0.621882
-0.627004    0.619651
-0.626962    0.617418
-0.62692    0.615183
-0.62688    0.612946
-0.626841    0.610708
-0.626802    0.608468
-0.626765    0.606227
-0.62673    0.603984
-0.626695    0.601739
-0.626661    0.599493
-0.626629    0.597244
-0.626597    0.594995
-0.626567    0.592744
-0.626537    0.590491
-0.626509    0.588236
-0.626482    0.58598
-0.626455    0.583722
-0.62643    0.581463
-0.626406    0.579202
-0.626382    0.57694
-0.62636    0.574675
-0.626339    0.57241
-0.626318    0.570143
-0.626299    0.567874
-0.62628    0.565604
-0.626263    0.563332
-0.626246    0.561058
-0.626231    0.558783
-0.626216    0.556507
-0.626202    0.554229
-0.626189    0.551949
-0.626177    0.549668
-0.626165    0.547386
-0.626155    0.545102
-0.626145    0.542816
-0.626137    0.540529
-0.626129    0.538241
-0.626122    0.535951
-0.626115    0.533659
-0.62611    0.531366
-0.626105    0.529072
-0.626101    0.526776
-0.626098    0.524479
-0.626095    0.52218
-0.626093    0.51988
-0.626092    0.517578
-0.626092    0.515275
-0.626093    0.51297
-0.626094    0.510664
-0.626096    0.508357
-0.626098    0.506048
-0.626101    0.503738
-0.626105    0.501426
-0.626109    0.499113
-0.626115    0.496799
-0.62612    0.494483
-0.626127    0.492166
-0.626134    0.489848
-0.626141    0.487528
-0.626149    0.485207
-0.626158    0.482884
-0.626167    0.48056
-0.626177    0.478235
-0.626188    0.475908
-0.626198    0.473581
-0.62621    0.471251
-0.626222    0.468921
-0.626234    0.466589
-0.626247    0.464256
-0.626261    0.461921
-0.626275    0.459586
-0.626289    0.457248
-0.626304    0.45491
-0.626319    0.452571
-0.626335    0.45023
-0.626351    0.447888
-0.626368    0.445544
-0.626385    0.443199
-0.626402    0.440854
-0.62642    0.438506
-0.626438    0.436158
-0.626456    0.433808
-0.626475    0.431458
-0.626494    0.429106
-0.626514    0.426752
-0.626534    0.424398
-0.626554    0.422042
-0.626574    0.419685
-0.626595    0.417327
-0.626616    0.414968
-0.626637    0.412608
-0.626659    0.410246
-0.626681    0.407884
-0.626703    0.40552
-0.626725    0.403155
-0.626748    0.400788
-0.62677    0.398421
-0.626793    0.396053
-0.626816    0.393683
-0.62684    0.391312
-0.626863    0.388941
-0.626887    0.386568
-0.626911    0.384194
-0.626934    0.381819
-0.626958    0.379442
-0.626983    0.377065
-0.627007    0.374687
-0.627031    0.372307
-0.627056    0.369927
-0.62708    0.367545
-0.627105    0.365163
-0.627129    0.362779
-0.627154    0.360394
-0.627179    0.358009
-0.627204    0.355622
-0.627228    0.353234
-0.627253    0.350845
-0.627278    0.348456
-0.627303    0.346065
-0.627328    0.343673
-0.627352    0.34128
-0.627377    0.338887
-0.627402    0.336492
-0.627426    0.334096
-0.627451    0.331699
-0.627475    0.329302
-0.627499    0.326903
-0.627523    0.324504
-0.627548    0.322103
-0.627572    0.319702
-0.627595    0.3173
-0.627619    0.314896
-0.627643    0.312492
-0.627666    0.310087
-0.627689    0.307681
-0.627712    0.305274
-0.627735    0.302867
-0.627757    0.300458
-0.62778    0.298048
-0.627802    0.295638
-0.627824    0.293227
-0.627846    0.290815
-0.627867    0.288402
-0.627888    0.285988
-0.627909    0.283573
-0.62793    0.281158
-0.62795    0.278742
-0.62797    0.276325
-0.62799    0.273907
-0.628009    0.271488
-0.628028    0.269069
-0.628047    0.266648
-0.628065    0.264227
-0.628083    0.261806
-0.628101    0.259383
-0.628118    0.25696
-0.628135    0.254536
-0.628151    0.252111
-0.628167    0.249685
-0.628182    0.247259
-0.628198    0.244832
-0.628212    0.242404
-0.628226    0.239975
-0.62824    0.237546
-0.628253    0.235116
-0.628266    0.232686
-0.628278    0.230254
-0.62829    0.227822
-0.628302    0.22539
-0.628312    0.222956
-0.628322    0.220522
-0.628332    0.218088
-0.628341    0.215652
-0.62835    0.213216
-0.628358    0.21078
-0.628365    0.208343
-0.628372    0.205905
-0.628378    0.203466
-0.628384    0.201027
-0.628389    0.198588
-0.628393    0.196147
-0.628397    0.193707
-0.6284    0.191265
-0.628402    0.188823
-0.628404    0.186381
-0.628405    0.183938
-0.628405    0.181494
-0.628404    0.17905
-0.628403    0.176605
-0.628401    0.17416
-0.628399    0.171714
-0.628396    0.169267
-0.628391    0.166821
-0.628387    0.164373
-0.628381    0.161925
-0.628375    0.159477
-0.628367    0.157028
-0.628359    0.154579
-0.628351    0.152129
-0.628341    0.149679
-0.628331    0.147228
-0.628319    0.144777
-0.628307    0.142325
-0.628294    0.139873
-0.62828    0.137421
-0.628266    0.134968
-0.62825    0.132515
-0.628233    0.130061
-0.628216    0.127607
-0.628198    0.125152
-0.628178    0.122698
-0.628158    0.120242
-0.628137    0.117787
-0.628115    0.115331
-0.628092    0.112874
-0.628068    0.110417
-0.628043    0.10796
-0.628017    0.105503
-0.62799    0.103045
-0.627961    0.100587
-0.627932    0.0981288
-0.627902    0.0956701
-0.627871    0.0932112
-0.627839    0.0907519
-0.627806    0.0882923
-0.627771    0.0858324
-0.627736    0.0833723
-0.627699    0.0809119
-0.627662    0.0784512
-0.627623    0.0759903
-0.627583    0.0735292
-0.627542    0.0710678
-0.6275    0.0686062
-0.627457    0.0661443
-0.627413    0.0636822
-0.627367    0.0612199
-0.62732    0.0587575
-0.627272    0.0562948
-0.627223    0.0538319
-0.627173    0.0513689
-0.627121    0.0489056
-0.627069    0.0464422
-0.627015    0.0439787
-0.626959    0.041515
-0.626903    0.0390511
-0.626845    0.0365871
-0.626786    0.034123
-0.626726    0.0316588
-0.626664    0.0291944
-0.626601    0.0267299
-0.626537    0.0242654
-0.626472    0.0218007
-0.626405    0.0193359
-0.626337    0.0168711
-0.626267    0.0144062
-0.626196    0.0119412
-0.626124    0.00947614
-0.626051    0.00701105
-0.625976    0.00454591
-0.625899    0.00208074
-0.625822    -0.000384466
-0.625742    -0.00284969
-0.625662    -0.00531494
-0.62558    -0.00778019
-0.625496    -0.0102454
-0.625412    -0.0127107
-0.625325    -0.0151759
-0.625237    -0.0176411
-0.625148    -0.0201063
-0.625057    -0.0225715
-0.624965    -0.0250366
-0.624872    -0.0275016
-0.624776    -0.0299666
-0.62468    -0.0324316
-0.624581    -0.0348964
-0.624481    -0.0373612
-0.62438    -0.0398259
-0.624277    -0.0422905
-0.624173    -0.044755
-0.624067    -0.0472194
-0.623959    -0.0496837
-0.62385    -0.0521479
-0.623739    -0.0546119
-0.623627    -0.0570758
-0.623513    -0.0595396
-0.623397    -0.0620031
-0.62328    -0.0644666
-0.623161    -0.0669298
-0.62304    -0.0693929
-0.622918    -0.0718559
-0.622794    -0.0743186
-0.622669    -0.0767811
-0.622541    -0.0792434
-0.622412    -0.0817055
-0.622282    -0.0841674
-0.622149    -0.0866291
-0.622015    -0.0890905
-0.621879    -0.0915517
-0.621742    -0.0940127
-0.621603    -0.0964734
-0.621462    -0.0989338
-0.621319    -0.101394
-0.621174    -0.103854
-0.621028    -0.106313
-0.62088    -0.108773
-0.62073    -0.111232
-0.620578    -0.11369
-0.620424    -0.116149
-0.620269    -0.118607
-0.620112    -0.121065
-0.619952    -0.123522
-0.619792    -0.125979
-0.619629    -0.128436
-0.619464    -0.130892
-0.619298    -0.133348
-0.619129    -0.135804
-0.618959    -0.138259
-0.618787    -0.140714
-0.618612    -0.143168
-0.618436    -0.145622
-0.618258    -0.148076
-0.618078    -0.150529
-0.617897    -0.152982
-0.617713    -0.155434
-0.617527    -0.157886
-0.617339    -0.160338
-0.61715    -0.162789
-0.616958    -0.165239
-0.616764    -0.167689
-0.616568    -0.170139
-0.616371    -0.172588
-0.616171    -0.175036
-0.615969    -0.177485
-0.615765    -0.179932
-0.61556    -0.182379
-0.615352    -0.184826
-0.615142    -0.187272
-0.61493    -0.189717
-0.614716    -0.192162
-0.614499    -0.194607
-0.614281    -0.197051
-0.614061    -0.199494
-0.613838    -0.201937
-0.613614    -0.204379
-0.613387    -0.20682
-0.613158    -0.209261
-0.612927    -0.211701
-0.612694    -0.214141
-0.612458    -0.21658
-0.612221    -0.219019
-0.611981    -0.221457
-0.611739    -0.223894
-0.611495    -0.22633
-0.611249    -0.228766
-0.611001    -0.231201
-0.61075    -0.233636
-0.610497    -0.23607
-0.610242    -0.238503
-0.609985    -0.240936
-0.609725    -0.243367
-0.609463    -0.245798
-0.609199    -0.248229
-0.608933    -0.250658
-0.608664    -0.253087
-0.608393    -0.255515
-0.60812    -0.257943
-0.607844    -0.26037
-0.607567    -0.262795
-0.607286    -0.265221
-0.607004    -0.267645
-0.606719    -0.270069
-0.606432    -0.272491
-0.606142    -0.274913
-0.605851    -0.277334
-0.605556    -0.279755
-0.60526    -0.282174
-0.604961    -0.284593
-0.604659    -0.287011
-0.604356    -0.289428
-0.604049    -0.291844
-0.603741    -0.294259
-0.60343    -0.296674
-0.603116    -0.299087
-0.602801    -0.3015
-0.602482    -0.303912
-0.602162    -0.306323
-0.601838    -0.308733
-0.601513    -0.311142
-0.601185    -0.31355
-0.600854    -0.315957
-0.600521    -0.318364
-0.600186    -0.320769
-0.599847    -0.323173
-0.599507    -0.325577
-0.599164    -0.327979
-0.598818    -0.330381
-0.59847    -0.332781
-0.598119    -0.335181
-0.597766    -0.337579
-0.597411    -0.339977
-0.597052    -0.342374
-0.596691    -0.344769
-0.596328    -0.347164
-0.595962    -0.349557
-0.595593    -0.351949
-0.595222    -0.354341
-0.594848    -0.356731
-0.594472    -0.35912
-0.594093    -0.361509
-0.593711    -0.363896
-0.593327    -0.366282
-0.59294    -0.368667
-0.59255    -0.37105
-0.592158    -0.373433
-0.591763    -0.375815
-0.591366    -0.378195
-0.590966    -0.380574
-0.590563    -0.382953
-0.590157    -0.38533
-0.589749    -0.387706
-0.589338    -0.39008
-0.588924    -0.392454
-0.588508    -0.394826
-0.588089    -0.397197
-0.587667    -0.399567
-0.587243    -0.401936
-0.586815    -0.404304
-0.586385    -0.40667
-0.585952    -0.409035
-0.585517    -0.411399
-0.585079    -0.413762
-0.584638    -0.416123
-0.584194    -0.418483
-0.583747    -0.420842
-0.583298    -0.4232
-0.582845    -0.425556
-0.58239    -0.427911
-0.581932    -0.430265
-0.581472    -0.432618
-0.581008    -0.434969
-0.580542    -0.437319
-0.580073    -0.439667
-0.579601    -0.442014
-0.579126    -0.44436
-0.578648    -0.446705
-0.578167    -0.449048
-0.577684    -0.45139
-0.577197    -0.45373
-0.576708    -0.456069
-0.576216    -0.458407
-0.575721    -0.460743
-0.575223    -0.463078
-0.574722    -0.465411
-0.574218    -0.467744
-0.573712    -0.470074
-0.573202    -0.472403
-0.572689    -0.474731
-0.572174    -0.477057
-0.571655    -0.479382
-0.571134    -0.481706
-0.57061    -0.484028
-0.570082    -0.486348
-0.569552    -0.488667
-0.569019    -0.490984
-0.568482    -0.4933
-0.567943    -0.495615
-0.567401    -0.497928
-0.566856    -0.500239
-0.566307    -0.502549
-0.565756    -0.504857
-0.565202    -0.507164
-0.564644    -0.509469
-0.564084    -0.511773
-0.56352    -0.514075
-0.562954    -0.516376
-0.562384    -0.518675
-0.561812    -0.520972
-0.561236    -0.523268
-0.560657    -0.525562
-0.560076    -0.527854
-0.559491    -0.530145
-0.558903    -0.532434
-0.558312    -0.534722
-0.557718    -0.537008
-0.55712    -0.539292
-0.55652    -0.541575
-0.555916    -0.543856
-0.55531    -0.546135
-0.5547    -0.548413
-0.554087    -0.550688
-0.553471    -0.552963
-0.552852    -0.555235
-0.55223    -0.557506
-0.551604    -0.559775
-0.550976    -0.562042
-0.550344    -0.564308
-0.549709    -0.566571
-0.549071    -0.568833
-0.548429    -0.571094
-0.547785    -0.573352
-0.547137    -0.575609
-0.546486    -0.577864
-0.545832    -0.580117
-0.545175    -0.582368
-0.544514    -0.584618
-0.54385    -0.586865
-0.543183    -0.589111
-0.542513    -0.591355
-0.54184    -0.593597
-0.541163    -0.595837
-0.540483    -0.598076
-0.5398    -0.600312
-0.539114    -0.602547
-0.538424    -0.60478
-0.537731    -0.607011
-0.537035    -0.60924
-0.536335    -0.611467
-0.535632    -0.613692
-0.534926    -0.615915
-0.534217    -0.618136
-0.533504    -0.620356
-0.532788    -0.622573
-0.532069    -0.624788
-0.531346    -0.627002
-0.53062    -0.629213
-0.529891    -0.631423
-0.529158    -0.63363
-0.528423    -0.635836
-0.527683    -0.638039
-0.526941    -0.64024
-0.526195    -0.64244
-0.525446    -0.644637
-0.524693    -0.646833
-0.523937    -0.649026
-0.523178    -0.651217
-0.522415    -0.653406
-0.521649    -0.655593
-0.520879    -0.657778
-0.520106    -0.659961
-0.51933    -0.662142
-0.518551    -0.664321
-0.517767    -0.666497
-0.516981    -0.668672
-0.516191    -0.670844
-0.515398    -0.673014
-0.514601    -0.675183
-0.513801    -0.677348
-0.512998    -0.679512
-0.512191    -0.681674
-0.51138    -0.683833
-0.510567    -0.68599
-0.509749    -0.688145
-0.508929    -0.690298
-0.508105    -0.692449
-0.507277    -0.694597
-0.506446    -0.696743
-0.505611    -0.698887
-0.504773    -0.701028
-0.503932    -0.703168
-0.503087    -0.705305
-0.502239    -0.70744
-0.501387    -0.709572
-0.500532    -0.711702
-0.499673    -0.71383
-0.49881    -0.715956
-0.497945    -0.718079
-0.497075    -0.7202
-0.496202    -0.722319
-0.495326    -0.724435
-0.494446    -0.726549
-0.493563    -0.728661
-0.492676    -0.73077
-0.491786    -0.732877
-0.490892    -0.734981
-0.489994    -0.737084
-0.489093    -0.739183
-0.488189    -0.74128
-0.48728    -0.743375
-0.486369    -0.745468
-0.485454    -0.747558
-0.484535    -0.749645
-0.483613    -0.75173
-0.482687    -0.753813
-0.481757    -0.755893
-0.480824    -0.757971
-0.479888    -0.760046
-0.478948    -0.762119
-0.478004    -0.764189
-0.477057    -0.766257
-0.476106    -0.768322
-0.475152    -0.770385
-0.474194    -0.772445
-0.473232    -0.774502
-0.472267    -0.776557
-0.471298    -0.77861
-0.470326    -0.78066
-0.46935    -0.782707
-0.46837    -0.784752
-0.467387    -0.786794
-0.4664    -0.788833
-0.46541    -0.79087
-0.464415    -0.792904
-0.463418    -0.794936
-0.462417    -0.796965
-0.461412    -0.798991
-0.460403    -0.801015
-0.459391    -0.803036
-0.458375    -0.805054
-0.457356    -0.80707
-0.456332    -0.809083
-0.455306    -0.811093
-0.454275    -0.8131
-0.453241    -0.815105
-0.452204    -0.817107
-0.451162    -0.819106
-0.450117    -0.821103
-0.449069    -0.823097
-0.448016    -0.825088
-0.44696    -0.827076
-0.445901    -0.829061
-0.444837    -0.831044
-0.44377    -0.833024
-0.4427    -0.835001
-0.441625    -0.836975
-0.440547    -0.838947
-0.439466    -0.840915
-0.43838    -0.842881
-0.437291    -0.844844
-0.436198    -0.846804
-0.435102    -0.848761
-0.434002    -0.850715
-0.432898    -0.852667
-0.431791    -0.854615
-0.430679    -0.856561
-0.429565    -0.858503
-0.428446    -0.860443
-0.427324    -0.86238
-0.426198    -0.864313
-0.425068    -0.866244
-0.423935    -0.868172
-0.422798    -0.870097
-0.421657    -0.872019
-0.420512    -0.873938
-0.419364    -0.875854
-0.418212    -0.877767
-0.417056    -0.879677
-0.415897    -0.881583
-0.414734    -0.883487
-0.413567    -0.885388
-0.412397    -0.887286
-0.411222    -0.88918
-0.410044    -0.891072
-0.408863    -0.89296
-0.407677    -0.894846
-0.406488    -0.896728
-0.405295    -0.898607
-0.404099    -0.900483
-0.402898    -0.902356
-0.401694    -0.904226
-0.400486    -0.906093
-0.399275    -0.907956
-0.39806    -0.909816
-0.396841    -0.911674
-0.395618    -0.913527
-0.394391    -0.915378
-0.393161    -0.917226
-0.391927    -0.91907
-0.39069    -0.920911
-0.389448    -0.922749
-0.388203    -0.924584
-0.386954    -0.926415
-0.385701    -0.928243
-0.384445    -0.930068
-0.383185    -0.931889
-0.381921    -0.933708
-0.380653    -0.935523
-0.379382    -0.937334
-0.378107    -0.939142
-0.376828    -0.940947
-0.375546    -0.942749
-0.374259    -0.944547
-0.372969    -0.946342
-0.371675    -0.948134
-0.370378    -0.949922
-0.369076    -0.951707
-0.367771    -0.953488
-0.366463    -0.955266
-0.36515    -0.957041
-0.363834    -0.958812
-0.362514    -0.96058
-0.36119    -0.962344
-0.359862    -0.964105
-0.358531    -0.965862
-0.357196    -0.967616
-0.355857    -0.969366
-0.354515    -0.971113
-0.353169    -0.972857
-0.351819    -0.974597
-0.350465    -0.976333
-0.349107    -0.978066
-0.347746    -0.979795
-0.346381    -0.981521
-0.345012    -0.983243
-0.34364    -0.984962
-0.342264    -0.986677
-0.340884    -0.988388
-0.3395    -0.990096
-0.338113    -0.9918
-0.336722    -0.993501
-0.335327    -0.995198
-0.333928    -0.996891
-0.332526    -0.998581
-0.33112    -1.00027
-0.32971    -1.00195
-0.328297    -1.00363
-0.326879    -1.0053
-0.325458    -1.00697
-0.324034    -1.00864
-0.322605    -1.01031
-0.321173    -1.01197
-0.319737    -1.01362
-0.318298    -1.01527
-0.316854    -1.01692
-0.315407    -1.01857
-0.313957    -1.02021
-0.312502    -1.02185
-0.311044    -1.02348
-0.309582    -1.02511
-0.308117    -1.02674
-0.306647    -1.02836
-0.305174    -1.02998
-0.303698    -1.03159
-0.302217    -1.0332
-0.300733    -1.03481
-0.299245    -1.03641
-0.297754    -1.03801
-0.296259    -1.03961
-0.29476    -1.0412
-0.293257    -1.04279
-0.291751    -1.04437
-0.290241    -1.04595
-0.288728    -1.04753
-0.28721    -1.0491
-0.285689    -1.05067
-0.284165    -1.05223
-0.282636    -1.05379
-0.281104    -1.05534
-0.279569    -1.0569
-0.278029    -1.05844
-0.276486    -1.05999
-0.27494    -1.06153
-0.273389    -1.06306
-0.271835    -1.06459
-0.270278    -1.06612
-0.268717    -1.06765
-0.267152    -1.06917
-0.265583    -1.07068
-0.264011    -1.07219
-0.262435    -1.0737
-0.260856    -1.0752
-0.259273    -1.0767
-0.257686    -1.0782
-0.256096    -1.07969
-0.254502    -1.08117
-0.252904    -1.08265
-0.251303    -1.08413
-0.249698    -1.08561
-0.24809    -1.08708
-0.246478    -1.08854
-0.244862    -1.09
-0.243243    -1.09146
-0.24162    -1.09291
-0.239994    -1.09436
-0.238364    -1.0958
-0.23673    -1.09724
-0.235093    -1.09868
-0.233452    -1.10011
-0.231808    -1.10154
-0.23016    -1.10296
-0.228509    -1.10438
-0.226854    -1.10579
-0.225196    -1.1072
-0.223533    -1.10861
-0.221868    -1.11001
-0.220199    -1.1114
-0.218526    -1.1128
-0.21685    -1.11418
-0.21517    -1.11557
-0.213487    -1.11695
-0.2118    -1.11832
-0.21011    -1.11969
-0.208416    -1.12106
-0.206719    -1.12242
-0.205018    -1.12377
-0.203314    -1.12513
-0.201606    -1.12647
-0.199895    -1.12782
-0.19818    -1.12916
-0.196462    -1.13049
-0.19474    -1.13182
-0.193015    -1.13315
-0.191287    -1.13447
-0.189555    -1.13578
-0.187819    -1.13709
-0.18608    -1.1384
-0.184338    -1.1397
-0.182592    -1.141
-0.180843    -1.14229
-0.17909    -1.14358
-0.177334    -1.14487
-0.175575    -1.14615
-0.173812    -1.14742
-0.172045    -1.14869
-0.170276    -1.14995
-0.168503    -1.15122
-0.166726    -1.15247
-0.164946    -1.15372
-0.163163    -1.15497
-0.161377    -1.15621
-0.159587    -1.15745
-0.157794    -1.15868
-0.155997    -1.15991
-0.154197    -1.16113
-0.152394    -1.16235
-0.150587    -1.16356
-0.148777    -1.16477
-0.146964    -1.16597
-0.145148    -1.16717
-0.143328    -1.16837
-0.141505    -1.16956
-0.139678    -1.17074
-0.137849    -1.17192
-0.136016    -1.17309
-0.134179    -1.17426
-0.13234    -1.17543
-0.130497    -1.17659
-0.128651    -1.17774
-0.126802    -1.17889
-0.12495    -1.18004
-0.123094    -1.18118
-0.121235    -1.18232
-0.119373    -1.18345
-0.117508    -1.18457
-0.115639    -1.18569
-0.113768    -1.18681
-0.111893    -1.18792
-0.110015    -1.18902
-0.108133    -1.19013
-0.106249    -1.19122
-0.104362    -1.19231
-0.102471    -1.1934
-0.100577    -1.19448
-0.0986802    -1.19555
-0.0967802    -1.19662
-0.0948771    -1.19769
-0.0929709    -1.19875
-0.0910615    -1.1998
-0.0891491    -1.20085
-0.0872336    -1.2019
-0.085315    -1.20294
-0.0833934    -1.20397
-0.0814687    -1.205
-0.079541    -1.20603
-0.0776102    -1.20705
-0.0756765    -1.20806
-0.0737396    -1.20907
-0.0717998    -1.21008
-0.069857    -1.21107
-0.0679112    -1.21207
-0.0659624    -1.21306
-0.0640106    -1.21404
-0.0620558    -1.21502
-0.0600981    -1.21599
-0.0581374    -1.21696
-0.0561738    -1.21792
-0.0542073    -1.21887
-0.0522378    -1.21983
-0.0502655    -1.22077
-0.0482902    -1.22171
-0.046312    -1.22265
-0.0443309    -1.22358
-0.042347    -1.2245
-0.0403602    -1.22542
-0.0383705    -1.22634
-0.036378    -1.22725
-0.0343827    -1.22815
-0.0323845    -1.22905
-0.0303835    -1.22994
-0.0283797    -1.23083
-0.0263731    -1.23171
-0.0243637    -1.23259
-0.0223515    -1.23346
-0.0203365    -1.23433
-0.0183188    -1.23519
-0.0162983    -1.23604
-0.0142751    -1.23689
-0.0122492    -1.23773
-0.0102205    -1.23857
-0.00818913    -1.23941
-0.00615505    -1.24023
-0.00411829    -1.24106
-0.00207885    -1.24187
-3.6733e-05    -1.24268
0.00200804    -1.24349
0.00405546    -1.24429
0.00610552    -1.24508
0.0081582    -1.24587
0.0102135    -1.24666
0.0122714    -1.24743
0.0143319    -1.24821
0.016395    -1.24897
0.0184607    -1.24974
0.0205289    -1.25049
0.0225997    -1.25124
0.024673    -1.25199
0.0267488    -1.25272
0.0288272    -1.25346
0.030908    -1.25418
0.0329914    -1.25491
0.0350772    -1.25562
0.0371656    -1.25633
0.0392563    -1.25704
0.0413496    -1.25774
0.0434453    -1.25843
0.0455433    -1.25912
0.0476439    -1.2598
0.0497468    -1.26048
0.0518521    -1.26115
0.0539598    -1.26181
0.0560698    -1.26247
0.0581823    -1.26313
0.060297    -1.26377
0.0624141    -1.26442
0.0645335    -1.26505
0.0666553    -1.26568
0.0687793    -1.26631
0.0709056    -1.26693
0.0730342    -1.26754
0.075165    -1.26815
0.0772981    -1.26875
0.0794334    -1.26934
0.081571    -1.26993
0.0837107    -1.27052
0.0858527    -1.2711
0.0879968    -1.27167
0.0901432    -1.27224
0.0922916    -1.2728
0.0944423    -1.27335
0.096595    -1.2739
0.0987499    -1.27444
0.100907    -1.27498
0.103066    -1.27551
0.105227    -1.27604
0.10739    -1.27656
0.109556    -1.27707
0.111723    -1.27758
0.113893    -1.27808
0.116064    -1.27858
0.118237    -1.27907
0.120413    -1.27955
0.12259    -1.28003
0.12477    -1.2805
0.126951    -1.28096
0.129134    -1.28142
0.131319    -1.28188
0.133506    -1.28233
0.135695    -1.28277
0.137886    -1.2832
0.140079    -1.28363
0.142274    -1.28406
0.14447    -1.28448
0.146668    -1.28489
0.148868    -1.28529
0.15107    -1.28569
0.153274    -1.28609
0.15548    -1.28648
0.157687    -1.28686
0.159896    -1.28723
0.162106    -1.2876
0.164319    -1.28797
0.166533    -1.28832
0.168749    -1.28867
0.170966    -1.28902
0.173186    -1.28936
0.175406    -1.28969
0.177629    -1.29002
0.179853    -1.29034
0.182079    -1.29065
0.184306    -1.29096
0.186535    -1.29126
0.188765    -1.29156
0.190997    -1.29185
0.193231    -1.29213
0.195466    -1.29241
0.197702    -1.29268
0.19994    -1.29295
0.20218    -1.29321
