0.830852    -0.313007
0.830865    -0.31547
0.830876    -0.317932
0.830886    -0.320394
0.830895    -0.322855
0.830902    -0.325316
0.830908    -0.327775
0.830913    -0.330234
0.830916    -0.332693
0.830918    -0.33515
0.830919    -0.337607
0.830918    -0.340064
0.830916    -0.342519
0.830913    -0.344974
0.830909    -0.347428
0.830904    -0.349882
0.830897    -0.352334
0.830889    -0.354786
0.83088    -0.357237
0.830869    -0.359688
0.830858    -0.362138
0.830845    -0.364587
0.830831    -0.367035
0.830816    -0.369482
0.8308    -0.371929
0.830782    -0.374374
0.830764    -0.376819
0.830744    -0.379264
0.830724    -0.381707
0.830702    -0.38415
0.830679    -0.386591
0.830655    -0.389032
0.83063    -0.391472
0.830604    -0.393911
0.830577    -0.39635
0.830548    -0.398787
0.830519    -0.401224
0.830489    -0.40366
0.830458    -0.406095
0.830426    -0.408529
0.830392    -0.410962
0.830358    -0.413394
0.830323    -0.415825
0.830287    -0.418256
0.83025    -0.420685
0.830212    -0.423114
0.830173    -0.425541
0.830133    -0.427968
0.830092    -0.430394
0.830051    -0.432818
0.830008    -0.435242
0.829965    -0.437665
0.82992    -0.440087
0.829875    -0.442508
0.829829    -0.444928
0.829783    -0.447347
0.829735    -0.449765
0.829687    -0.452182
0.829637    -0.454598
0.829587    -0.457013
0.829536    -0.459427
0.829485    -0.46184
0.829433    -0.464252
0.829379    -0.466663
0.829326    -0.469072
0.829271    -0.471481
0.829216    -0.473889
0.82916    -0.476296
0.829103    -0.478701
0.829046    -0.481106
0.828988    -0.483509
0.828929    -0.485911
0.82887    -0.488313
0.82881    -0.490713
0.828749    -0.493112
0.828688    -0.49551
0.828626    -0.497907
0.828563    -0.500303
0.8285    -0.502697
0.828436    -0.505091
0.828372    -0.507483
0.828307    -0.509874
0.828242    -0.512264
0.828176    -0.514653
0.828109    -0.517041
0.828042    -0.519428
0.827975    -0.521813
0.827907    -0.524197
0.827839    -0.52658
0.82777    -0.528962
0.8277    -0.531343
0.82763    -0.533722
0.82756    -0.5361
0.827489    -0.538477
0.827418    -0.540853
0.827346    -0.543228
0.827274    -0.545601
0.827202    -0.547973
0.827129    -0.550344
0.827056    -0.552714
0.826982    -0.555082
0.826908    -0.557449
0.826834    -0.559815
0.82676    -0.56218
0.826685    -0.564543
0.82661    -0.566905
0.826534    -0.569266
0.826458    -0.571626
0.826382    -0.573984
0.826306    -0.576341
0.826229    -0.578696
0.826153    -0.58105
0.826076    -0.583403
0.825998    -0.585755
0.825921    -0.588105
0.825843    -0.590454
0.825765    -0.592802
0.825687    -0.595148
0.825609    -0.597493
0.825531    -0.599837
0.825452    -0.602179
0.825373    -0.60452
0.825294    -0.606859
0.825216    -0.609197
0.825137    -0.611534
0.825057    -0.613869
0.824978    -0.616203
0.824899    -0.618536
0.82482    -0.620867
0.82474    -0.623196
0.824661    -0.625525
0.824581    -0.627852
0.824502    -0.630177
0.824422    -0.632501
0.824343    -0.634824
0.824263    -0.637145
0.824184    -0.639464
0.824104    -0.641783
0.824025    -0.644099
0.823946    -0.646415
0.823866    -0.648729
0.823787    -0.651041
0.823708    -0.653352
0.823629    -0.655661
0.82355    -0.657969
0.823472    -0.660276
0.823393    -0.662581
0.823314    -0.664884
0.823236    -0.667186
0.823158    -0.669486
0.82308    -0.671785
0.823002    -0.674083
0.822925    -0.676379
0.822847    -0.678673
0.82277    -0.680966
0.822693    -0.683257
0.822616    -0.685547
0.82254    -0.687835
0.822464    -0.690122
0.822388    -0.692407
0.822312    -0.69469
0.822237    -0.696972
0.822162    -0.699252
0.822087    -0.701531
0.822013    -0.703808
0.821939    -0.706084
0.821865    -0.708358
0.821792    -0.71063
0.821719    -0.712901
0.821646    -0.71517
0.821574    -0.717438
0.821502    -0.719704
0.821431    -0.721968
0.82136    -0.724231
0.821289    -0.726492
0.821219    -0.728751
0.82115    -0.731009
0.821081    -0.733265
0.821012    -0.735519
0.820944    -0.737772
0.820876    -0.740023
0.820809    -0.742273
0.820743    -0.74452
0.820677    -0.746767
0.820611    -0.749011
0.820546    -0.751254
0.820482    -0.753495
0.820418    -0.755734
0.820355    -0.757972
0.820292    -0.760208
0.82023    -0.762442
0.820169    -0.764675
0.820108    -0.766905
0.820048    -0.769135
0.819989    -0.771362
0.81993    -0.773588
0.819872    -0.775812
0.819815    -0.778034
0.819758    -0.780254
0.819702    -0.782473
0.819647    -0.78469
0.819592    -0.786905
0.819538    -0.789118
0.819485    -0.79133
0.819433    -0.79354
0.819382    -0.795748
0.819331    -0.797954
0.819281    -0.800159
0.819232    -0.802361
0.819184    -0.804562
0.819137    -0.806761
0.81909    -0.808959
0.819044    -0.811154
0.819    -0.813348
0.818956    -0.81554
0.818913    -0.81773
0.818871    -0.819918
0.818829    -0.822104
0.818789    -0.824289
0.81875    -0.826472
0.818711    -0.828653
0.818674    -0.830832
0.818637    -0.833009
0.818602    -0.835184
0.818567    -0.837358
0.818534    -0.839529
0.818501    -0.841699
0.81847    -0.843867
0.818439    -0.846033
0.81841    -0.848197
0.818381    -0.850359
0.818354    -0.852519
0.818328    -0.854678
0.818303    -0.856834
0.818279    -0.858989
0.818256    -0.861141
0.818234    -0.863292
0.818213    -0.865441
0.818194    -0.867588
0.818175    -0.869733
0.818158    -0.871876
0.818142    -0.874017
0.818127    -0.876156
0.818114    -0.878294
0.818101    -0.880429
0.81809    -0.882562
0.81808    -0.884694
0.818071    -0.886823
0.818064    -0.888951
0.818058    -0.891076
0.818053    -0.8932
0.818049    -0.895321
0.818047    -0.897441
0.818046    -0.899558
0.818046    -0.901674
0.818048    -0.903787
0.818051    -0.905899
0.818055    -0.908009
0.818061    -0.910116
0.818068    -0.912222
0.818076    -0.914325
0.818086    -0.916427
0.818097    -0.918526
0.81811    -0.920624
0.818124    -0.922719
0.81814    -0.924812
0.818157    -0.926904
0.818175    -0.928993
0.818195    -0.93108
0.818217    -0.933165
0.81824    -0.935249
0.818264    -0.93733
0.81829    -0.939409
0.818317    -0.941486
0.818347    -0.94356
0.818377    -0.945633
0.818409    -0.947704
0.818443    -0.949772
0.818478    -0.951839
0.818515    -0.953903
0.818554    -0.955965
0.818594    -0.958026
0.818636    -0.960084
0.818679    -0.96214
0.818724    -0.964193
0.818771    -0.966245
0.818819    -0.968295
0.81887    -0.970342
0.818921    -0.972387
0.818975    -0.974431
0.81903    -0.976472
0.819087    -0.97851
0.819146    -0.980547
0.819206    -0.982582
0.819268    -0.984614
0.819333    -0.986644
0.819398    -0.988672
0.819466    -0.990698
0.819535    -0.992722
0.819606    -0.994743
0.81968    -0.996763
0.819754    -0.99878
0.819831    -1.00079
0.81991    -1.00281
0.81999    -1.00482
0.820073    -1.00683
0.820157    -1.00883
0.820243    -1.01084
0.820331    -1.01284
0.820421    -1.01484
0.820513    -1.01683
0.820607    -1.01883
