-1.10406    -0.701725
-1.10438    -0.69932
-1.10469    -0.696914
-1.105    -0.694506
-1.10532    -0.692097
-1.10563    -0.689686
-1.10594    -0.687275
-1.10625    -0.684861
-1.10656    -0.682447
-1.10687    -0.680031
-1.10717    -0.677613
-1.10748    -0.675195
-1.10779    -0.672775
-1.10809    -0.670354
-1.1084    -0.667931
-1.1087    -0.665507
-1.109    -0.663082
-1.1093    -0.660655
-1.1096    -0.658227
-1.1099    -0.655798
-1.1102    -0.653368
-1.1105    -0.650936
-1.1108    -0.648503
-1.1111    -0.646069
-1.11139    -0.643633
-1.11169    -0.641197
-1.11198    -0.638758
-1.11227    -0.636319
-1.11256    -0.633878
-1.11285    -0.631437
-1.11314    -0.628994
-1.11343    -0.626549
-1.11372    -0.624104
-1.11401    -0.621657
-1.11429    -0.619209
-1.11458    -0.616759
-1.11486    -0.614309
-1.11515    -0.611857
-1.11543    -0.609404
-1.11571    -0.60695
-1.11599    -0.604495
-1.11626    -0.602039
-1.11654    -0.599581
-1.11682    -0.597122
-1.11709    -0.594662
-1.11737    -0.592201
-1.11764    -0.589738
-1.11791    -0.587275
-1.11818    -0.58481
-1.11845    -0.582344
-1.11872    -0.579877
-1.11898    -0.577409
-1.11925    -0.57494
-1.11951    -0.572469
-1.11978    -0.569998
-1.12004    -0.567525
-1.1203    -0.565051
-1.12056    -0.562577
-1.12082    -0.560101
-1.12107    -0.557623
-1.12133    -0.555145
-1.12158    -0.552666
-1.12184    -0.550186
-1.12209    -0.547704
-1.12234    -0.545222
-1.12259    -0.542738
-1.12283    -0.540253
-1.12308    -0.537768
-1.12332    -0.535281
-1.12357    -0.532793
-1.12381    -0.530304
-1.12405    -0.527814
-1.12429    -0.525323
-1.12453    -0.522831
-1.12476    -0.520338
-1.125    -0.517844
-1.12523    -0.515349
-1.12546    -0.512853
-1.12569    -0.510356
-1.12592    -0.507858
-1.12615    -0.505359
-1.12637    -0.502859
-1.1266    -0.500358
-1.12682    -0.497856
-1.12704    -0.495354
-1.12726    -0.49285
-1.12748    -0.490345
-1.1277    -0.487839
-1.12791    -0.485332
-1.12812    -0.482825
-1.12834    -0.480316
-1.12855    -0.477807
-1.12876    -0.475296
-1.12896    -0.472785
-1.12917    -0.470273
-1.12937    -0.46776
-1.12957    -0.465246
-1.12977    -0.462731
-1.12997    -0.460215
-1.13017    -0.457698
-1.13036    -0.455181
-1.13056    -0.452662
-1.13075    -0.450143
-1.13094    -0.447623
-1.13113    -0.445102
-1.13131    -0.44258
-1.1315    -0.440057
-1.13168    -0.437534
-1.13186    -0.435009
-1.13204    -0.432484
-1.13222    -0.429958
-1.1324    -0.427431
-1.13257    -0.424904
-1.13274    -0.422375
-1.13291    -0.419846
-1.13308    -0.417316
-1.13325    -0.414785
-1.13341    -0.412254
-1.13357    -0.409721
-1.13374    -0.407188
-1.13389    -0.404655
-1.13405    -0.40212
-1.13421    -0.399585
-1.13436    -0.397049
-1.13451    -0.394512
-1.13466    -0.391974
-1.13481    -0.389436
-1.13495    -0.386897
-1.1351    -0.384358
-1.13524    -0.381817
-1.13538    -0.379276
-1.13552    -0.376735
-1.13565    -0.374192
-1.13579    -0.371649
-1.13592    -0.369105
-1.13605    -0.366561
-1.13617    -0.364016
-1.1363    -0.36147
-1.13642    -0.358924
-1.13654    -0.356377
-1.13666    -0.353829
-1.13678    -0.351281
-1.1369    -0.348732
-1.13701    -0.346183
-1.13712    -0.343633
-1.13723    -0.341082
-1.13734    -0.338531
-1.13744    -0.335979
-1.13754    -0.333427
-1.13764    -0.330874
-1.13774    -0.32832
-1.13784    -0.325766
-1.13793    -0.323212
-1.13802    -0.320657
-1.13811    -0.318101
-1.1382    -0.315545
-1.13828    -0.312988
-1.13836    -0.310431
-1.13844    -0.307873
-1.13852    -0.305315
-1.1386    -0.302756
-1.13867    -0.300197
-1.13874    -0.297637
-1.13881    -0.295077
-1.13888    -0.292516
-1.13894    -0.289955
-1.139    -0.287393
-1.13906    -0.284831
-1.13912    -0.282269
-1.13917    -0.279706
-1.13923    -0.277142
-1.13928    -0.274579
-1.13933    -0.272014
-1.13937    -0.26945
-1.13941    -0.266885
-1.13945    -0.264319
-1.13949    -0.261754
-1.13953    -0.259188
-1.13956    -0.256621
-1.13959    -0.254054
-1.13962    -0.251487
-1.13965    -0.248919
-1.13967    -0.246351
-1.13969    -0.243783
-1.13971    -0.241215
-1.13973    -0.238646
-1.13974    -0.236076
-1.13975    -0.233507
-1.13976    -0.230937
-1.13977    -0.228367
-1.13977    -0.225796
-1.13977    -0.223226
-1.13977    -0.220655
-1.13977    -0.218084
-1.13976    -0.215512
-1.13975    -0.21294
-1.13974    -0.210368
-1.13972    -0.207796
-1.13971    -0.205224
-1.13969    -0.202651
-1.13967    -0.200078
-1.13964    -0.197505
-1.13961    -0.194932
-1.13958    -0.192358
-1.13955    -0.189785
-1.13952    -0.187211
-1.13948    -0.184637
-1.13944    -0.182063
-1.13939    -0.179489
-1.13935    -0.176914
-1.1393    -0.17434
-1.13925    -0.171765
-1.13919    -0.16919
-1.13914    -0.166615
-1.13908    -0.16404
-1.13901    -0.161465
-1.13895    -0.15889
-1.13888    -0.156314
-1.13881    -0.153739
-1.13874    -0.151163
-1.13866    -0.148588
-1.13858    -0.146012
-1.1385    -0.143437
-1.13842    -0.140861
-1.13833    -0.138285
-1.13824    -0.13571
-1.13815    -0.133134
-1.13805    -0.130558
-1.13795    -0.127982
-1.13785    -0.125407
-1.13775    -0.122831
-1.13764    -0.120255
-1.13753    -0.11768
-1.13742    -0.115104
-1.1373    -0.112528
-1.13718    -0.109953
-1.13706    -0.107378
-1.13694    -0.104802
-1.13681    -0.102227
-1.13668    -0.0996517
-1.13655    -0.0970766
-1.13641    -0.0945016
-1.13627    -0.0919267
-1.13613    -0.0893519
-1.13599    -0.0867773
-1.13584    -0.0842028
-1.13569    -0.0816284
-1.13553    -0.0790542
-1.13538    -0.0764802
-1.13522    -0.0739063
-1.13505    -0.0713326
-1.13489    -0.0687591
-1.13472    -0.0661858
-1.13455    -0.0636126
-1.13437    -0.0610397
-1.1342    -0.058467
-1.13401    -0.0558946
-1.13383    -0.0533224
-1.13364    -0.0507504
-1.13345    -0.0481786
-1.13326    -0.0456072
-1.13306    -0.043036
-1.13286    -0.040465
-1.13266    -0.0378944
-1.13246    -0.035324
-1.13225    -0.032754
-1.13204    -0.0301842
-1.13182    -0.0276148
-1.1316    -0.0250457
-1.13138    -0.022477
-1.13116    -0.0199085
-1.13093    -0.0173405
-1.1307    -0.0147728
-1.13047    -0.0122054
-1.13023    -0.00963846
-1.12999    -0.00707188
-1.12975    -0.0045057
-1.1295    -0.00193992
-1.12925    0.000625447
-1.129    0.0031904
-1.12874    0.00575491
-1.12848    0.008319
-1.12822    0.0108826
-1.12795    0.0134458
-1.12768    0.0160085
-1.12741    0.0185708
-1.12714    0.0211326
-1.12686    0.0236938
-1.12658    0.0262546
-1.12629    0.0288149
-1.126    0.0313746
-1.12571    0.0339339
-1.12542    0.0364926
-1.12512    0.0390507
-1.12482    0.0416084
-1.12451    0.0441654
-1.1242    0.0467219
-1.12389    0.0492778
-1.12358    0.0518331
-1.12326    0.0543879
-1.12294    0.056942
-1.12261    0.0594955
-1.12228    0.0620484
-1.12195    0.0646006
-1.12162    0.0671523
-1.12128    0.0697032
-1.12094    0.0722536
-1.12059    0.0748032
-1.12024    0.0773522
-1.11989    0.0799005
-1.11954    0.0824481
-1.11918    0.084995
-1.11882    0.0875412
-1.11845    0.0900867
-1.11808    0.0926314
-1.11771    0.0951754
-1.11733    0.0977187
-1.11695    0.100261
-1.11657    0.102803
-1.11619    0.105344
-1.1158    0.107884
-1.1154    0.110423
-1.11501    0.112962
-1.11461    0.1155
-1.1142    0.118037
-1.1138    0.120573
-1.11339    0.123108
-1.11297    0.125643
-1.11255    0.128176
-1.11213    0.130709
-1.11171    0.133241
-1.11128    0.135772
-1.11085    0.138302
-1.11041    0.140831
-1.10998    0.143359
-1.10953    0.145886
-1.10909    0.148413
-1.10864    0.150938
-1.10819    0.153463
-1.10773    0.155986
-1.10727    0.158509
-1.10681    0.161031
-1.10634    0.163551
-1.10587    0.166071
-1.1054    0.168589
-1.10492    0.171107
-1.10444    0.173623
-1.10395    0.176139
-1.10346    0.178653
-1.10297    0.181167
-1.10248    0.183679
-1.10198    0.186191
-1.10148    0.188701
-1.10097    0.19121
-1.10046    0.193718
-1.09994    0.196225
-1.09943    0.198731
-1.09891    0.201235
-1.09838    0.203739
-1.09785    0.206241
-1.09732    0.208742
-1.09679    0.211242
-1.09625    0.213741
-1.0957    0.216239
-1.09516    0.218735
-1.09461    0.221231
-1.09405    0.223725
-1.0935    0.226217
-1.09293    0.228709
-1.09237    0.231199
-1.0918    0.233688
-1.09123    0.236176
-1.09065    0.238663
-1.09007    0.241148
-1.08949    0.243632
-1.0889    0.246114
-1.08831    0.248596
-1.08771    0.251076
-1.08712    0.253554
-1.08651    0.256032
-1.08591    0.258508
-1.0853    0.260982
-1.08468    0.263455
-1.08407    0.265927
-1.08345    0.268398
-1.08282    0.270867
-1.08219    0.273334
-1.08156    0.275801
-1.08092    0.278265
-1.08028    0.280729
-1.07964    0.28319
-1.07899    0.285651
-1.07834    0.28811
-1.07769    0.290567
-1.07703    0.293023
-1.07637    0.295478
-1.0757    0.29793
-1.07503    0.300382
-1.07436    0.302832
-1.07368    0.30528
-1.073    0.307727
-1.07231    0.310172
-1.07162    0.312615
-1.07093    0.315057
-1.07023    0.317498
-1.06953    0.319937
-1.06883    0.322374
-1.06812    0.324809
-1.06741    0.327243
-1.06669    0.329676
-1.06597    0.332106
-1.06525    0.334535
-1.06452    0.336963
-1.06379    0.339388
-1.06305    0.341812
-1.06231    0.344234
-1.06157    0.346655
-1.06082    0.349073
-1.06007    0.35149
-1.05932    0.353906
-1.05856    0.356319
-1.0578    0.358731
-1.05703    0.361141
-1.05626    0.363549
-1.05549    0.365955
-1.05471    0.36836
-1.05393    0.370762
-1.05314    0.373163
-1.05235    0.375562
-1.05156    0.377959
-1.05076    0.380355
-1.04996    0.382748
-1.04915    0.38514
-1.04834    0.387529
-1.04753    0.389917
-1.04672    0.392303
-1.04589    0.394687
-1.04507    0.397069
-1.04424    0.399449
-1.04341    0.401827
-1.04257    0.404203
-1.04173    0.406577
-1.04089    0.408949
-1.04004    0.411319
-1.03919    0.413687
-1.03833    0.416053
-1.03747    0.418417
-1.03661    0.420779
-1.03574    0.423139
-1.03487    0.425497
-1.03399    0.427853
-1.03311    0.430207
-1.03223    0.432558
-1.03134    0.434908
-1.03045    0.437255
-1.02955    0.439601
-1.02865    0.441944
-1.02775    0.444285
-1.02684    0.446623
-1.02593    0.44896
-1.02502    0.451295
-1.0241    0.453627
-1.02317    0.455957
-1.02225    0.458285
-1.02132    0.46061
-1.02038    0.462934
-1.01944    0.465255
-1.0185    0.467574
-1.01755    0.46989
-1.0166    0.472205
-1.01565    0.474517
-1.01469    0.476827
-1.01373    0.479134
-1.01276    0.481439
-1.01179    0.483742
-1.01081    0.486042
-1.00984    0.48834
-1.00885    0.490636
-1.00787    0.492929
-1.00688    0.49522
-1.00588    0.497509
-1.00488    0.499795
-1.00388    0.502079
-1.00287    0.50436
-1.00186    0.506639
-1.00085    0.508915
-0.999832    0.511189
-0.99881    0.513461
-0.997784    0.51573
-0.996754    0.517996
-0.995719    0.52026
-0.994681    0.522522
-0.993639    0.524781
-0.992593    0.527037
-0.991543    0.529291
-0.990489    0.531542
-0.989431    0.533791
-0.988369    0.536037
-0.987303    0.538281
-0.986234    0.540521
-0.98516    0.54276
-0.984082    0.544995
-0.983    0.547228
-0.981914    0.549459
-0.980825    0.551687
-0.979731    0.553912
-0.978633    0.556134
-0.977532    0.558354
-0.976426    0.560571
-0.975316    0.562785
-0.974203    0.564997
-0.973085    0.567205
-0.971964    0.569411
-0.970838    0.571615
-0.969709    0.573815
-0.968576    0.576013
-0.967438    0.578208
-0.966297    0.5804
-0.965152    0.58259
-0.964003    0.584776
-0.96285    0.58696
-0.961692    0.589141
-0.960531    0.591319
-0.959366    0.593494
-0.958197    0.595666
-0.957024    0.597835
-0.955848    0.600002
-0.954667    0.602165
-0.953482    0.604326
-0.952293    0.606484
-0.951101    0.608638
-0.949904    0.61079
-0.948703    0.612939
-0.947499    0.615085
-0.94629    0.617228
-0.945078    0.619367
-0.943862    0.621504
-0.942641    0.623638
-0.941417    0.625769
-0.940189    0.627896
-0.938957    0.630021
-0.937721    0.632143
-0.936481    0.634261
-0.935237    0.636377
-0.93399    0.638489
-0.932738    0.640598
-0.931483    0.642704
-0.930223    0.644807
-0.92896    0.646907
-0.927692    0.649004
-0.926421    0.651097
-0.925146    0.653187
-0.923867    0.655274
-0.922584    0.657358
-0.921297    0.659439
-0.920007    0.661516
-0.918712    0.663591
-0.917413    0.665662
-0.916111    0.667729
-0.914805    0.669794
-0.913495    0.671855
-0.912181    0.673913
-0.910863    0.675968
-0.909541    0.678019
-0.908215    0.680067
-0.906886    0.682111
-0.905552    0.684153
-0.904215    0.686191
-0.902874    0.688225
-0.901529    0.690256
-0.90018    0.692284
-0.898827    0.694309
-0.897471    0.69633
-0.89611    0.698347
-0.894746    0.700361
-0.893378    0.702372
-0.892006    0.704379
-0.890631    0.706383
-0.889251    0.708383
-0.887868    0.71038
-0.88648    0.712373
-0.885089    0.714363
-0.883695    0.716349
-0.882296    0.718332
-0.880894    0.720311
-0.879487    0.722287
-0.878077    0.724259
-0.876663    0.726227
-0.875246    0.728192
-0.873824    0.730154
-0.872399    0.732111
-0.87097    0.734065
-0.869537    0.736016
-0.868101    0.737963
-0.866661    0.739906
-0.865217    0.741845
-0.863769    0.743781
-0.862317    0.745713
-0.860862    0.747642
-0.859403    0.749566
-0.85794    0.751487
-0.856474    0.753405
-0.855003    0.755318
-0.853529    0.757228
-0.852052    0.759134
-0.85057    0.761036
-0.849085    0.762935
-0.847596    0.764829
-0.846104    0.76672
-0.844608    0.768607
-0.843108    0.77049
-0.841604    0.77237
-0.840097    0.774245
-0.838586    0.776117
-0.837071    0.777985
-0.835553    0.779849
-0.834031    0.781709
-0.832505    0.783565
-0.830976    0.785417
-0.829443    0.787265
-0.827906    0.78911
-0.826366    0.79095
-0.824822    0.792786
-0.823275    0.794619
-0.821723    0.796447
-0.820169    0.798272
-0.81861    0.800092
-0.817048    0.801909
-0.815483    0.803721
-0.813914    0.80553
-0.812341    0.807334
-0.810765    0.809135
-0.809185    0.810931
-0.807601    0.812723
-0.806014    0.814511
-0.804424    0.816295
-0.80283    0.818075
-0.801232    0.819851
-0.799631    0.821623
-0.798026    0.82339
-0.796418    0.825153
-0.794806    0.826913
-0.793191    0.828668
-0.791572    0.830419
-0.78995    0.832165
-0.788324    0.833908
-0.786694    0.835646
-0.785062    0.83738
-0.783425    0.83911
-0.781786    0.840836
-0.780142    0.842557
-0.778496    0.844274
-0.776846    0.845987
-0.775192    0.847695
-0.773535    0.849399
-0.771875    0.851099
-0.770211    0.852795
-0.768544    0.854486
-0.766873    0.856173
-0.765199    0.857856
-0.763521    0.859534
-0.761841    0.861208
-0.760156    0.862877
-0.758469    0.864542
-0.756778    0.866203
-0.755083    0.867859
-0.753386    0.869511
-0.751685    0.871159
-0.74998    0.872802
-0.748273    0.87444
-0.746562    0.876074
-0.744847    0.877704
-0.74313    0.879329
-0.741409    0.88095
-0.739684    0.882566
-0.737957    0.884178
-0.736226    0.885785
-0.734492    0.887387
-0.732755    0.888985
-0.731014    0.890579
-0.72927    0.892168
-0.727523    0.893752
-0.725773    0.895332
-0.724019    0.896907
-0.722263    0.898478
-0.720503    0.900044
-0.71874    0.901606
-0.716973    0.903162
-0.715204    0.904714
-0.713431    0.906262
-0.711655    0.907805
-0.709876    0.909343
-0.708094    0.910877
-0.706309    0.912405
-0.70452    0.913929
-0.702729    0.915449
-0.700934    0.916964
-0.699136    0.918474
-0.697336    0.919979
-0.695532    0.921479
-0.693725    0.922975
-0.691915    0.924466
-0.690101    0.925952
-0.688285    0.927434
-0.686466    0.92891
-0.684644    0.930382
-0.682818    0.931849
-0.68099    0.933312
-0.679159    0.934769
-0.677324    0.936222
-0.675487    0.937669
-0.673647    0.939112
-0.671804    0.94055
-0.669957    0.941983
-0.668108    0.943412
-0.666256    0.944835
-0.664401    0.946253
-0.662543    0.947667
-0.660682    0.949076
-0.658818    0.950479
-0.656952    0.951878
-0.655082    0.953272
-0.65321    0.954661
-0.651334    0.956045
-0.649456    0.957424
-0.647575    0.958798
-0.645691    0.960167
-0.643804    0.96153
-0.641915    0.962889
-0.640023    0.964243
-0.638127    0.965592
-0.63623    0.966936
-0.634329    0.968275
-0.632425    0.969609
-0.630519    0.970937
-0.62861    0.972261
-0.626698    0.97358
-0.624784    0.974893
-0.622867    0.976202
-0.620947    0.977505
-0.619024    0.978803
-0.617099    0.980096
-0.615171    0.981384
-0.613241    0.982667
-0.611308    0.983944
-0.609372    0.985217
-0.607433    0.986484
-0.605492    0.987746
-0.603548    0.989003
-0.601602    0.990255
-0.599653    0.991502
-0.597701    0.992743
-0.595747    0.993979
-0.593791    0.99521
-0.591831    0.996436
-0.58987    0.997657
-0.587905    0.998872
-0.585939    1.00008
-0.583969    1.00129
-0.581998    1.00249
-0.580023    1.00368
-0.578047    1.00487
-0.576067    1.00605
-0.574086    1.00723
-0.572102    1.0084
-0.570115    1.00957
-0.568126    1.01073
-0.566135    1.01189
-0.564141    1.01304
-0.562145    1.01419
-0.560147    1.01533
-0.558146    1.01647
-0.556143    1.0176
-0.554137    1.01872
-0.552129    1.01984
-0.550119    1.02096
-0.548106    1.02206
-0.546092    1.02317
-0.544075    1.02427
-0.542055    1.02536
-0.540034    1.02645
-0.53801    1.02753
-0.535984    1.0286
-0.533956    1.02967
-0.531925    1.03074
-0.529893    1.0318
-0.527858    1.03285
-0.525821    1.0339
-0.523782    1.03495
-0.52174    1.03598
-0.519697    1.03702
-0.517651    1.03804
-0.515604    1.03906
-0.513554    1.04008
-0.511502    1.04109
-0.509448    1.0421
-0.507392    1.0431
-0.505334    1.04409
-0.503274    1.04508
-0.501211    1.04606
-0.499147    1.04704
-0.497081    1.04801
-0.495013    1.04897
-0.492943    1.04994
-0.490871    1.05089
-0.488797    1.05184
-0.486721    1.05278
-0.484643    1.05372
-0.482563    1.05465
-0.480481    1.05558
-0.478398    1.0565
-0.476312    1.05742
-0.474225    1.05833
-0.472136    1.05923
-0.470044    1.06013
-0.467952    1.06102
-0.465857    1.06191
-0.46376    1.06279
-0.461662    1.06367
-0.459562    1.06454
-0.45746    1.0654
-0.455357    1.06626
-0.453251    1.06712
-0.451144    1.06796
-0.449035    1.0688
-0.446925    1.06964
-0.444813    1.07047
-0.442699    1.0713
-0.440584    1.07211
-0.438466    1.07293
-0.436348    1.07374
-0.434227    1.07454
-0.432105    1.07533
-0.429982    1.07612
-0.427857    1.07691
-0.42573    1.07769
-0.423602    1.07846
-0.421472    1.07923
-0.41934    1.07999
-0.417208    1.08074
-0.415073    1.08149
-0.412937    1.08224
-0.4108    1.08298
-0.408661    1.08371
-0.406521    1.08444
-0.404379    1.08516
-0.402236    1.08587
-0.400092    1.08658
-0.397946    1.08728
-0.395799    1.08798
-0.39365    1.08867
-0.3915    1.08936
-0.389349    1.09004
-0.387196    1.09071
-0.385042    1.09138
-0.382887    1.09204
-0.38073    1.0927
-0.378572    1.09335
-0.376413    1.094
-0.374253    1.09464
-0.372091    1.09527
-0.369929    1.0959
-0.367765    1.09652
-0.3656    1.09713
-0.363433    1.09774
-0.361266    1.09835
-0.359097    1.09894
-0.356927    1.09954
-0.354756    1.10012
-0.352584    1.1007
-0.350411    1.10128
-0.348237    1.10184
-0.346062    1.10241
-0.343885    1.10296
-0.341708    1.10351
-0.33953    1.10406
-0.33735    1.1046
-0.33517    1.10513
-0.332988    1.10566
-0.330806    1.10618
-0.328623    1.10669
-0.326439    1.1072
-0.324253    1.1077
-0.322067    1.1082
-0.31988    1.10869
-0.317693    1.10918
-0.315504    1.10966
-0.313314    1.11013
-0.311124    1.1106
-0.308933    1.11106
-0.30674    1.11151
-0.304548    1.11196
-0.302354    1.11241
-0.30016    1.11284
-0.297964    1.11327
-0.295768    1.1137
-0.293572    1.11412
-0.291374    1.11453
-0.289176    1.11494
-0.286978    1.11534
-0.284778    1.11574
-0.282578    1.11613
-0.280377    1.11651
-0.278176    1.11689
-0.275974    1.11726
-0.273771    1.11762
-0.271568    1.11798
-0.269364    1.11834
-0.26716    1.11868
-0.264955    1.11902
-0.26275    1.11936
-0.260544    1.11969
-0.258338    1.12001
-0.256131    1.12033
-0.253923    1.12064
-0.251715    1.12095
-0.249507    1.12124
-0.247299    1.12154
-0.245089    1.12182
-0.24288    1.12211
-0.24067    1.12238
-0.23846    1.12265
-0.236249    1.12291
-0.234038    1.12317
-0.231827    1.12342
-0.229615    1.12367
-0.227403    1.1239
-0.225191    1.12414
-0.222978    1.12436
-0.220766    1.12458
-0.218553    1.1248
-0.216339    1.12501
-0.214126    1.12521
-0.211912    1.12541
-0.209698    1.1256
-0.207484    1.12578
-0.20527    1.12596
-0.203056    1.12613
-0.200841    1.1263
-0.198627    1.12646
-0.196412    1.12661
-0.194197    1.12676
-0.191982    1.1269
-0.189767    1.12704
-0.187552    1.12717
-0.185337    1.12729
-0.183122    1.12741
-0.180907    1.12752
-0.178692    1.12763
-0.176477    1.12773
-0.174263    1.12782
-0.172048    1.12791
-0.169833    1.12799
-0.167618    1.12807
-0.165403    1.12814
-0.163189    1.1282
-0.160974    1.12826
-0.15876    1.12831
-0.156546    1.12835
-0.154332    1.12839
-0.152118    1.12843
-0.149905    1.12845
-0.147691    1.12847
-0.145478    1.12849
-0.143265    1.1285
-0.141053    1.1285
-0.13884    1.1285
-0.136628    1.12849
-0.134416    1.12847
-0.132205    1.12845
-0.129994    1.12843
-0.127783    1.12839
-0.125572    1.12835
-0.123362    1.12831
-0.121153    1.12826
-0.118943    1.1282
-0.116734    1.12814
-0.114526    1.12807
-0.112318    1.12799
-0.11011    1.12791
-0.107903    1.12782
-0.105696    1.12773
-0.10349    1.12763
-0.101284    1.12752
-0.099079    1.12741
-0.0968744    1.1273
-0.0946703    1.12717
-0.0924667    1.12704
-0.0902638    1.12691
-0.0880614    1.12677
-0.0858596    1.12662
-0.0836584    1.12646
-0.0814579    1.1263
-0.079258    1.12614
-0.0770588    1.12597
-0.0748602    1.12579
-0.0726623    1.12561
-0.0704652    1.12542
-0.0682687    1.12522
-0.066073    1.12502
-0.063878    1.12481
-0.0616837    1.1246
-0.0594902    1.12438
-0.0572976    1.12415
-0.0551057    1.12392
-0.0529146    1.12369
-0.0507243    1.12344
-0.0485349    1.12319
-0.0463463    1.12294
-0.0441586    1.12268
-0.0419717    1.12241
-0.0397858    1.12214
-0.0376007    1.12186
-0.0354166    1.12157
-0.0332334    1.12128
-0.0310512    1.12098
-0.0288699    1.12068
-0.0266895    1.12037
-0.0245102    1.12006
-0.0223319    1.11974
-0.0201545    1.11941
-0.0179782    1.11908
-0.0158029    1.11874
-0.0136287    1.1184
-0.0114556    1.11805
-0.0092835    1.11769
-0.00711252    1.11733
-0.00494264    1.11696
-0.00277388    1.11659
-0.00060625    1.11621
0.00156024    1.11582
0.00372556    1.11543
0.00588972    1.11503
0.0080527    1.11463
0.0102145    1.11422
0.012375    1.11381
0.0145344    1.11338
0.0166925    1.11296
0.0188494    1.11253
0.021005    1.11209
0.0231593    1.11164
0.0253123    1.11119
0.0274641    1.11074
0.0296145    1.11028
0.0317636    1.10981
0.0339114    1.10933
0.0360578    1.10885
0.0382028    1.10837
0.0403465    1.10788
0.0424888    1.10738
0.0446296    1.10688
0.0467691    1.10637
0.0489071    1.10586
0.0510437    1.10534
0.0531789    1.10481
0.0553126    1.10428
0.0574447    1.10374
0.0595755    1.1032
0.0617047    1.10265
0.0638323    1.1021
0.0659585    1.10154
0.0680831    1.10097
0.0702062    1.1004
0.0723277    1.09982
0.0744476    1.09924
0.076566    1.09865
0.0786827    1.09805
0.0807978    1.09745
0.0829113    1.09685
0.0850231    1.09624
0.0871334    1.09562
0.0892419    1.095
0.0913488    1.09437
0.0934539    1.09373
0.0955574    1.09309
0.0976592    1.09245
0.0997592    1.09179
0.101858    1.09114
0.103954    1.09047
0.106049    1.0898
0.108142    1.08913
0.110233    1.08845
0.112323    1.08776
0.11441    1.08707
0.116496    1.08638
0.11858    1.08567
0.120662    1.08497
0.122743    1.08425
0.124821    1.08353
0.126898    1.08281
0.128972    1.08208
0.131045    1.08134
0.133116    1.0806
0.135185    1.07985
0.137252    1.0791
0.139317    1.07834
0.14138    1.07758
0.143441    1.07681
0.1455    1.07603
0.147558    1.07525
0.149613    1.07447
0.151666    1.07367
0.153717    1.07288
0.155766    1.07207
0.157813    1.07127
0.159858    1.07045
0.161901    1.06963
0.163942    1.06881
0.165981    1.06798
0.168018    1.06714
0.170052    1.0663
0.172085    1.06545
0.174115    1.0646
0.176143    1.06374
0.178169    1.06288
0.180193    1.06201
0.182214    1.06114
0.184234    1.06026
0.186251    1.05938
0.188266    1.05849
0.190279    1.05759
0.19229    1.05669
0.194298    1.05578
0.196304    1.05487
0.198308    1.05395
0.20031    1.05303
0.202309    1.0521
0.204306    1.05117
0.206301    1.05023
0.208293    1.04929
0.210283    1.04834
0.212271    1.04739
0.214257    1.04643
0.21624    1.04546
0.21822    1.04449
0.220199    1.04351
0.222175    1.04253
0.224148    1.04155
0.226119    1.04056
0.228088    1.03956
0.230054    1.03856
0.232018    1.03755
0.23398    1.03654
0.235939    1.03552
0.237895    1.0345
0.239849    1.03347
0.241801    1.03244
0.24375    1.0314
0.245697    1.03035
0.247641    1.0293
0.249582    1.02825
0.251521    1.02719
0.253458    1.02613
0.255392    1.02506
0.257323    1.02398
0.259252    1.0229
0.261178    1.02182
0.263102    1.02073
0.265023    1.01963
0.266942    1.01853
0.268858    1.01743
0.270771    1.01632
0.272682    1.0152
0.27459    1.01408
0.276495    1.01295
0.278398    1.01182
0.280298    1.01069
0.282195    1.00955
0.28409    1.0084
0.285982    1.00725
0.287871    1.00609
0.289758    1.00493
0.291642    1.00376
0.293523    1.00259
0.295401    1.00142
0.297277    1.00024
0.29915    0.999051
0.30102    0.99786
0.302887    0.996664
0.304752    0.995463
0.306614    0.994257
0.308473    0.993046
0.310329    0.991831
0.312183    0.99061
0.314033    0.989384
0.315881    0.988154
0.317726    0.986919
0.319568    0.985679
0.321408    0.984434
0.323244    0.983184
0.325078    0.981929
0.326908    0.980669
0.328736    0.979405
0.330561    0.978136
0.332383    0.976862
0.334202    0.975583
0.336019    0.974299
0.337832    0.97301
0.339642    0.971717
0.34145    0.970419
0.343254    0.969116
0.345056    0.967809
0.346855    0.966496
0.34865    0.965179
0.350443    0.963858
0.352233    0.962531
0.354019    0.9612
0.355803    0.959864
0.357584    0.958523
0.359362    0.957178
0.361137    0.955828
0.362908    0.954473
0.364677    0.953114
0.366443    0.95175
0.368205    0.950381
0.369965    0.949008
0.371721    0.94763
0.373475    0.946248
0.375225    0.944861
0.376973    0.943469
0.378717    0.942073
0.380458    0.940672
0.382196    0.939266
0.383931    0.937856
0.385663    0.936442
0.387392    0.935023
0.389117    0.933599
0.39084    0.932171
0.392559    0.930738
0.394275    0.929301
0.395988    0.927859
0.397698    0.926413
0.399405    0.924963
0.401109    0.923508
0.402809    0.922048
0.404506    0.920584
0.406201    0.919115
0.407892    0.917643
0.409579    0.916165
0.411264    0.914684
0.412945    0.913197
0.414623    0.911707
0.416298    0.910212
0.41797    0.908713
0.419638    0.907209
0.421303    0.905701
0.422965    0.904189
0.424624    0.902672
0.42628    0.901151
0.427932    0.899626
0.429581    0.898096
0.431226    0.896562
0.432869    0.895024
0.434508    0.893481
0.436144    0.891934
0.437777    0.890383
0.439406    0.888828
0.441032    0.887268
0.442655    0.885705
0.444274    0.884136
0.44589    0.882564
0.447503    0.880988
0.449112    0.879407
0.450718    0.877822
0.452321    0.876233
0.453921    0.87464
0.455517    0.873043
0.457109    0.871441
0.458699    0.869836
0.460285    0.868226
0.461868    0.866612
0.463447    0.864994
0.465023    0.863372
0.466595    0.861746
0.468165    0.860115
0.469731    0.858481
0.471293    0.856843
0.472852    0.8552
0.474408    0.853554
0.47596    0.851903
0.477509    0.850249
0.479054    0.84859
0.480596    0.846928
0.482135    0.845261
0.48367    0.84359
0.485202    0.841916
0.48673    0.840237
0.488255    0.838555
0.489777    0.836869
0.491295    0.835178
0.492809    0.833484
0.49432    0.831786
0.495828    0.830084
0.497332    0.828378
0.498833    0.826668
0.500331    0.824954
0.501824    0.823237
0.503315    0.821515
0.504802    0.81979
0.506285    0.818061
0.507765    0.816328
0.509242    0.814591
0.510715    0.81285
0.512184    0.811106
0.51365    0.809358
0.515113    0.807606
0.516572    0.80585
0.518027    0.80409
0.519479    0.802327
0.520928    0.80056
0.522373    0.798789
0.523814    0.797015
0.525252    0.795237
0.526687    0.793455
0.528118    0.791669
0.529545    0.78988
0.530969    0.788087
0.532389    0.786291
0.533806    0.78449
0.53522    0.782687
0.536629    0.780879
0.538035    0.779068
0.539438    0.777253
0.540837    0.775435
0.542233    0.773613
0.543625    0.771788
0.545013    0.769958
0.546398    0.768126
0.54778    0.76629
0.549157    0.76445
0.550532    0.762607
0.551902    0.76076
0.553269    0.75891
0.554633    0.757056
0.555993    0.755198
0.557349    0.753338
0.558702    0.751473
0.560051    0.749606
0.561397    0.747735
0.562739    0.74586
0.564078    0.743982
0.565412    0.7421
0.566744    0.740215
0.568072    0.738327
0.569396    0.736436
0.570716    0.73454
0.572033    0.732642
0.573347    0.73074
0.574656    0.728835
0.575963    0.726927
0.577265    0.725015
0.578564    0.7231
0.579859    0.721181
0.581151    0.719259
0.582439    0.717334
0.583724    0.715406
0.585005    0.713474
0.586282    0.711539
0.587556    0.709601
0.588826    0.70766
0.590093    0.705715
0.591356    0.703767
0.592615    0.701816
0.593871    0.699862
0.595123    0.697904
0.596371    0.695944
0.597616    0.69398
0.598857    0.692013
0.600095    0.690043
0.601329    0.688069
0.602559    0.686093
0.603786    0.684113
0.605009    0.682131
0.606228    0.680145
0.607444    0.678156
0.608657    0.676164
0.609865    0.674169
0.61107    0.672171
0.612272    0.67017
0.613469    0.668166
0.614663    0.666158
0.615854    0.664148
0.617041    0.662135
0.618224    0.660118
0.619404    0.658099
0.62058    0.656077
0.621752    0.654052
0.622921    0.652023
0.624086    0.649992
0.625247    0.647958
0.626405    0.645921
0.627559    0.643881
0.62871    0.641838
0.629857    0.639792
0.631    0.637743
0.63214    0.635692
0.633276    0.633637
0.634409    0.63158
0.635537    0.62952
0.636663    0.627457
0.637784    0.625391
0.638902    0.623322
0.640017    0.621251
0.641127    0.619176
0.642234    0.617099
0.643338    0.615019
0.644438    0.612936
0.645534    0.610851
0.646626    0.608763
0.647715    0.606672
0.648801    0.604578
0.649883    0.602481
0.650961    0.600382
0.652035    0.59828
0.653106    0.596176
0.654173    0.594068
0.655237    0.591958
0.656297    0.589846
0.657353    0.58773
0.658406    0.585612
0.659455    0.583492
0.660501    0.581369
0.661543    0.579243
0.662581    0.577114
0.663616    0.574983
0.664647    0.57285
0.665675    0.570713
0.666699    0.568575
0.667719    0.566433
0.668736    0.564289
0.669749    0.562143
0.670758    0.559994
0.671764    0.557842
0.672767    0.555688
0.673765    0.553532
0.674761    0.551373
0.675752    0.549211
0.67674    0.547047
0.677724    0.544881
0.678705    0.542712
0.679682    0.54054
0.680656    0.538367
0.681626    0.53619
0.682593    0.534012
0.683555    0.531831
0.684515    0.529647
0.685471    0.527462
0.686423    0.525273
0.687371    0.523083
0.688316    0.52089
0.689258    0.518695
0.690196    0.516497
0.69113    0.514297
0.692061    0.512095
0.692988    0.50989
0.693912    0.507683
0.694832    0.505474
0.695748    0.503263
0.696661    0.501049
0.697571    0.498833
0.698477    0.496615
0.699379    0.494394
0.700278    0.492172
0.701173    0.489947
0.702065    0.48772
0.702953    0.48549
0.703838    0.483259
0.704719    0.481025
0.705596    0.478789
0.70647    0.476551
0.707341    0.474311
0.708208    0.472069
0.709072    0.469824
0.709932    0.467578
0.710788    0.465329
0.711641    0.463078
0.712491    0.460826
0.713337    0.458571
0.714179    0.456313
0.715018    0.454054
0.715854    0.451793
0.716686    0.44953
0.717514    0.447265
0.718339    0.444997
0.719161    0.442728
0.719979    0.440457
0.720794    0.438183
0.721605    0.435908
0.722412    0.433631
0.723217    0.431352
0.724017    0.42907
0.724815    0.426787
0.725608    0.424502
0.726399    0.422215
0.727186    0.419926
0.727969    0.417635
0.728749    0.415342
0.729526    0.413048
0.730299    0.410751
0.731069    0.408453
0.731835    0.406152
0.732598    0.40385
0.733357    0.401546
0.734113    0.39924
0.734866    0.396933
0.735615    0.394623
0.736361    0.392312
0.737103    0.389999
0.737842    0.387684
0.738578    0.385367
0.73931    0.383049
0.740039    0.380729
0.740764    0.378407
0.741486    0.376083
0.742205    0.373758
0.74292    0.37143
0.743632    0.369102
0.74434    0.366771
0.745046    0.364439
0.745747    0.362105
0.746446    0.359769
0.747141    0.357432
0.747833    0.355093
0.748521    0.352752
0.749206    0.35041
0.749888    0.348066
0.750566    0.345721
0.751242    0.343374
0.751913    0.341025
0.752582    0.338675
0.753247    0.336323
0.753909    0.333969
0.754567    0.331614
0.755222    0.329258
0.755874    0.3269
0.756523    0.32454
0.757168    0.322179
0.75781    0.319816
0.758449    0.317452
0.759085    0.315086
0.759717    0.312719
0.760346    0.31035
0.760972    0.30798
0.761594    0.305609
0.762213    0.303236
0.762829    0.300861
0.763442    0.298485
0.764052    0.296108
0.764658    0.293729
0.765261    0.291349
0.765861    0.288968
0.766457    0.286585
0.767051    0.2842
0.767641    0.281815
0.768228    0.279427
0.768812    0.277039
0.769392    0.274649
0.76997    0.272258
0.770544    0.269866
0.771115    0.267472
0.771683    0.265077
0.772248    0.262681
0.772809    0.260283
0.773367    0.257884
0.773923    0.255484
0.774475    0.253083
0.775024    0.25068
0.77557    0.248276
0.776112    0.245871
0.776652    0.243465
0.777188    0.241057
0.777722    0.238649
0.778252    0.236239
0.778779    0.233827
0.779303    0.231415
0.779824    0.229002
0.780342    0.226587
0.780856    0.224171
0.781368    0.221754
0.781877    0.219336
0.782382    0.216917
0.782885    0.214497
0.783384    0.212075
0.783881    0.209653
0.784374    0.207229
0.784864    0.204805
0.785352    0.202379
0.785836    0.199952
0.786317    0.197524
0.786795    0.195096
0.78727    0.192666
0.787743    0.190235
0.788212    0.187803
0.788678    0.18537
0.789141    0.182936
0.789602    0.180501
0.790059    0.178065
0.790513    0.175628
0.790965    0.173191
0.791413    0.170752
0.791858    0.168312
0.792301    0.165871
0.792741    0.16343
0.793177    0.160987
0.793611    0.158544
0.794042    0.1561
0.79447    0.153655
0.794895    0.151209
0.795317    0.148762
0.795736    0.146314
0.796152    0.143865
0.796566    0.141416
0.796976    0.138965
0.797384    0.136514
0.797789    0.134062
0.798191    0.13161
0.79859    0.129156
0.798986    0.126702
0.79938    0.124247
0.79977    0.121791
0.800158    0.119334
0.800543    0.116877
0.800925    0.114418
0.801305    0.111959
0.801681    0.1095
0.802055    0.107039
0.802426    0.104578
0.802794    0.102117
0.80316    0.0996541
0.803523    0.097191
0.803883    0.0947271
0.80424    0.0922626
0.804594    0.0897975
0.804946    0.0873316
0.805295    0.0848652
0.805641    0.0823981
0.805985    0.0799304
0.806326    0.0774621
0.806664    0.0749931
0.806999    0.0725236
0.807332    0.0700535
0.807662    0.0675828
0.80799    0.0651115
0.808315    0.0626396
0.808637    0.0601672
0.808956    0.0576943
0.809273    0.0552208
0.809587    0.0527468
0.809899    0.0502722
0.810208    0.0477972
0.810514    0.0453216
0.810818    0.0428456
0.811119    0.0403691
0.811417    0.037892
0.811713    0.0354146
0.812006    0.0329366
0.812297    0.0304582
0.812585    0.0279794
0.812871    0.0255001
0.813154    0.0230204
0.813435    0.0205402
0.813713    0.0180597
0.813988    0.0155787
0.814261    0.0130974
0.814532    0.0106157
0.8148    0.00813359
0.815065    0.00565112
0.815328    0.00316829
0.815588    0.00068511
0.815846    -0.00179841
0.816102    -0.00428227
0.816355    -0.00676646
0.816606    -0.00925097
0.816854    -0.0117358
0.8171    -0.0142209
0.817343    -0.0167063
0.817584    -0.019192
0.817822    -0.021678
0.818058    -0.0241642
0.818292    -0.0266507
0.818523    -0.0291375
0.818752    -0.0316245
0.818979    -0.0341117
0.819203    -0.0365992
0.819425    -0.0390868
0.819644    -0.0415747
0.819861    -0.0440628
0.820076    -0.0465511
0.820289    -0.0490396
0.820499    -0.0515282
0.820707    -0.054017
0.820912    -0.056506
0.821115    -0.0589952
0.821316    -0.0614844
0.821515    -0.0639739
0.821711    -0.0664634
0.821905    -0.0689531
0.822097    -0.0714429
0.822287    -0.0739327
0.822474    -0.0764227
0.822659    -0.0789128
0.822842    -0.0814029
0.823023    -0.0838932
0.823201    -0.0863834
0.823378    -0.0888738
0.823552    -0.0913642
0.823724    -0.0938546
0.823894    -0.0963451
0.824061    -0.0988356
0.824227    -0.101326
0.82439    -0.103817
0.824551    -0.106307
0.82471    -0.108798
0.824867    -0.111288
0.825022    -0.113779
0.825174    -0.116269
0.825325    -0.118759
0.825474    -0.12125
0.82562    -0.12374
0.825764    -0.12623
0.825907    -0.12872
0.826047    -0.13121
0.826185    -0.1337
0.826321    -0.13619
0.826455    -0.13868
0.826587    -0.14117
0.826717    -0.143659
0.826846    -0.146149
0.826972    -0.148638
0.827096    -0.151127
0.827218    -0.153616
0.827338    -0.156105
0.827456    -0.158594
0.827572    -0.161082
0.827687    -0.163571
0.827799    -0.166059
0.82791    -0.168547
0.828018    -0.171035
0.828125    -0.173522
0.828229    -0.176009
0.828332    -0.178497
0.828433    -0.180983
0.828532    -0.18347
0.82863    -0.185956
0.828725    -0.188443
0.828819    -0.190928
0.82891    -0.193414
0.829    -0.195899
0.829088    -0.198384
0.829174    -0.200869
0.829259    -0.203353
0.829341    -0.205838
0.829422    -0.208321
0.829501    -0.210805
0.829579    -0.213288
0.829654    -0.215771
0.829728    -0.218253
0.8298    -0.220735
0.829871    -0.223217
0.829939    -0.225698
0.830006    -0.228179
0.830072    -0.23066
0.830135    -0.23314
0.830197    -0.23562
0.830257    -0.238099
0.830316    -0.240578
0.830373    -0.243057
0.830428    -0.245535
0.830482    -0.248013
0.830534    -0.25049
0.830584    -0.252967
0.830633    -0.255443
0.83068    -0.257919
0.830725    -0.260395
0.830769    -0.26287
0.830812    -0.265344
0.830853    -0.267818
0.830892    -0.270292
0.83093    -0.272764
0.830966    -0.275237
0.831001    -0.277709
0.831034    -0.28018
0.831066    -0.282651
0.831096    -0.285121
0.831125    -0.287591
0.831152    -0.29006
0.831178    -0.292529
0.831202    -0.294997
0.831225    -0.297465
0.831247    -0.299931
0.831267    -0.302398
0.831285    -0.304863
0.831303    -0.307329
0.831319    -0.309793
0.831333    -0.312257
0.831346    -0.31472
0.831358    -0.317183
0.831368    -0.319645
0.831377    -0.322106
0.831385    -0.324567
0.831391    -0.327027
0.831396    -0.329486
0.8314    -0.331945
0.831402    -0.334403
0.831403    -0.33686
0.831403    -0.339317
0.831402    -0.341772
0.831399    -0.344228
0.831395    -0.346682
