-0.530209    -1.19528
-0.528957    -1.19407
-0.527707    -1.19284
-0.526461    -1.19162
-0.525219    -1.19039
-0.52398    -1.18916
-0.522745    -1.18792
-0.521514    -1.18668
-0.520286    -1.18543
-0.519061    -1.18418
-0.51784    -1.18293
-0.516622    -1.18168
-0.515408    -1.18041
-0.514198    -1.17915
-0.512991    -1.17788
-0.511788    -1.17661
-0.510588    -1.17533
-0.509391    -1.17405
-0.508198    -1.17277
-0.507009    -1.17148
-0.505823    -1.17019
-0.504641    -1.1689
-0.503462    -1.1676
-0.502286    -1.1663
-0.501114    -1.16499
-0.499946    -1.16368
-0.498781    -1.16237
-0.497619    -1.16105
-0.496461    -1.15973
-0.495307    -1.1584
-0.494155    -1.15707
-0.493008    -1.15574
-0.491864    -1.1544
-0.490723    -1.15306
-0.489586    -1.15172
-0.488452    -1.15037
-0.487321    -1.14902
-0.486194    -1.14767
-0.485071    -1.14631
-0.483951    -1.14495
-0.482834    -1.14358
-0.481721    -1.14221
-0.480611    -1.14084
-0.479505    -1.13946
-0.478402    -1.13808
-0.477302    -1.1367
-0.476206    -1.13531
-0.475113    -1.13392
-0.474024    -1.13253
-0.472938    -1.13113
-0.471856    -1.12973
-0.470777    -1.12832
-0.469701    -1.12691
-0.468628    -1.1255
-0.467559    -1.12408
-0.466494    -1.12266
-0.465431    -1.12124
-0.464373    -1.11982
-0.463317    -1.11839
-0.462265    -1.11695
-0.461216    -1.11552
-0.46017    -1.11408
-0.459128    -1.11263
-0.45809    -1.11119
-0.457054    -1.10974
-0.456022    -1.10828
-0.454993    -1.10682
-0.453968    -1.10536
-0.452945    -1.1039
-0.451927    -1.10243
-0.450911    -1.10096
-0.449899    -1.09949
-0.44889    -1.09801
-0.447884    -1.09653
-0.446882    -1.09504
-0.445883    -1.09355
-0.444887    -1.09206
-0.443894    -1.09057
-0.442905    -1.08907
-0.441919    -1.08757
-0.440936    -1.08607
-0.439957    -1.08456
-0.43898    -1.08305
-0.438007    -1.08153
-0.437038    -1.08001
-0.436071    -1.07849
-0.435108    -1.07697
-0.434148    -1.07544
-0.433191    -1.07391
-0.432237    -1.07238
-0.431287    -1.07084
-0.43034    -1.0693
-0.429396    -1.06776
-0.428455    -1.06621
-0.427517    -1.06466
-0.426583    -1.0631
-0.425652    -1.06155
-0.424723    -1.05999
-0.423799    -1.05843
-0.422877    -1.05686
-0.421958    -1.05529
-0.421043    -1.05372
-0.42013    -1.05214
-0.419221    -1.05056
-0.418315    -1.04898
-0.417412    -1.0474
-0.416513    -1.04581
-0.415616    -1.04422
-0.414722    -1.04262
-0.413832    -1.04102
-0.412945    -1.03942
-0.412061    -1.03782
-0.411179    -1.03621
-0.410301    -1.0346
-0.409427    -1.03299
-0.408555    -1.03137
-0.407686    -1.02976
-0.40682    -1.02813
-0.405957    -1.02651
-0.405098    -1.02488
-0.404241    -1.02325
-0.403388    -1.02162
-0.402537    -1.01998
-0.40169    -1.01834
-0.400845    -1.01669
-0.400004    -1.01505
-0.399166    -1.0134
-0.39833    -1.01175
-0.397498    -1.01009
-0.396668    -1.00843
-0.395842    -1.00677
-0.395019    -1.00511
-0.394198    -1.00344
-0.393381    -1.00177
-0.392566    -1.0001
-0.391755    -0.998423
-0.390946    -0.996744
-0.39014    -0.995062
-0.389338    -0.993378
-0.388538    -0.99169
-0.387741    -0.99
-0.386947    -0.988307
-0.386156    -0.986611
-0.385368    -0.984912
-0.384583    -0.98321
-0.383801    -0.981505
-0.383021    -0.979798
-0.382245    -0.978087
-0.381471    -0.976374
-0.3807    -0.974658
-0.379933    -0.972939
-0.379168    -0.971218
-0.378405    -0.969493
-0.377646    -0.967766
-0.37689    -0.966036
-0.376136    -0.964303
-0.375385    -0.962567
-0.374637    -0.960828
-0.373892    -0.959087
-0.37315    -0.957343
-0.37241    -0.955596
-0.371673    -0.953847
-0.370939    -0.952095
-0.370208    -0.95034
-0.36948    -0.948582
-0.368754    -0.946821
-0.368031    -0.945058
-0.367311    -0.943292
-0.366594    -0.941523
-0.365879    -0.939752
-0.365167    -0.937978
-0.364458    -0.936201
-0.363751    -0.934422
-0.363048    -0.93264
-0.362347    -0.930855
-0.361648    -0.929068
-0.360953    -0.927277
-0.36026    -0.925485
-0.359569    -0.923689
-0.358882    -0.921891
-0.358197    -0.920091
-0.357515    -0.918287
-0.356835    -0.916481
-0.356158    -0.914673
-0.355484    -0.912862
-0.354812    -0.911048
-0.354143    -0.909231
-0.353477    -0.907412
-0.352813    -0.905591
-0.352152    -0.903767
-0.351493    -0.90194
-0.350837    -0.900111
-0.350184    -0.898279
-0.349533    -0.896445
-0.348884    -0.894608
-0.348239    -0.892768
-0.347596    -0.890926
-0.346955    -0.889081
-0.346317    -0.887234
-0.345681    -0.885385
-0.345048    -0.883533
-0.344418    -0.881678
-0.34379    -0.879821
-0.343164    -0.877961
-0.342542    -0.876099
-0.341921    -0.874235
-0.341303    -0.872367
-0.340688    -0.870498
-0.340075    -0.868626
-0.339464    -0.866751
-0.338856    -0.864874
-0.33825    -0.862995
-0.337647    -0.861113
-0.337046    -0.859229
-0.336448    -0.857342
-0.335852    -0.855453
-0.335258    -0.853562
-0.334667    -0.851668
-0.334079    -0.849771
-0.333492    -0.847873
-0.332908    -0.845971
-0.332327    -0.844068
-0.331748    -0.842162
-0.331171    -0.840254
-0.330596    -0.838343
-0.330024    -0.83643
-0.329454    -0.834515
-0.328887    -0.832597
-0.328322    -0.830677
-0.327759    -0.828754
-0.327198    -0.826829
-0.32664    -0.824902
-0.326084    -0.822973
-0.32553    -0.821041
-0.324979    -0.819107
-0.32443    -0.817171
-0.323883    -0.815232
-0.323339    -0.813291
-0.322796    -0.811348
-0.322256    -0.809402
-0.321718    -0.807454
-0.321183    -0.805504
-0.320649    -0.803552
-0.320118    -0.801597
-0.319589    -0.79964
-0.319062    -0.797681
-0.318537    -0.79572
-0.318015    -0.793756
-0.317495    -0.79179
-0.316977    -0.789822
-0.316461    -0.787852
-0.315947    -0.78588
-0.315435    -0.783905
-0.314926    -0.781928
-0.314418    -0.779949
-0.313913    -0.777968
-0.31341    -0.775984
-0.312908    -0.773998
-0.312409    -0.772011
-0.311913    -0.770021
-0.311418    -0.768028
-0.310925    -0.766034
-0.310434    -0.764038
-0.309946    -0.762039
-0.309459    -0.760038
-0.308974    -0.758035
-0.308492    -0.75603
-0.308011    -0.754023
-0.307533    -0.752014
-0.307056    -0.750002
-0.306582    -0.747989
-0.306109    -0.745973
-0.305638    -0.743956
-0.30517    -0.741936
-0.304703    -0.739914
-0.304239    -0.73789
-0.303776    -0.735864
-0.303315    -0.733836
-0.302856    -0.731806
-0.302399    -0.729774
-0.301944    -0.727739
-0.301491    -0.725703
-0.30104    -0.723665
-0.300591    -0.721624
-0.300143    -0.719582
-0.299698    -0.717538
-0.299254    -0.715491
-0.298812    -0.713443
-0.298372    -0.711393
-0.297934    -0.70934
-0.297498    -0.707286
-0.297063    -0.705229
-0.296631    -0.703171
-0.2962    -0.701111
-0.295771    -0.699048
-0.295344    -0.696984
-0.294918    -0.694918
-0.294495    -0.69285
-0.294073    -0.69078
-0.293652    -0.688708
-0.293234    -0.686634
-0.292817    -0.684558
-0.292402    -0.68248
-0.291989    -0.6804
-0.291578    -0.678319
-0.291168    -0.676235
-0.29076    -0.67415
-0.290354    -0.672062
-0.289949    -0.669973
-0.289546    -0.667882
-0.289145    -0.665789
-0.288745    -0.663694
-0.288347    -0.661598
-0.287951    -0.659499
-0.287556    -0.657399
-0.287163    -0.655296
-0.286771    -0.653192
-0.286381    -0.651086
-0.285993    -0.648979
-0.285606    -0.646869
-0.285221    -0.644758
-0.284838    -0.642644
-0.284456    -0.640529
-0.284075    -0.638413
-0.283696    -0.636294
-0.283319    -0.634174
-0.282943    -0.632052
-0.282569    -0.629928
-0.282196    -0.627802
-0.281825    -0.625674
-0.281455    -0.623545
-0.281087    -0.621414
-0.280721    -0.619282
-0.280355    -0.617147
-0.279991    -0.615011
-0.279629    -0.612873
-0.279268    -0.610733
-0.278909    -0.608592
-0.278551    -0.606449
-0.278194    -0.604304
-0.277839    -0.602158
-0.277485    -0.60001
-0.277133    -0.59786
-0.276782    -0.595708
-0.276432    -0.593555
-0.276084    -0.5914
-0.275737    -0.589244
-0.275391    -0.587086
-0.275047    -0.584926
-0.274704    -0.582765
-0.274363    -0.580601
-0.274023    -0.578437
-0.273684    -0.57627
-0.273346    -0.574102
-0.27301    -0.571933
-0.272675    -0.569762
-0.272341    -0.567589
-0.272009    -0.565415
-0.271677    -0.563239
-0.271348    -0.561061
-0.271019    -0.558882
-0.270691    -0.556701
-0.270365    -0.554519
-0.27004    -0.552335
-0.269716    -0.55015
-0.269394    -0.547963
-0.269072    -0.545775
-0.268752    -0.543585
-0.268433    -0.541393
-0.268115    -0.5392
-0.267798    -0.537006
-0.267482    -0.53481
-0.267168    -0.532612
-0.266855    -0.530413
-0.266542    -0.528213
-0.266231    -0.526011
-0.265921    -0.523807
-0.265612    -0.521602
-0.265304    -0.519396
-0.264997    -0.517188
-0.264692    -0.514978
-0.264387    -0.512768
-0.264083    -0.510556
-0.263781    -0.508342
-0.263479    -0.506127
-0.263179    -0.50391
-0.262879    -0.501692
-0.262581    -0.499473
-0.262283    -0.497252
-0.261987    -0.49503
-0.261691    -0.492807
-0.261397    -0.490582
-0.261103    -0.488356
-0.26081    -0.486128
-0.260519    -0.483899
-0.260228    -0.481669
-0.259938    -0.479437
-0.259649    -0.477204
-0.259361    -0.47497
-0.259074    -0.472734
-0.258788    -0.470497
-0.258502    -0.468259
-0.258218    -0.466019
-0.257934    -0.463778
-0.257651    -0.461536
-0.257369    -0.459292
-0.257088    -0.457048
-0.256808    -0.454802
-0.256528    -0.452554
-0.25625    -0.450306
-0.255972    -0.448056
-0.255695    -0.445805
-0.255419    -0.443552
-0.255143    -0.441299
-0.254868    -0.439044
-0.254594    -0.436788
-0.254321    -0.43453
-0.254049    -0.432272
-0.253777    -0.430012
-0.253506    -0.427751
-0.253235    -0.425489
-0.252966    -0.423226
-0.252697    -0.420961
-0.252428    -0.418696
-0.252161    -0.416429
-0.251894    -0.414161
-0.251628    -0.411892
-0.251362    -0.409622
-0.251097    -0.40735
-0.250833    -0.405078
-0.250569    -0.402804
-0.250306    -0.400529
-0.250043    -0.398253
-0.249781    -0.395976
-0.24952    -0.393698
-0.249259    -0.391419
-0.248999    -0.389139
-0.248739    -0.386857
-0.24848    -0.384575
-0.248222    -0.382291
-0.247964    -0.380007
-0.247706    -0.377721
-0.247449    -0.375435
-0.247193    -0.373147
-0.246937    -0.370858
-0.246681    -0.368569
-0.246426    -0.366278
-0.246172    -0.363986
-0.245917    -0.361693
-0.245664    -0.3594
-0.245411    -0.357105
-0.245158    -0.354809
-0.244905    -0.352513
-0.244653    -0.350215
-0.244402    -0.347916
-0.244151    -0.345617
-0.2439    -0.343316
-0.24365    -0.341015
-0.2434    -0.338712
-0.24315    -0.336409
-0.242901    -0.334105
-0.242652    -0.3318
-0.242403    -0.329494
-0.242155    -0.327187
-0.241907    -0.324879
-0.241659    -0.32257
-0.241412    -0.320261
-0.241165    -0.31795
-0.240918    -0.315639
-0.240671    -0.313327
-0.240425    -0.311014
-0.240179    -0.3087
-0.239933    -0.306385
-0.239688    -0.30407
-0.239442    -0.301754
-0.239197    -0.299436
-0.238952    -0.297118
-0.238707    -0.2948
-0.238463    -0.29248
-0.238219    -0.29016
-0.237974    -0.287839
-0.23773    -0.285517
-0.237486    -0.283194
-0.237243    -0.280871
-0.236999    -0.278547
-0.236756    -0.276222
-0.236512    -0.273897
-0.236269    -0.27157
-0.236026    -0.269243
-0.235783    -0.266916
-0.23554    -0.264587
-0.235297    -0.262258
-0.235054    -0.259928
-0.234811    -0.257598
-0.234569    -0.255267
-0.234326    -0.252935
-0.234083    -0.250602
-0.233841    -0.248269
-0.233598    -0.245936
-0.233355    -0.243601
-0.233113    -0.241266
-0.23287    -0.238931
-0.232627    -0.236594
-0.232385    -0.234258
-0.232142    -0.23192
-0.231899    -0.229582
-0.231656    -0.227243
-0.231413    -0.224904
-0.23117    -0.222564
-0.230927    -0.220224
-0.230684    -0.217883
-0.23044    -0.215542
-0.230197    -0.2132
-0.229953    -0.210857
-0.229709    -0.208514
-0.229466    -0.206171
-0.229222    -0.203827
-0.228977    -0.201482
-0.228733    -0.199137
-0.228488    -0.196792
-0.228244    -0.194446
-0.227999    -0.1921
-0.227754    -0.189753
-0.227508    -0.187405
-0.227263    -0.185057
-0.227017    -0.182709
-0.226771    -0.180361
-0.226525    -0.178011
-0.226278    -0.175662
-0.226031    -0.173312
-0.225784    -0.170962
-0.225537    -0.168611
-0.225289    -0.16626
-0.225041    -0.163909
-0.224793    -0.161557
-0.224544    -0.159205
-0.224295    -0.156852
-0.224046    -0.154499
-0.223796    -0.152146
-0.223546    -0.149792
-0.223296    -0.147438
-0.223045    -0.145084
-0.222794    -0.14273
-0.222543    -0.140375
-0.222291    -0.13802
-0.222038    -0.135665
-0.221786    -0.133309
-0.221533    -0.130953
-0.221279    -0.128597
-0.221025    -0.12624
-0.22077    -0.123884
-0.220515    -0.121527
-0.22026    -0.11917
-0.220004    -0.116812
-0.219748    -0.114455
-0.219491    -0.112097
-0.219233    -0.109739
-0.218976    -0.107381
-0.218717    -0.105023
-0.218458    -0.102664
-0.218199    -0.100306
-0.217939    -0.0979467
-0.217678    -0.0955877
-0.217417    -0.0932286
-0.217155    -0.0908694
-0.216893    -0.08851
-0.21663    -0.0861505
-0.216366    -0.0837909
-0.216102    -0.0814312
-0.215837    -0.0790715
-0.215572    -0.0767116
-0.215306    -0.0743516
-0.215039    -0.0719916
-0.214772    -0.0696315
-0.214504    -0.0672714
-0.214235    -0.0649112
-0.213966    -0.062551
-0.213696    -0.0601908
-0.213425    -0.0578305
-0.213153    -0.0554702
-0.212881    -0.05311
-0.212608    -0.0507497
-0.212335    -0.0483894
-0.21206    -0.0460292
-0.211785    -0.0436689
-0.211509    -0.0413088
-0.211233    -0.0389486
-0.210955    -0.0365885
-0.210677    -0.0342285
-0.210398    -0.0318685
-0.210118    -0.0295086
-0.209838    -0.0271488
-0.209556    -0.0247891
-0.209274    -0.0224295
-0.208991    -0.02007
-0.208707    -0.0177106
-0.208422    -0.0153513
-0.208137    -0.0129922
-0.20785    -0.0106332
-0.207563    -0.00827438
-0.207274    -0.00591569
-0.206985    -0.00355716
-0.206695    -0.00119881
-0.206404    0.00115936
-0.206112    0.00351734
-0.20582    0.00587513
-0.205526    0.00823271
-0.205231    0.0105901
-0.204936    0.0129472
-0.204639    0.0153041
-0.204341    0.0176608
-0.204043    0.0200172
-0.203743    0.0223734
-0.203443    0.0247293
-0.203141    0.027085
-0.202839    0.0294403
-0.202535    0.0317954
-0.20223    0.0341502
-0.201925    0.0365047
-0.201618    0.0388589
-0.20131    0.0412127
-0.201002    0.0435662
-0.200692    0.0459194
-0.200381    0.0482723
-0.200069    0.0506248
-0.199756    0.0529769
-0.199441    0.0553286
-0.199126    0.05768
-0.19881    0.060031
-0.198492    0.0623816
-0.198173    0.0647318
-0.197853    0.0670816
-0.197532    0.069431
-0.19721    0.07178
-0.196887    0.0741285
-0.196562    0.0764766
-0.196237    0.0788242
-0.19591    0.0811714
-0.195582    0.0835181
-0.195253    0.0858643
-0.194922    0.08821
-0.19459    0.0905553
-0.194257    0.0929
-0.193923    0.0952443
-0.193588    0.097588
-0.193251    0.0999312
-0.192913    0.102274
-0.192574    0.104616
-0.192233    0.106958
-0.191891    0.109299
-0.191548    0.111639
-0.191204    0.113979
-0.190858    0.116318
-0.190511    0.118657
-0.190163    0.120995
-0.189813    0.123333
-0.189462    0.12567
-0.189109    0.128006
-0.188756    0.130341
-0.1884    0.132676
-0.188044    0.135011
-0.187686    0.137344
-0.187327    0.139678
-0.186966    0.14201
-0.186604    0.144342
-0.18624    0.146673
-0.185876    0.149003
-0.185509    0.151332
-0.185141    0.153661
-0.184772    0.155989
-0.184401    0.158317
-0.184029    0.160644
-0.183656    0.16297
-0.18328    0.165295
-0.182904    0.167619
-0.182526    0.169943
-0.182146    0.172266
-0.181765    0.174588
-0.181382    0.176909
-0.180998    0.17923
-0.180613    0.181549
-0.180225    0.183868
-0.179837    0.186186
-0.179446    0.188503
-0.179054    0.19082
-0.178661    0.193135
-0.178266    0.19545
-0.177869    0.197764
-0.177471    0.200076
-0.177071    0.202388
-0.17667    0.204699
-0.176267    0.20701
-0.175862    0.209319
-0.175456    0.211627
-0.175048    0.213935
-0.174639    0.216241
-0.174227    0.218547
-0.173814    0.220852
-0.1734    0.223155
-0.172984    0.225458
-0.172566    0.22776
-0.172146    0.23006
-0.171725    0.23236
-0.171302    0.234659
-0.170877    0.236957
-0.170451    0.239253
-0.170023    0.241549
-0.169593    0.243844
-0.169161    0.246137
-0.168728    0.24843
-0.168293    0.250721
-0.167856    0.253012
-0.167417    0.255301
-0.166977    0.257589
-0.166535    0.259877
-0.166091    0.262163
-0.165645    0.264448
-0.165197    0.266732
-0.164748    0.269014
-0.164297    0.271296
-0.163844    0.273576
-0.163389    0.275856
-0.162932    0.278134
-0.162474    0.280411
-0.162013    0.282687
-0.161551    0.284961
-0.161087    0.287235
-0.160621    0.289507
-0.160153    0.291778
-0.159683    0.294048
-0.159211    0.296317
-0.158738    0.298584
-0.158262    0.30085
-0.157785    0.303115
-0.157306    0.305379
-0.156824    0.307641
-0.156341    0.309903
-0.155856    0.312162
-0.155369    0.314421
-0.15488    0.316678
-0.154389    0.318934
-0.153896    0.321189
-0.153401    0.323442
-0.152904    0.325694
-0.152405    0.327945
-0.151904    0.330194
-0.151401    0.332443
-0.150896    0.334689
-0.150389    0.336934
-0.14988    0.339178
-0.149369    0.341421
-0.148856    0.343662
-0.14834    0.345902
-0.147823    0.34814
-0.147304    0.350377
-0.146783    0.352613
-0.146259    0.354847
-0.145734    0.357079
-0.145206    0.35931
-0.144677    0.36154
-0.144145    0.363768
-0.143611    0.365995
-0.143075    0.368221
-0.142537    0.370444
-0.141997    0.372667
-0.141454    0.374888
-0.14091    0.377107
-0.140363    0.379325
-0.139814    0.381541
-0.139263    0.383756
-0.13871    0.385969
-0.138155    0.388181
-0.137598    0.390391
-0.137038    0.392599
-0.136476    0.394806
-0.135912    0.397011
-0.135346    0.399215
-0.134777    0.401417
-0.134207    0.403618
-0.133634    0.405817
-0.133059    0.408014
-0.132482    0.41021
-0.131902    0.412404
-0.13132    0.414596
-0.130736    0.416787
-0.13015    0.418976
-0.129561    0.421164
-0.12897    0.423349
-0.128377    0.425534
-0.127782    0.427716
-0.127184    0.429897
-0.126584    0.432075
-0.125982    0.434253
-0.125377    0.436428
-0.12477    0.438602
-0.124161    0.440774
-0.12355    0.442944
-0.122936    0.445113
-0.12232    0.44728
-0.121701    0.449445
-0.12108    0.451608
-0.120457    0.453769
-0.119831    0.455929
-0.119203    0.458087
-0.118573    0.460242
-0.11794    0.462397
-0.117305    0.464549
-0.116668    0.466699
-0.116028    0.468848
-0.115386    0.470995
-0.114741    0.47314
-0.114094    0.475283
-0.113444    0.477424
-0.112792    0.479563
-0.112138    0.481701
-0.111481    0.483836
-0.110822    0.48597
-0.11016    0.488102
-0.109496    0.490231
-0.10883    0.492359
-0.108161    0.494485
-0.107489    0.496609
-0.106815    0.498731
-0.106139    0.500851
-0.10546    0.502969
-0.104778    0.505085
-0.104095    0.507199
-0.103408    0.509311
-0.102719    0.511421
-0.102028    0.513529
-0.101334    0.515635
-0.100637    0.517739
-0.0999384    0.519841
-0.0992369    0.521941
-0.0985329    0.524039
-0.0978263    0.526135
-0.0971171    0.528229
-0.0964055    0.530321
-0.0956912    0.53241
-0.0949744    0.534498
-0.094255    0.536583
-0.0935331    0.538666
-0.0928086    0.540748
-0.0920815    0.542827
-0.0913518    0.544904
-0.0906195    0.546978
-0.0898846    0.549051
-0.0891472    0.551122
-0.0884071    0.55319
-0.0876644    0.555256
-0.086919    0.55732
-0.0861711    0.559382
-0.0854205    0.561442
-0.0846673    0.563499
-0.0839115    0.565554
-0.083153    0.567607
-0.0823919    0.569658
-0.0816281    0.571707
-0.0808617    0.573753
-0.0800926    0.575797
-0.0793208    0.577839
-0.0785464    0.579878
-0.0777693    0.581916
-0.0769895    0.583951
-0.0762071    0.585983
-0.0754219    0.588014
-0.0746341    0.590042
-0.0738435    0.592068
-0.0730503    0.594091
-0.0722543    0.596112
-0.0714556    0.598131
-0.0706542    0.600148
-0.0698501    0.602162
-0.0690433    0.604173
-0.0682337    0.606183
-0.0674214    0.60819
-0.0666064    0.610195
-0.0657886    0.612197
-0.0649681    0.614197
-0.0641448    0.616194
-0.0633188    0.618189
-0.06249    0.620182
-0.0616584    0.622172
-0.0608241    0.62416
-0.059987    0.626145
-0.0591471    0.628128
-0.0583044    0.630109
-0.057459    0.632086
-0.0566107    0.634062
-0.0557597    0.636035
-0.0549058    0.638005
-0.0540492    0.639973
-0.0531898    0.641939
-0.0523275    0.643902
-0.0514624    0.645862
-0.0505946    0.64782
-0.0497238    0.649776
-0.0488503    0.651729
-0.0479739    0.653679
-0.0470947    0.655627
-0.0462127    0.657572
-0.0453278    0.659515
-0.0444401    0.661455
-0.0435495    0.663392
-0.042656    0.665327
-0.0417598    0.667259
-0.0408606    0.669189
-0.0399586    0.671116
-0.0390537    0.67304
-0.0381459    0.674962
-0.0372353    0.676881
-0.0363218    0.678797
-0.0354054    0.680711
-0.0344861    0.682622
-0.0335639    0.68453
-0.0326388    0.686436
-0.0317108    0.688339
-0.03078    0.690239
-0.0298462    0.692137
-0.0289095    0.694032
-0.0279699    0.695924
-0.0270274    0.697813
-0.0260819    0.6997
-0.0251336    0.701584
-0.0241823    0.703465
-0.0232281    0.705344
-0.0222709    0.707219
-0.0213109    0.709092
-0.0203478    0.710962
-0.0193819    0.71283
-0.018413    0.714694
-0.0174411    0.716556
-0.0164663    0.718415
-0.0154885    0.720271
-0.0145078    0.722124
-0.0135241    0.723974
-0.0125375    0.725822
-0.0115479    0.727666
-0.0105553    0.729508
-0.00955976    0.731347
-0.00856122    0.733183
-0.00755972    0.735016
-0.00655522    0.736846
-0.00554775    0.738673
-0.00453728    0.740498
-0.00352383    0.742319
-0.00250738    0.744138
-0.00148794    0.745953
-0.000465495    0.747766
0.000559949    0.749576
0.0015884    0.751382
0.00261985    0.753186
0.00365432    0.754987
0.0046918    0.756785
0.00573229    0.758579
0.0067758    0.760371
0.00782233    0.76216
0.00887188    0.763946
0.00992446    0.765728
0.0109801    0.767508
0.0120387    0.769285
0.0131004    0.771058
0.0141651    0.772829
