0.0152328    0.774596
0.0163036    0.776361
0.0173774    0.778122
0.0184543    0.77988
0.0195342    0.781636
0.0206172    0.783388
0.0217032    0.785137
0.0227922    0.786882
0.0238844    0.788625
0.0249796    0.790365
0.0260778    0.792101
0.0271791    0.793834
0.0282835    0.795564
0.0293909    0.797291
0.0305014    0.799015
0.031615    0.800735
0.0327316    0.802453
0.0338513    0.804167
0.0349741    0.805878
0.0361    0.807585
0.0372289    0.80929
0.038361    0.810991
0.0394961    0.812689
0.0406343    0.814384
0.0417756    0.816075
0.0429199    0.817764
0.0440674    0.819449
0.0452179    0.82113
0.0463716    0.822809
0.0475283    0.824484
0.0486882    0.826155
0.0498511    0.827824
0.0510171    0.829489
0.0521863    0.831151
0.0533585    0.832809
0.0545338    0.834464
0.0557123    0.836116
0.0568938    0.837765
0.0580785    0.83941
0.0592663    0.841051
0.0604572    0.842689
0.0616512    0.844324
0.0628483    0.845956
0.0640485    0.847584
0.0652518    0.849208
0.0664583    0.85083
0.0676678    0.852447
0.0688805    0.854062
0.0700963    0.855673
0.0713152    0.85728
0.0725373    0.858884
0.0737625    0.860484
0.0749907    0.862081
0.0762222    0.863675
0.0774567    0.865265
0.0786944    0.866851
0.0799352    0.868434
0.0811791    0.870014
0.0824261    0.871589
0.0836763    0.873162
0.0849296    0.874731
0.0861861    0.876296
0.0874456    0.877857
0.0887083    0.879416
0.0899742    0.88097
0.0912431    0.882521
0.0925152    0.884068
0.0937905    0.885612
0.0950688    0.887152
0.0963503    0.888688
0.097635    0.890221
0.0989227    0.89175
0.100214    0.893276
0.101508    0.894798
0.102805    0.896316
0.104105    0.897831
0.105409    0.899341
0.106715    0.900849
0.108025    0.902352
0.109338    0.903852
0.110654    0.905348
0.111973    0.90684
0.113295    0.908329
0.114621    0.909814
0.115949    0.911295
0.117281    0.912772
0.118616    0.914245
0.119953    0.915715
0.121295    0.917181
0.122639    0.918644
0.123986    0.920102
0.125337    0.921557
0.12669    0.923007
0.128047    0.924454
0.129407    0.925897
0.13077    0.927337
0.132136    0.928772
0.133505    0.930204
0.134878    0.931632
0.136253    0.933055
0.137632    0.934475
0.139014    0.935891
0.140399    0.937304
0.141787    0.938712
0.143178    0.940116
0.144572    0.941517
0.14597    0.942913
0.14737    0.944306
0.148774    0.945694
0.150181    0.947079
0.151591    0.94846
0.153004    0.949836
0.15442    0.951209
0.155839    0.952578
0.157261    0.953943
0.158687    0.955303
0.160116    0.95666
0.161547    0.958013
0.162982    0.959361
0.16442    0.960706
0.165861    0.962047
0.167306    0.963383
0.168753    0.964716
0.170203    0.966044
0.171657    0.967368
0.173113    0.968689
0.174573    0.970005
0.176036    0.971317
0.177502    0.972624
0.178971    0.973928
0.180443    0.975228
0.181918    0.976523
0.183396    0.977815
0.184878    0.979102
0.186362    0.980385
0.18785    0.981664
0.18934    0.982938
0.190834    0.984209
0.192331    0.985475
0.193831    0.986737
0.195334    0.987995
0.19684    0.989248
0.198349    0.990498
0.199861    0.991743
0.201376    0.992984
0.202894    0.99422
0.204416    0.995453
0.20594    0.996681
0.207468    0.997905
0.208998    0.999124
0.210532    1.00034
0.212068    1.00155
0.213608    1.00276
0.215151    1.00396
0.216697    1.00516
0.218245    1.00635
0.219797    1.00754
0.221352    1.00872
0.22291    1.0099
0.224471    1.01108
0.226035    1.01225
0.227602    1.01342
0.229172    1.01458
0.230745    1.01574
0.232321    1.0169
0.2339    1.01804
0.235482    1.01919
0.237067    1.02033
0.238655    1.02147
0.240246    1.0226
0.24184    1.02373
0.243437    1.02485
0.245037    1.02597
0.24664    1.02708
0.248246    1.02819
0.249855    1.0293
0.251467    1.0304
0.253082    1.03149
0.2547    1.03258
0.256321    1.03367
0.257945    1.03475
0.259572    1.03583
0.261201    1.0369
0.262834    1.03797
0.26447    1.03904
0.266108    1.04009
0.26775    1.04115
0.269394    1.0422
0.271042    1.04324
0.272692    1.04429
0.274345    1.04532
0.276001    1.04635
0.27766    1.04738
0.279322    1.0484
0.280987    1.04942
0.282655    1.05043
0.284326    1.05144
0.285999    1.05244
0.287676    1.05344
0.289355    1.05444
0.291037    1.05543
0.292722    1.05641
0.29441    1.05739
0.296101    1.05837
0.297795    1.05934
0.299491    1.0603
0.301191    1.06126
0.302893    1.06222
0.304598    1.06317
0.306306    1.06412
0.308017    1.06506
0.30973    1.06599
0.311447    1.06693
0.313166    1.06785
0.314888    1.06878
0.316613    1.06969
0.31834    1.07061
0.320071    1.07151
0.321804    1.07242
0.32354    1.07332
0.325279    1.07421
0.32702    1.0751
0.328765    1.07598
0.330512    1.07686
0.332262    1.07773
0.334014    1.0786
0.33577    1.07946
0.337528    1.08032
0.339289    1.08118
0.341052    1.08202
0.342819    1.08287
0.344588    1.08371
0.346359    1.08454
0.348134    1.08537
0.349911    1.08619
0.351691    1.08701
0.353473    1.08783
0.355259    1.08864
0.357047    1.08944
0.358837    1.09024
0.36063    1.09103
0.362426    1.09182
0.364225    1.0926
0.366026    1.09338
0.36783    1.09415
0.369636    1.09492
0.371445    1.09569
0.373257    1.09644
0.375072    1.0972
0.376889    1.09794
0.378708    1.09869
0.38053    1.09942
0.382355    1.10016
0.384182    1.10088
0.386012    1.10161
0.387845    1.10232
0.38968    1.10303
0.391517    1.10374
0.393357    1.10444
0.3952    1.10514
0.397045    1.10583
0.398893    1.10652
0.400743    1.1072
0.402596    1.10787
0.404451    1.10854
0.406309    1.10921
0.408169    1.10986
0.410032    1.11052
0.411897    1.11117
0.413765    1.11181
0.415635    1.11245
0.417508    1.11308
0.419383    1.11371
0.42126    1.11433
0.42314    1.11495
0.425022    1.11556
0.426907    1.11617
0.428794    1.11677
0.430684    1.11737
0.432576    1.11796
0.43447    1.11854
0.436367    1.11912
0.438266    1.11969
0.440167    1.12026
0.442071    1.12083
0.443977    1.12138
0.445886    1.12194
0.447797    1.12248
0.44971    1.12303
0.451625    1.12356
0.453543    1.12409
0.455463    1.12462
0.457385    1.12514
0.45931    1.12565
0.461236    1.12616
0.463166    1.12667
0.465097    1.12716
0.46703    1.12766
0.468966    1.12814
0.470904    1.12863
0.472845    1.1291
0.474787    1.12957
0.476732    1.13004
0.478678    1.1305
0.480627    1.13095
0.482579    1.1314
0.484532    1.13184
0.486488    1.13228
0.488445    1.13271
0.490405    1.13314
0.492367    1.13356
0.494331    1.13397
0.496297    1.13438
0.498265    1.13479
0.500236    1.13518
0.502208    1.13558
0.504182    1.13596
0.506159    1.13634
0.508137    1.13672
0.510118    1.13709
0.512101    1.13745
0.514085    1.13781
0.516072    1.13817
0.518061    1.13851
0.520051    1.13885
0.522044    1.13919
0.524038    1.13952
0.526035    1.13984
0.528034    1.14016
0.530034    1.14048
0.532036    1.14078
0.534041    1.14109
0.536047    1.14138
0.538055    1.14167
0.540065    1.14196
0.542077    1.14223
0.544091    1.14251
0.546106    1.14277
0.548124    1.14304
0.550143    1.14329
0.552164    1.14354
0.554187    1.14378
0.556212    1.14402
0.558238    1.14426
0.560266    1.14448
0.562297    1.1447
0.564328    1.14492
0.566362    1.14513
0.568397    1.14533
0.570434    1.14553
0.572473    1.14572
0.574514    1.1459
0.576556    1.14608
0.5786    1.14626
0.580645    1.14643
0.582692    1.14659
0.584741    1.14674
0.586792    1.1469
0.588844    1.14704
0.590898    1.14718
0.592953    1.14731
0.59501    1.14744
0.597068    1.14756
0.599129    1.14767
0.60119    1.14778
0.603253    1.14789
0.605318    1.14798
0.607384    1.14807
0.609452    1.14816
0.611521    1.14824
0.613592    1.14831
0.615664    1.14838
0.617738    1.14844
0.619813    1.1485
0.62189    1.14855
0.623968    1.14859
0.626047    1.14863
