-0.569742    -1.17753
-0.568853    -1.17603
-0.567968    -1.17452
-0.567086    -1.173
-0.566208    -1.17149
-0.565333    -1.16997
-0.564462    -1.16844
-0.563594    -1.16692
-0.56273    -1.16539
-0.56187    -1.16386
-0.561013    -1.16232
-0.560159    -1.16078
-0.559309    -1.15924
-0.558463    -1.15769
-0.55762    -1.15614
-0.55678    -1.15459
-0.555944    -1.15303
-0.555112    -1.15147
-0.554283    -1.14991
-0.553457    -1.14835
-0.552635    -1.14678
-0.551817    -1.1452
-0.551001    -1.14363
-0.55019    -1.14205
-0.549381    -1.14047
-0.548576    -1.13888
-0.547775    -1.13729
-0.546977    -1.1357
-0.546182    -1.13411
-0.545391    -1.13251
-0.544603    -1.13091
-0.543819    -1.12931
-0.543038    -1.1277
-0.54226    -1.12609
-0.541485    -1.12447
-0.540714    -1.12286
-0.539947    -1.12124
-0.539182    -1.11961
-0.538421    -1.11799
-0.537664    -1.11636
-0.536909    -1.11473
-0.536158    -1.11309
-0.535411    -1.11145
-0.534666    -1.10981
-0.533925    -1.10816
-0.533187    -1.10652
-0.532453    -1.10487
-0.531721    -1.10321
-0.530993    -1.10155
-0.530269    -1.09989
-0.529547    -1.09823
-0.528829    -1.09657
-0.528114    -1.0949
-0.527402    -1.09322
-0.526693    -1.09155
-0.525988    -1.08987
-0.525286    -1.08819
-0.524587    -1.0865
-0.523891    -1.08482
-0.523198    -1.08313
-0.522509    -1.08143
-0.521822    -1.07974
-0.521139    -1.07804
-0.520459    -1.07634
-0.519782    -1.07463
-0.519109    -1.07292
-0.518438    -1.07121
-0.517771    -1.0695
-0.517106    -1.06778
-0.516445    -1.06606
-0.515787    -1.06434
-0.515132    -1.06262
-0.51448    -1.06089
-0.513831    -1.05916
-0.513185    -1.05742
-0.512542    -1.05569
-0.511902    -1.05395
-0.511266    -1.0522
-0.510632    -1.05046
-0.510001    -1.04871
-0.509374    -1.04696
-0.508749    -1.0452
-0.508127    -1.04345
-0.507509    -1.04169
-0.506893    -1.03993
-0.50628    -1.03816
-0.505671    -1.03639
-0.505064    -1.03462
-0.50446    -1.03285
-0.503859    -1.03107
-0.503261    -1.02929
-0.502666    -1.02751
-0.502074    -1.02572
-0.501485    -1.02394
-0.500899    -1.02215
-0.500316    -1.02035
-0.499735    -1.01856
-0.499158    -1.01676
-0.498583    -1.01496
-0.498011    -1.01315
-0.497442    -1.01135
-0.496876    -1.00954
-0.496313    -1.00773
-0.495752    -1.00591
-0.495194    -1.00409
-0.49464    -1.00227
-0.494088    -1.00045
-0.493538    -0.998626
-0.492992    -0.996797
-0.492448    -0.994967
-0.491907    -0.993133
-0.491369    -0.991297
-0.490834    -0.989458
-0.490301    -0.987616
-0.489771    -0.985772
-0.489244    -0.983926
-0.48872    -0.982076
-0.488198    -0.980224
-0.487679    -0.97837
-0.487163    -0.976512
-0.486649    -0.974653
-0.486138    -0.97279
-0.48563    -0.970925
-0.485125    -0.969058
-0.484622    -0.967187
-0.484121    -0.965315
-0.483624    -0.963439
-0.483129    -0.961562
-0.482636    -0.959681
-0.482146    -0.957798
-0.481659    -0.955913
-0.481175    -0.954025
-0.480693    -0.952134
-0.480213    -0.950241
-0.479736    -0.948345
-0.479262    -0.946447
-0.47879    -0.944546
-0.478321    -0.942643
-0.477854    -0.940737
-0.47739    -0.938829
-0.476929    -0.936919
-0.476469    -0.935005
-0.476013    -0.93309
-0.475559    -0.931172
-0.475107    -0.929251
-0.474658    -0.927328
-0.474211    -0.925402
-0.473767    -0.923475
-0.473325    -0.921544
-0.472886    -0.919611
-0.472449    -0.917676
-0.472014    -0.915738
-0.471582    -0.913798
-0.471153    -0.911856
-0.470725    -0.909911
-0.4703    -0.907963
-0.469878    -0.906013
-0.469458    -0.904061
-0.46904    -0.902107
-0.468624    -0.90015
-0.468211    -0.89819
-0.4678    -0.896229
-0.467392    -0.894265
-0.466986    -0.892298
-0.466582    -0.890329
-0.46618    -0.888358
-0.465781    -0.886385
-0.465384    -0.884409
-0.464989    -0.882431
-0.464597    -0.88045
-0.464207    -0.878467
-0.463819    -0.876482
-0.463433    -0.874494
-0.463049    -0.872505
-0.462668    -0.870512
-0.462289    -0.868518
-0.461912    -0.866521
-0.461537    -0.864522
-0.461165    -0.862521
-0.460794    -0.860517
-0.460426    -0.858512
-0.46006    -0.856503
-0.459696    -0.854493
-0.459334    -0.85248
-0.458975    -0.850465
-0.458617    -0.848448
-0.458262    -0.846429
-0.457908    -0.844407
-0.457557    -0.842383
-0.457208    -0.840357
-0.456861    -0.838329
-0.456516    -0.836298
-0.456173    -0.834266
-0.455832    -0.832231
-0.455493    -0.830193
-0.455156    -0.828154
-0.454821    -0.826112
-0.454488    -0.824069
-0.454157    -0.822023
-0.453828    -0.819975
-0.453501    -0.817924
-0.453176    -0.815872
-0.452853    -0.813817
-0.452532    -0.811761
-0.452213    -0.809702
-0.451896    -0.807641
-0.451581    -0.805577
-0.451267    -0.803512
-0.450956    -0.801445
-0.450646    -0.799375
-0.450339    -0.797303
-0.450033    -0.79523
-0.449729    -0.793154
-0.449427    -0.791076
-0.449127    -0.788996
-0.448828    -0.786913
-0.448532    -0.784829
-0.448237    -0.782743
-0.447944    -0.780654
-0.447653    -0.778564
-0.447363    -0.776471
-0.447076    -0.774376
-0.44679    -0.77228
-0.446506    -0.770181
-0.446223    -0.76808
-0.445943    -0.765977
-0.445664    -0.763872
-0.445387    -0.761766
-0.445111    -0.759657
-0.444838    -0.757546
-0.444566    -0.755433
-0.444295    -0.753318
-0.444027    -0.751201
-0.44376    -0.749082
-0.443494    -0.746961
-0.443231    -0.744838
-0.442968    -0.742713
-0.442708    -0.740586
-0.442449    -0.738457
-0.442192    -0.736326
-0.441936    -0.734194
-0.441682    -0.732059
-0.44143    -0.729922
-0.441179    -0.727783
-0.44093    -0.725643
-0.440682    -0.7235
-0.440436    -0.721356
-0.440191    -0.719209
-0.439948    -0.717061
-0.439706    -0.714911
-0.439466    -0.712759
-0.439227    -0.710605
-0.43899    -0.708449
-0.438754    -0.706291
-0.43852    -0.704131
-0.438287    -0.70197
-0.438056    -0.699806
-0.437826    -0.697641
-0.437597    -0.695474
-0.43737    -0.693305
-0.437145    -0.691134
-0.43692    -0.688961
-0.436697    -0.686787
-0.436476    -0.68461
-0.436256    -0.682432
-0.436037    -0.680252
-0.435819    -0.67807
-0.435603    -0.675886
-0.435389    -0.673701
-0.435175    -0.671513
-0.434963    -0.669324
-0.434752    -0.667133
-0.434542    -0.664941
-0.434334    -0.662746
-0.434127    -0.66055
-0.433921    -0.658352
-0.433717    -0.656152
-0.433513    -0.65395
-0.433311    -0.651747
-0.43311    -0.649542
-0.432911    -0.647335
-0.432712    -0.645127
-0.432515    -0.642916
-0.432319    -0.640704
-0.432124    -0.638491
-0.43193    -0.636275
-0.431738    -0.634058
-0.431546    -0.631839
-0.431356    -0.629619
-0.431167    -0.627396
-0.430979    -0.625173
-0.430792    -0.622947
-0.430606    -0.62072
-0.430421    -0.618491
-0.430237    -0.61626
-0.430055    -0.614028
-0.429873    -0.611794
-0.429692    -0.609558
-0.429513    -0.607321
-0.429334    -0.605082
-0.429157    -0.602842
-0.42898    -0.600599
-0.428805    -0.598356
-0.42863    -0.59611
-0.428456    -0.593863
-0.428284    -0.591615
-0.428112    -0.589365
-0.427941    -0.587113
-0.427772    -0.58486
-0.427603    -0.582605
-0.427435    -0.580348
-0.427268    -0.57809
-0.427102    -0.57583
-0.426936    -0.573569
-0.426772    -0.571307
-0.426608    -0.569042
-0.426446    -0.566777
-0.426284    -0.564509
-0.426123    -0.56224
-0.425963    -0.55997
-0.425803    -0.557698
-0.425645    -0.555425
-0.425487    -0.55315
-0.42533    -0.550873
-0.425174    -0.548595
-0.425018    -0.546316
-0.424864    -0.544035
-0.42471    -0.541753
-0.424557    -0.539469
-0.424404    -0.537184
-0.424252    -0.534897
-0.424101    -0.532609
-0.423951    -0.530319
-0.423801    -0.528028
-0.423652    -0.525736
-0.423504    -0.523442
-0.423356    -0.521147
-0.423209    -0.51885
-0.423063    -0.516552
-0.422917    -0.514252
-0.422772    -0.511952
-0.422627    -0.509649
-0.422483    -0.507346
-0.42234    -0.505041
-0.422197    -0.502734
-0.422055    -0.500426
-0.421913    -0.498117
-0.421772    -0.495807
-0.421631    -0.493495
-0.421491    -0.491182
-0.421351    -0.488867
-0.421212    -0.486551
-0.421074    -0.484234
-0.420936    -0.481916
-0.420798    -0.479596
-0.420661    -0.477275
-0.420524    -0.474953
-0.420388    -0.472629
-0.420252    -0.470304
-0.420117    -0.467978
-0.419982    -0.465651
-0.419847    -0.463322
-0.419713    -0.460992
-0.419579    -0.458661
-0.419446    -0.456328
-0.419313    -0.453995
-0.41918    -0.45166
-0.419047    -0.449324
-0.418915    -0.446986
-0.418784    -0.444648
-0.418652    -0.442308
-0.418521    -0.439967
-0.41839    -0.437625
-0.41826    -0.435281
-0.41813    -0.432937
-0.418    -0.430591
-0.41787    -0.428244
-0.41774    -0.425896
-0.417611    -0.423547
-0.417482    -0.421197
-0.417353    -0.418846
-0.417225    -0.416493
-0.417096    -0.414139
-0.416968    -0.411785
-0.41684    -0.409429
-0.416712    -0.407072
-0.416585    -0.404714
-0.416457    -0.402355
-0.416329    -0.399994
-0.416202    -0.397633
-0.416075    -0.395271
-0.415948    -0.392907
-0.415821    -0.390543
-0.415694    -0.388177
-0.415567    -0.38581
-0.41544    -0.383443
-0.415314    -0.381074
-0.415187    -0.378704
-0.41506    -0.376334
-0.414934    -0.373962
-0.414807    -0.371589
-0.41468    -0.369216
-0.414554    -0.366841
-0.414427    -0.364465
-0.414301    -0.362088
-0.414174    -0.359711
-0.414047    -0.357332
-0.41392    -0.354953
-0.413794    -0.352572
-0.413667    -0.350191
-0.41354    -0.347809
-0.413413    -0.345425
-0.413285    -0.343041
-0.413158    -0.340656
-0.413031    -0.33827
-0.412903    -0.335883
-0.412775    -0.333496
-0.412647    -0.331107
-0.412519    -0.328717
-0.412391    -0.326327
-0.412263    -0.323936
-0.412134    -0.321544
-0.412006    -0.319151
-0.411877    -0.316757
-0.411747    -0.314362
-0.411618    -0.311967
-0.411488    -0.309571
-0.411358    -0.307174
-0.411228    -0.304776
-0.411098    -0.302377
-0.410967    -0.299978
-0.410836    -0.297578
-0.410704    -0.295177
-0.410573    -0.292775
-0.410441    -0.290372
-0.410308    -0.287969
-0.410176    -0.285565
-0.410043    -0.28316
-0.409909    -0.280755
-0.409776    -0.278349
-0.409642    -0.275942
-0.409507    -0.273534
-0.409372    -0.271126
-0.409237    -0.268717
-0.409101    -0.266307
-0.408965    -0.263897
-0.408828    -0.261486
-0.408691    -0.259074
-0.408554    -0.256662
-0.408416    -0.254249
-0.408278    -0.251835
-0.408139    -0.249421
-0.407999    -0.247006
-0.407859    -0.244591
-0.407719    -0.242175
-0.407578    -0.239758
-0.407436    -0.237341
-0.407294    -0.234923
-0.407152    -0.232505
-0.407008    -0.230086
-0.406865    -0.227666
-0.40672    -0.225246
-0.406575    -0.222825
-0.40643    -0.220404
-0.406284    -0.217982
-0.406137    -0.21556
-0.40599    -0.213137
-0.405842    -0.210714
-0.405693    -0.20829
-0.405544    -0.205866
-0.405394    -0.203441
-0.405243    -0.201016
-0.405092    -0.19859
-0.404939    -0.196164
-0.404787    -0.193738
-0.404633    -0.191311
-0.404479    -0.188883
-0.404324    -0.186455
-0.404168    -0.184027
-0.404012    -0.181598
-0.403854    -0.179169
-0.403696    -0.176739
-0.403538    -0.174309
-0.403378    -0.171879
-0.403218    -0.169448
-0.403056    -0.167017
-0.402894    -0.164586
-0.402732    -0.162154
-0.402568    -0.159722
-0.402403    -0.157289
-0.402238    -0.154857
-0.402072    -0.152423
-0.401904    -0.14999
-0.401736    -0.147556
-0.401567    -0.145122
-0.401397    -0.142688
-0.401227    -0.140253
-0.401055    -0.137819
-0.400882    -0.135383
-0.400709    -0.132948
-0.400534    -0.130512
-0.400359    -0.128077
-0.400182    -0.12564
-0.400005    -0.123204
-0.399826    -0.120768
-0.399647    -0.118331
-0.399466    -0.115894
-0.399285    -0.113457
-0.399102    -0.11102
-0.398919    -0.108582
-0.398734    -0.106144
-0.398549    -0.103707
-0.398362    -0.101269
-0.398174    -0.0988306
-0.397985    -0.0963923
-0.397795    -0.093954
-0.397604    -0.0915155
-0.397412    -0.0890769
-0.397219    -0.0866382
-0.397024    -0.0841995
-0.396829    -0.0817606
-0.396632    -0.0793217
-0.396434    -0.0768827
-0.396235    -0.0744436
-0.396035    -0.0720045
-0.395833    -0.0695654
-0.395631    -0.0671262
-0.395427    -0.064687
-0.395222    -0.0622478
-0.395016    -0.0598085
-0.394808    -0.0573693
-0.394599    -0.05493
-0.39439    -0.0524908
-0.394178    -0.0500516
-0.393966    -0.0476125
-0.393752    -0.0451733
-0.393537    -0.0427343
-0.393321    -0.0402953
-0.393103    -0.0378563
-0.392884    -0.0354174
-0.392664    -0.0329786
-0.392442    -0.0305399
-0.392219    -0.0281013
-0.391995    -0.0256628
-0.39177    -0.0232245
-0.391543    -0.0207862
-0.391314    -0.0183481
-0.391084    -0.0159101
-0.390853    -0.0134723
-0.390621    -0.0110346
-0.390387    -0.00859707
-0.390151    -0.00615973
-0.389915    -0.00372257
-0.389677    -0.00128561
-0.389437    0.00115115
-0.389196    0.0035877
-0.388953    0.00602404
-0.388709    0.00846015
-0.388464    0.010896
-0.388217    0.0133317
-0.387968    0.0157671
-0.387718    0.0182022
-0.387467    0.020637
-0.387214    0.0230716
-0.386959    0.0255059
-0.386703    0.0279399
-0.386445    0.0303736
-0.386186    0.032807
-0.385925    0.0352401
-0.385663    0.0376728
-0.385399    0.0401053
-0.385134    0.0425373
-0.384867    0.044969
-0.384598    0.0474004
-0.384328    0.0498314
-0.384056    0.052262
-0.383782    0.0546922
-0.383507    0.057122
-0.38323    0.0595514
-0.382951    0.0619804
-0.382671    0.064409
-0.382389    0.0668372
-0.382106    0.0692649
-0.381821    0.0716922
-0.381534    0.074119
-0.381245    0.0765453
-0.380955    0.0789712
-0.380663    0.0813966
-0.380369    0.0838215
-0.380073    0.0862459
-0.379776    0.0886698
-0.379477    0.0910932
-0.379176    0.0935161
-0.378874    0.0959384
-0.378569    0.0983602
-0.378263    0.100781
-0.377955    0.103202
-0.377645    0.105622
-0.377334    0.108042
-0.37702    0.110461
-0.376705    0.112879
-0.376388    0.115297
-0.376069    0.117714
-0.375748    0.120131
-0.375426    0.122546
-0.375101    0.124962
-0.374775    0.127376
-0.374447    0.12979
-0.374117    0.132204
-0.373785    0.134616
-0.373451    0.137028
-0.373115    0.139439
-0.372777    0.14185
-0.372437    0.14426
-0.372096    0.146669
-0.371752    0.149077
-0.371406    0.151485
-0.371059    0.153892
-0.370709    0.156298
-0.370358    0.158704
-0.370004    0.161108
-0.369649    0.163512
-0.369291    0.165915
-0.368932    0.168318
-0.36857    0.170719
-0.368207    0.17312
-0.367841    0.17552
-0.367474    0.177919
-0.367104    0.180317
-0.366732    0.182715
-0.366359    0.185111
-0.365983    0.187507
-0.365605    0.189902
-0.365225    0.192296
-0.364843    0.194689
-0.364459    0.197081
-0.364072    0.199472
-0.363684    0.201862
-0.363293    0.204252
-0.3629    0.20664
-0.362506    0.209028
-0.362109    0.211415
-0.36171    0.2138
-0.361308    0.216185
-0.360905    0.218569
-0.360499    0.220951
-0.360091    0.223333
-0.359681    0.225714
-0.359269    0.228093
-0.358855    0.230472
-0.358438    0.23285
-0.358019    0.235226
-0.357598    0.237602
-0.357175    0.239977
-0.356749    0.24235
-0.356321    0.244722
-0.355891    0.247094
-0.355459    0.249464
-0.355024    0.251833
-0.354588    0.254201
-0.354148    0.256568
-0.353707    0.258934
-0.353263    0.261299
-0.352817    0.263662
-0.352369    0.266025
-0.351918    0.268386
-0.351465    0.270746
-0.35101    0.273105
-0.350552    0.275462
-0.350092    0.277819
-0.34963    0.280174
-0.349165    0.282528
-0.348698    0.284881
-0.348228    0.287233
-0.347757    0.289583
-0.347282    0.291933
-0.346806    0.29428
-0.346327    0.296627
-0.345845    0.298973
-0.345361    0.301317
-0.344875    0.30366
-0.344386    0.306001
-0.343895    0.308341
-0.343402    0.31068
-0.342905    0.313018
-0.342407    0.315354
-0.341906    0.317689
-0.341403    0.320023
-0.340897    0.322355
-0.340388    0.324686
-0.339877    0.327015
-0.339364    0.329343
-0.338848    0.33167
-0.33833    0.333995
-0.337809    0.336319
-0.337285    0.338642
-0.33676    0.340963
-0.336231    0.343282
-0.3357    0.345601
-0.335167    0.347917
-0.33463    0.350233
-0.334092    0.352546
-0.333551    0.354859
-0.333007    0.35717
-0.33246    0.359479
-0.331911    0.361787
-0.33136    0.364093
-0.330806    0.366398
-0.330249    0.368701
-0.32969    0.371003
-0.329128    0.373303
-0.328563    0.375602
-0.327996    0.377899
-0.327426    0.380194
-0.326853    0.382488
-0.326278    0.384781
-0.325701    0.387071
-0.32512    0.389361
-0.324537    0.391648
-0.323951    0.393934
-0.323363    0.396218
-0.322772    0.398501
-0.322178    0.400782
-0.321581    0.403061
-0.320982    0.405339
-0.32038    0.407615
-0.319776    0.409889
-0.319168    0.412161
-0.318558    0.414432
-0.317946    0.416701
-0.31733    0.418969
-0.316712    0.421235
-0.316091    0.423499
-0.315467    0.425761
-0.314841    0.428021
-0.314211    0.43028
-0.313579    0.432537
-0.312945    0.434792
