-0.3215    0.404123
-0.320899    0.4064
-0.320296    0.408675
-0.31969    0.410949
-0.319081    0.41322
-0.31847    0.41549
-0.317856    0.417759
-0.317239    0.420025
-0.316619    0.42229
-0.315997    0.424554
-0.315372    0.426815
-0.314744    0.429075
-0.314113    0.431333
-0.31348    0.433589
-0.312844    0.435843
-0.312205    0.438096
-0.311563    0.440346
-0.310918    0.442595
-0.310271    0.444842
-0.309621    0.447088
-0.308968    0.449331
-0.308312    0.451573
-0.307654    0.453812
-0.306992    0.45605
-0.306328    0.458286
-0.305661    0.46052
-0.304991    0.462753
-0.304318    0.464983
-0.303643    0.467211
-0.302964    0.469438
-0.302283    0.471662
-0.301599    0.473885
-0.300912    0.476106
-0.300222    0.478325
-0.299529    0.480541
-0.298833    0.482756
-0.298135    0.484969
-0.297433    0.48718
-0.296729    0.489389
-0.296022    0.491596
-0.295312    0.493801
-0.294598    0.496004
-0.293882    0.498204
-0.293163    0.500403
-0.292442    0.5026
-0.291717    0.504795
-0.290989    0.506987
-0.290258    0.509178
-0.289525    0.511366
-0.288788    0.513553
-0.288049    0.515737
-0.287306    0.517919
-0.286561    0.520099
-0.285812    0.522277
-0.285061    0.524453
-0.284306    0.526627
-0.283549    0.528799
-0.282788    0.530968
-0.282025    0.533135
-0.281259    0.5353
-0.280489    0.537463
-0.279717    0.539624
-0.278941    0.541782
-0.278163    0.543939
-0.277381    0.546093
-0.276597    0.548245
-0.275809    0.550394
-0.275019    0.552542
-0.274225    0.554687
-0.273428    0.55683
-0.272629    0.55897
-0.271826    0.561108
-0.27102    0.563245
-0.270211    0.565378
-0.269399    0.56751
-0.268584    0.569639
-0.267766    0.571766
-0.266945    0.57389
-0.266121    0.576012
-0.265294    0.578132
-0.264463    0.580249
-0.26363    0.582365
-0.262793    0.584477
-0.261953    0.586588
-0.26111    0.588695
-0.260264    0.590801
-0.259415    0.592904
-0.258563    0.595005
-0.257708    0.597103
-0.256849    0.599199
-0.255988    0.601292
-0.255123    0.603383
-0.254255    0.605472
-0.253384    0.607558
-0.25251    0.609641
-0.251633    0.611723
-0.250753    0.613801
-0.249869    0.615877
-0.248982    0.617951
-0.248092    0.620022
-0.247199    0.62209
-0.246303    0.624156
-0.245404    0.62622
-0.244501    0.628281
-0.243595    0.630339
-0.242686    0.632395
-0.241774    0.634448
-0.240859    0.636499
-0.23994    0.638547
-0.239019    0.640592
-0.238094    0.642635
-0.237166    0.644675
-0.236234    0.646712
-0.2353    0.648747
-0.234362    0.65078
-0.233421    0.652809
-0.232477    0.654836
-0.23153    0.65686
-0.230579    0.658882
-0.229625    0.660901
-0.228668    0.662917
-0.227708    0.66493
-0.226744    0.666941
-0.225777    0.668949
-0.224807    0.670954
-0.223834    0.672957
-0.222857    0.674957
-0.221878    0.676954
-0.220894    0.678948
-0.219908    0.680939
-0.218919    0.682928
-0.217926    0.684914
-0.21693    0.686897
-0.21593    0.688877
-0.214928    0.690855
-0.213922    0.692829
-0.212912    0.694801
-0.2119    0.69677
-0.210884    0.698736
-0.209865    0.700699
-0.208843    0.702659
-0.207817    0.704617
-0.206788    0.706571
-0.205756    0.708523
-0.204721    0.710472
-0.203682    0.712417
-0.20264    0.71436
-0.201594    0.7163
-0.200546    0.718237
-0.199494    0.720171
-0.198438    0.722102
-0.19738    0.724031
-0.196318    0.725956
-0.195252    0.727878
-0.194184    0.729797
-0.193112    0.731713
-0.192037    0.733626
-0.190958    0.735536
-0.189876    0.737443
-0.188791    0.739347
-0.187703    0.741248
-0.186611    0.743146
-0.185515    0.745041
-0.184417    0.746933
-0.183315    0.748822
-0.18221    0.750707
-0.181101    0.75259
-0.179989    0.754469
-0.178874    0.756345
-0.177756    0.758218
-0.176634    0.760088
-0.175508    0.761955
-0.17438    0.763819
-0.173248    0.765679
-0.172112    0.767537
-0.170974    0.769391
-0.169832    0.771242
-0.168686    0.77309
-0.167537    0.774934
-0.166385    0.776776
-0.16523    0.778614
-0.164071    0.780449
-0.162909    0.78228
-0.161743    0.784109
-0.160574    0.785934
-0.159402    0.787756
-0.158226    0.789574
-0.157047    0.791389
-0.155865    0.793201
-0.154679    0.79501
-0.15349    0.796816
-0.152297    0.798618
-0.151101    0.800416
-0.149902    0.802212
-0.148699    0.804004
-0.147493    0.805792
-0.146284    0.807578
-0.145071    0.80936
-0.143855    0.811138
-0.142635    0.812913
-0.141412    0.814685
-0.140186    0.816453
-0.138956    0.818218
-0.137723    0.81998
-0.136486    0.821738
-0.135247    0.823492
-0.134003    0.825243
-0.132757    0.826991
-0.131507    0.828735
-0.130253    0.830476
-0.128996    0.832213
-0.127736    0.833947
-0.126473    0.835677
-0.125206    0.837404
-0.123935    0.839127
-0.122662    0.840847
-0.121385    0.842563
-0.120104    0.844275
-0.11882    0.845984
-0.117533    0.84769
-0.116242    0.849391
-0.114948    0.85109
-0.113651    0.852784
-0.11235    0.854475
-0.111046    0.856163
-0.109738    0.857846
-0.108427    0.859527
-0.107113    0.861203
-0.105795    0.862876
-0.104474    0.864545
-0.103149    0.866211
-0.101821    0.867872
-0.10049    0.869531
-0.0991552    0.871185
-0.0978171    0.872836
-0.0964756    0.874483
-0.0951308    0.876126
-0.0937826    0.877766
-0.092431    0.879401
-0.091076    0.881033
-0.0897176    0.882662
-0.0883558    0.884286
-0.0869907    0.885907
-0.0856222    0.887524
-0.0842503    0.889137
-0.082875    0.890746
-0.0814964    0.892352
-0.0801144    0.893954
-0.078729    0.895552
-0.0773402    0.897146
-0.0759481    0.898736
-0.0745526    0.900322
-0.0731537    0.901905
-0.0717515    0.903483
-0.0703459    0.905058
-0.0689369    0.906629
-0.0675246    0.908196
-0.0661089    0.909759
-0.0646898    0.911318
-0.0632674    0.912873
-0.0618416    0.914424
-0.0604125    0.915971
-0.05898    0.917515
-0.0575441    0.919054
-0.0561049    0.920589
-0.0546624    0.922121
-0.0532165    0.923648
-0.0517672    0.925171
-0.0503146    0.926691
-0.0488587    0.928206
-0.0473994    0.929717
-0.0459368    0.931225
-0.0444708    0.932728
-0.0430015    0.934227
-0.0415289    0.935722
-0.0400529    0.937213
-0.0385736    0.9387
-0.037091    0.940183
-0.0356051    0.941662
-0.0341158    0.943136
-0.0326232    0.944607
-0.0311273    0.946073
-0.029628    0.947535
-0.0281255    0.948993
-0.0266196    0.950447
-0.0251104    0.951897
-0.0235979    0.953343
-0.0220821    0.954784
-0.020563    0.956221
-0.0190406    0.957654
-0.0175149    0.959083
-0.015986    0.960508
-0.0144537    0.961928
-0.0129181    0.963344
-0.0113792    0.964756
-0.00983708    0.966164
-0.00829165    0.967567
-0.00674294    0.968966
-0.00519095    0.970361
-0.00363569    0.971751
-0.00207716    0.973137
-0.000515357    0.974519
0.00104971    0.975897
0.00261803    0.97727
0.00418961    0.978639
0.00576445    0.980003
0.00734254    0.981364
0.00892388    0.982719
0.0105085    0.984071
0.0120963    0.985418
0.0136874    0.986761
0.0152817    0.988099
0.0168792    0.989433
0.0184799    0.990762
0.0200839    0.992087
0.0216911    0.993408
0.0233016    0.994724
0.0249152    0.996036
0.026532    0.997343
0.0281521    0.998646
0.0297753    0.999944
0.0314018    1.00124
0.0330314    1.00253
0.0346643    1.00381
0.0363003    1.00509
0.0379395    1.00637
0.0395819    1.00764
0.0412275    1.00891
0.0428762    1.01017
0.0445281    1.01143
0.0461832    1.01268
0.0478414    1.01393
0.0495028    1.01517
0.0511673    1.01641
0.052835    1.01764
0.0545058    1.01887
0.0561797    1.0201
0.0578568    1.02132
0.059537    1.02254
0.0612203    1.02375
0.0629067    1.02495
0.0645963    1.02616
0.066289    1.02735
0.0679847    1.02855
0.0696836    1.02973
0.0713856    1.03092
0.0730906    1.0321
0.0747987    1.03327
0.07651    1.03444
0.0782242    1.0356
0.0799416    1.03676
0.081662    1.03792
0.0833855    1.03907
0.085112    1.04021
0.0868416    1.04136
0.0885742    1.04249
0.0903099    1.04362
0.0920486    1.04475
0.0937903    1.04587
0.0955351    1.04699
0.0972828    1.0481
0.0990336    1.0492
0.100787    1.05031
0.102544    1.0514
0.104304    1.0525
0.106067    1.05358
0.107832    1.05467
0.109601    1.05574
0.111373    1.05682
0.113147    1.05788
0.114925    1.05895
0.116706    1.06001
0.118489    1.06106
0.120276    1.06211
0.122065    1.06315
0.123857    1.06419
0.125652    1.06522
0.127451    1.06625
0.129252    1.06727
0.131056    1.06829
0.132862    1.0693
0.134672    1.07031
0.136485    1.07132
0.1383    1.07231
0.140119    1.07331
0.14194    1.07429
0.143764    1.07528
0.145591    1.07626
0.147421    1.07723
0.149253    1.0782
0.151089    1.07916
0.152927    1.08012
0.154768    1.08107
0.156612    1.08202
0.158459    1.08296
0.160308    1.08389
0.162161    1.08483
0.164016    1.08575
0.165874    1.08668
0.167734    1.08759
0.169597    1.0885
0.171464    1.08941
0.173332    1.09031
0.175204    1.09121
0.177078    1.0921
0.178955    1.09298
0.180835    1.09386
0.182718    1.09474
0.184603    1.09561
0.186491    1.09647
0.188381    1.09733
0.190275    1.09818
0.19217    1.09903
0.194069    1.09987
0.19597    1.10071
0.197874    1.10154
0.199781    1.10237
0.20169    1.10319
0.203601    1.10401
0.205516    1.10482
0.207433    1.10563
0.209352    1.10643
0.211274    1.10722
0.213199    1.10801
0.215126    1.1088
0.217056    1.10958
0.218989    1.11035
0.220924    1.11112
0.222861    1.11188
0.224801    1.11264
0.226744    1.11339
0.228689    1.11414
0.230636    1.11488
0.232586    1.11562
0.234539    1.11635
0.236494    1.11707
0.238451    1.11779
0.240411    1.1185
0.242374    1.11921
0.244339    1.11992
0.246306    1.12061
0.248276    1.12131
0.250248    1.12199
0.252222    1.12267
0.254199    1.12335
0.256178    1.12402
0.25816    1.12468
0.260144    1.12534
0.26213    1.12599
0.264119    1.12664
0.26611    1.12728
0.268104    1.12792
0.270099    1.12855
0.272097    1.12918
0.274098    1.1298
0.2761    1.13041
0.278105    1.13102
0.280112    1.13162
0.282122    1.13222
0.284133    1.13281
0.286147    1.1334
0.288163    1.13398
0.290182    1.13455
0.292202    1.13512
0.294225    1.13568
0.29625    1.13624
0.298277    1.13679
0.300307    1.13734
0.302338    1.13788
0.304372    1.13842
0.306407    1.13894
0.308445    1.13947
0.310485    1.13999
0.312527    1.1405
0.314572    1.141
0.316618    1.1415
0.318666    1.142
0.320717    1.14249
0.322769    1.14297
0.324824    1.14345
0.32688    1.14392
0.328939    1.14439
0.330999    1.14485
0.333062    1.1453
0.335127    1.14575
0.337193    1.14619
0.339262    1.14663
0.341332    1.14706
0.343405    1.14748
0.345479    1.1479
0.347555    1.14832
0.349633    1.14872
0.351714    1.14913
0.353796    1.14952
0.355879    1.14991
0.357965    1.1503
0.360053    1.15067
0.362142    1.15105
0.364233    1.15141
0.366326    1.15177
0.368421    1.15213
0.370518    1.15248
0.372616    1.15282
0.374717    1.15316
0.376819    1.15349
0.378922    1.15381
0.381028    1.15413
0.383135    1.15444
0.385244    1.15475
0.387355    1.15505
0.389467    1.15535
0.391581    1.15564
0.393696    1.15592
0.395814    1.1562
0.397933    1.15647
0.400053    1.15673
0.402175    1.15699
0.404299    1.15724
0.406425    1.15749
0.408552    1.15773
0.41068    1.15797
0.41281    1.1582
0.414942    1.15842
0.417075    1.15864
0.41921    1.15885
0.421346    1.15905
0.423483    1.15925
0.425622    1.15944
0.427763    1.15963
0.429905    1.15981
0.432049    1.15999
0.434194    1.16015
0.43634    1.16032
0.438488    1.16047
0.440637    1.16062
0.442787    1.16077
0.444939    1.16091
0.447092    1.16104
0.449247    1.16116
0.451403    1.16128
0.45356    1.1614
0.455718    1.1615
0.457878    1.16161
0.460039    1.1617
0.462201    1.16179
0.464365    1.16187
0.46653    1.16195
0.468696    1.16202
0.470863    1.16208
0.473031    1.16214
0.475201    1.16219
0.477371    1.16224
0.479543    1.16228
0.481716    1.16231
0.48389    1.16234
0.486066    1.16236
0.488242    1.16238
0.490419    1.16238
0.492598    1.16239
0.494777    1.16238
0.496958    1.16237
0.49914    1.16236
0.501322    1.16234
0.503506    1.16231
0.50569    1.16227
0.507876    1.16223
0.510062    1.16218
0.51225    1.16213
0.514438    1.16207
0.516627    1.162
0.518818    1.16193
0.521009    1.16185
0.523201    1.16177
0.525394    1.16168
0.527587    1.16158
0.529782    1.16148
0.531977    1.16137
0.534173    1.16125
0.53637    1.16113
0.538568    1.161
0.540766    1.16087
0.542965    1.16072
0.545165    1.16058
0.547366    1.16042
0.549567    1.16026
0.551769    1.1601
0.553972    1.15992
0.556175    1.15975
0.558379    1.15956
0.560583    1.15937
0.562789    1.15917
0.564994    1.15897
0.567201    1.15876
0.569408    1.15854
0.571615    1.15832
0.573823    1.15809
0.576032    1.15785
0.578241    1.15761
0.58045    1.15736
0.58266    1.15711
0.584871    1.15685
0.587082    1.15658
0.589293    1.1563
0.591505    1.15602
0.593717    1.15574
0.59593    1.15545
0.598143    1.15515
0.600356    1.15484
0.60257    1.15453
0.604784    1.15421
0.606998    1.15389
0.609213    1.15356
0.611428    1.15322
0.613643    1.15288
0.615858    1.15253
0.618074    1.15217
0.62029    1.15181
0.622506    1.15144
