-1.0667    -0.757328
-1.06694    -0.755021
-1.06719    -0.752712
-1.06744    -0.750403
-1.06769    -0.748091
-1.06794    -0.745778
-1.06819    -0.743464
-1.06843    -0.741148
-1.06868    -0.738831
-1.06893    -0.736512
-1.06917    -0.734192
-1.06942    -0.731871
-1.06967    -0.729548
-1.06991    -0.727224
-1.07016    -0.724898
-1.0704    -0.722571
-1.07065    -0.720242
-1.07089    -0.717912
-1.07114    -0.715581
-1.07138    -0.713248
-1.07162    -0.710914
-1.07186    -0.708579
-1.07211    -0.706242
-1.07235    -0.703903
-1.07259    -0.701564
-1.07283    -0.699223
-1.07307    -0.69688
-1.07331    -0.694537
-1.07355    -0.692192
-1.07379    -0.689845
-1.07403    -0.687497
-1.07427    -0.685148
-1.0745    -0.682798
-1.07474    -0.680446
-1.07498    -0.678093
-1.07521    -0.675738
-1.07545    -0.673383
-1.07568    -0.671026
-1.07592    -0.668667
-1.07615    -0.666308
-1.07638    -0.663947
-1.07661    -0.661584
-1.07685    -0.659221
-1.07708    -0.656856
-1.07731    -0.65449
-1.07754    -0.652122
-1.07777    -0.649754
-1.07799    -0.647384
-1.07822    -0.645013
-1.07845    -0.64264
-1.07867    -0.640266
-1.0789    -0.637891
-1.07912    -0.635515
-1.07935    -0.633138
-1.07957    -0.630759
-1.07979    -0.628379
-1.08002    -0.625998
-1.08024    -0.623616
-1.08046    -0.621232
-1.08068    -0.618847
-1.08089    -0.616461
-1.08111    -0.614074
-1.08133    -0.611686
-1.08154    -0.609296
-1.08176    -0.606905
-1.08197    -0.604513
-1.08219    -0.60212
-1.0824    -0.599726
-1.08261    -0.597331
-1.08282    -0.594934
-1.08303    -0.592536
-1.08324    -0.590137
-1.08345    -0.587737
-1.08365    -0.585336
-1.08386    -0.582933
-1.08406    -0.58053
-1.08427    -0.578125
-1.08447    -0.57572
-1.08467    -0.573313
-1.08487    -0.570905
-1.08507    -0.568496
-1.08527    -0.566085
-1.08547    -0.563674
-1.08567    -0.561262
-1.08586    -0.558848
-1.08606    -0.556434
-1.08625    -0.554018
-1.08644    -0.551601
-1.08663    -0.549184
-1.08682    -0.546765
-1.08701    -0.544345
-1.0872    -0.541924
-1.08739    -0.539502
-1.08757    -0.537079
-1.08776    -0.534655
-1.08794    -0.53223
-1.08812    -0.529804
-1.0883    -0.527377
-1.08848    -0.524948
-1.08866    -0.522519
-1.08884    -0.520089
-1.08902    -0.517658
-1.08919    -0.515226
-1.08936    -0.512793
-1.08954    -0.510358
-1.08971    -0.507923
-1.08988    -0.505487
-1.09004    -0.50305
-1.09021    -0.500612
-1.09038    -0.498173
-1.09054    -0.495733
-1.09071    -0.493292
-1.09087    -0.490851
-1.09103    -0.488408
-1.09119    -0.485964
-1.09134    -0.48352
-1.0915    -0.481074
-1.09166    -0.478628
-1.09181    -0.47618
-1.09196    -0.473732
-1.09211    -0.471283
-1.09226    -0.468833
-1.09241    -0.466382
-1.09256    -0.463931
-1.0927    -0.461478
-1.09284    -0.459024
-1.09299    -0.45657
-1.09313    -0.454115
-1.09327    -0.451659
-1.0934    -0.449202
-1.09354    -0.446744
-1.09367    -0.444285
-1.09381    -0.441826
-1.09394    -0.439366
-1.09407    -0.436905
-1.0942    -0.434443
-1.09432    -0.43198
-1.09445    -0.429517
-1.09457    -0.427053
-1.09469    -0.424588
-1.09481    -0.422122
-1.09493    -0.419655
-1.09505    -0.417188
-1.09517    -0.41472
-1.09528    -0.412251
-1.09539    -0.409781
-1.0955    -0.407311
-1.09561    -0.40484
-1.09572    -0.402368
-1.09582    -0.399895
-1.09593    -0.397422
-1.09603    -0.394948
-1.09613    -0.392473
-1.09623    -0.389998
-1.09633    -0.387522
-1.09642    -0.385045
-1.09651    -0.382567
-1.09661    -0.380089
-1.09669    -0.37761
-1.09678    -0.375131
-1.09687    -0.372651
-1.09695    -0.37017
-1.09704    -0.367688
-1.09712    -0.365206
-1.0972    -0.362724
-1.09727    -0.36024
-1.09735    -0.357756
-1.09742    -0.355272
-1.09749    -0.352786
-1.09756    -0.3503
-1.09763    -0.347814
-1.0977    -0.345327
-1.09776    -0.342839
-1.09782    -0.340351
-1.09788    -0.337862
-1.09794    -0.335373
-1.098    -0.332883
-1.09805    -0.330393
-1.0981    -0.327902
-1.09815    -0.32541
-1.0982    -0.322918
-1.09825    -0.320426
-1.09829    -0.317933
-1.09834    -0.315439
-1.09838    -0.312945
-1.09841    -0.31045
-1.09845    -0.307955
-1.09849    -0.305459
-1.09852    -0.302963
-1.09855    -0.300467
-1.09858    -0.29797
-1.0986    -0.295472
-1.09863    -0.292974
-1.09865    -0.290476
-1.09867    -0.287977
-1.09869    -0.285478
-1.0987    -0.282978
-1.09871    -0.280478
-1.09873    -0.277977
-1.09874    -0.275476
-1.09874    -0.272975
-1.09875    -0.270473
-1.09875    -0.267971
-1.09875    -0.265469
-1.09875    -0.262966
-1.09875    -0.260462
-1.09874    -0.257959
-1.09873    -0.255455
-1.09872    -0.25295
-1.09871    -0.250446
-1.09869    -0.247941
-1.09868    -0.245435
-1.09866    -0.24293
-1.09863    -0.240424
-1.09861    -0.237917
-1.09858    -0.235411
-1.09856    -0.232904
-1.09853    -0.230397
-1.09849    -0.227889
-1.09846    -0.225382
-1.09842    -0.222874
-1.09838    -0.220365
-1.09834    -0.217857
-1.09829    -0.215348
-1.09824    -0.212839
-1.0982    -0.21033
-1.09814    -0.207821
-1.09809    -0.205311
-1.09803    -0.202801
-1.09797    -0.200291
-1.09791    -0.197781
-1.09785    -0.19527
-1.09778    -0.19276
-1.09771    -0.190249
-1.09764    -0.187738
-1.09757    -0.185227
-1.09749    -0.182716
-1.09742    -0.180204
-1.09733    -0.177693
-1.09725    -0.175181
-1.09717    -0.172669
-1.09708    -0.170157
-1.09699    -0.167645
-1.09689    -0.165133
-1.0968    -0.162621
-1.0967    -0.160109
-1.0966    -0.157596
-1.09649    -0.155084
-1.09639    -0.152571
-1.09628    -0.150059
-1.09617    -0.147546
-1.09606    -0.145034
-1.09594    -0.142521
-1.09582    -0.140008
-1.0957    -0.137495
-1.09557    -0.134983
-1.09545    -0.13247
-1.09532    -0.129957
-1.09519    -0.127444
-1.09505    -0.124932
-1.09492    -0.122419
-1.09478    -0.119906
-1.09463    -0.117394
-1.09449    -0.114881
-1.09434    -0.112369
-1.09419    -0.109856
-1.09404    -0.107344
-1.09388    -0.104832
-1.09372    -0.102319
-1.09356    -0.0998072
-1.0934    -0.0972952
-1.09323    -0.0947833
-1.09306    -0.0922715
-1.09289    -0.0897598
-1.09272    -0.0872483
-1.09254    -0.0847369
-1.09236    -0.0822257
-1.09218    -0.0797146
-1.09199    -0.0772037
-1.0918    -0.0746929
-1.09161    -0.0721824
-1.09142    -0.069672
-1.09122    -0.0671618
-1.09102    -0.0646518
-1.09082    -0.0621421
-1.09061    -0.0596325
-1.0904    -0.0571232
-1.09019    -0.0546141
-1.08998    -0.0521053
-1.08976    -0.0495967
-1.08954    -0.0470883
-1.08932    -0.0445803
-1.08909    -0.0420725
-1.08887    -0.039565
-1.08864    -0.0370577
-1.0884    -0.0345508
-1.08816    -0.0320442
-1.08792    -0.0295379
-1.08768    -0.0270319
-1.08744    -0.0245263
-1.08719    -0.022021
-1.08694    -0.019516
-1.08668    -0.0170114
-1.08643    -0.0145072
-1.08617    -0.0120033
-1.0859    -0.00949982
-1.08564    -0.00699671
-1.08537    -0.00449401
-1.08509    -0.00199171
-1.08482    0.00051018
-1.08454    0.00301165
-1.08426    0.00551269
-1.08398    0.00801329
-1.08369    0.0105134
-1.0834    0.0130131
-1.08311    0.0155124
-1.08281    0.0180112
-1.08251    0.0205095
-1.08221    0.0230073
-1.0819    0.0255046
-1.0816    0.0280014
-1.08128    0.0304977
-1.08097    0.0329934
-1.08065    0.0354887
-1.08033    0.0379834
-1.08001    0.0404776
-1.07968    0.0429712
-1.07935    0.0454642
-1.07902    0.0479567
-1.07868    0.0504486
-1.07834    0.0529399
-1.078    0.0554306
-1.07766    0.0579207
-1.07731    0.0604102
-1.07696    0.0628991
-1.0766    0.0653874
-1.07624    0.067875
-1.07588    0.0703619
-1.07552    0.0728482
-1.07515    0.0753339
-1.07478    0.0778188
-1.07441    0.0803031
-1.07403    0.0827867
-1.07365    0.0852696
-1.07326    0.0877518
-1.07288    0.0902333
-1.07249    0.092714
-1.0721    0.095194
-1.0717    0.0976733
-1.0713    0.100152
-1.0709    0.10263
-1.07049    0.105107
-1.07008    0.107583
-1.06967    0.110058
-1.06925    0.112533
-1.06884    0.115007
-1.06841    0.11748
-1.06799    0.119952
-1.06756    0.122423
-1.06713    0.124894
-1.06669    0.127363
-1.06625    0.129832
-1.06581    0.1323
-1.06537    0.134767
-1.06492    0.137234
-1.06447    0.139699
-1.06401    0.142163
-1.06355    0.144627
-1.06309    0.147089
-1.06263    0.149551
-1.06216    0.152012
-1.06168    0.154472
-1.06121    0.15693
-1.06073    0.159388
-1.06025    0.161845
-1.05976    0.164301
-1.05928    0.166756
-1.05878    0.16921
-1.05829    0.171663
-1.05779    0.174115
-1.05729    0.176565
-1.05678    0.179015
-1.05627    0.181464
-1.05576    0.183912
-1.05524    0.186358
-1.05473    0.188804
-1.0542    0.191249
-1.05368    0.193692
-1.05315    0.196134
-1.05261    0.198576
-1.05208    0.201016
-1.05154    0.203455
-1.051    0.205892
-1.05045    0.208329
-1.0499    0.210765
-1.04935    0.213199
-1.04879    0.215632
-1.04823    0.218064
-1.04766    0.220495
-1.0471    0.222925
-1.04653    0.225353
-1.04595    0.22778
-1.04537    0.230206
-1.04479    0.232631
-1.04421    0.235054
-1.04362    0.237477
-1.04303    0.239897
-1.04243    0.242317
-1.04183    0.244735
-1.04123    0.247153
-1.04062    0.249568
-1.04002    0.251983
-1.0394    0.254396
-1.03879    0.256808
-1.03817    0.259218
-1.03754    0.261627
-1.03691    0.264035
-1.03628    0.266442
-1.03565    0.268847
-1.03501    0.27125
-1.03437    0.273652
-1.03373    0.276053
-1.03308    0.278453
-1.03243    0.280851
-1.03177    0.283247
-1.03111    0.285642
-1.03045    0.288036
-1.02978    0.290428
-1.02911    0.292819
-1.02844    0.295208
-1.02776    0.297596
-1.02708    0.299982
-1.0264    0.302366
-1.02571    0.30475
-1.02502    0.307131
-1.02432    0.309511
-1.02362    0.31189
-1.02292    0.314267
-1.02221    0.316642
-1.0215    0.319016
-1.02079    0.321388
-1.02007    0.323759
-1.01935    0.326128
-1.01863    0.328495
-1.0179    0.330861
-1.01717    0.333225
-1.01643    0.335588
-1.01569    0.337948
-1.01495    0.340308
-1.01421    0.342665
-1.01346    0.345021
-1.0127    0.347375
-1.01195    0.349727
-1.01118    0.352078
-1.01042    0.354427
-1.00965    0.356774
-1.00888    0.35912
-1.0081    0.361463
-1.00733    0.363805
-1.00654    0.366145
-1.00576    0.368484
-1.00497    0.37082
-1.00417    0.373155
-1.00337    0.375488
-1.00257    0.377819
-1.00177    0.380148
-1.00096    0.382476
-1.00015    0.384801
-0.99933    0.387125
-0.99851    0.389447
-0.997687    0.391767
-0.996859    0.394085
-0.996028    0.396401
-0.995194    0.398715
-0.994355    0.401027
-0.993513    0.403337
-0.992667    0.405646
-0.991817    0.407952
-0.990964    0.410257
-0.990107    0.412559
-0.989246    0.41486
-0.988381    0.417158
-0.987513    0.419455
-0.986641    0.421749
-0.985765    0.424042
-0.984886    0.426332
-0.984002    0.42862
-0.983115    0.430907
-0.982225    0.433191
-0.98133    0.435473
-0.980432    0.437753
-0.97953    0.440031
-0.978624    0.442307
-0.977715    0.444581
-0.976801    0.446852
-0.975884    0.449122
-0.974963    0.451389
-0.974039    0.453654
-0.973111    0.455917
-0.972178    0.458178
-0.971243    0.460437
-0.970303    0.462693
-0.96936    0.464947
-0.968412    0.467199
-0.967462    0.469449
-0.966507    0.471697
-0.965548    0.473942
-0.964586    0.476185
-0.96362    0.478426
-0.96265    0.480664
-0.961677    0.4829
-0.960699    0.485134
-0.959718    0.487365
-0.958733    0.489595
-0.957745    0.491822
-0.956752    0.494046
-0.955756    0.496268
-0.954756    0.498488
-0.953752    0.500705
-0.952745    0.502921
-0.951733    0.505133
-0.950718    0.507343
-0.949699    0.509551
-0.948677    0.511757
-0.94765    0.51396
-0.94662    0.51616
-0.945586    0.518358
-0.944548    0.520554
-0.943506    0.522747
-0.942461    0.524937
-0.941412    0.527126
-0.940359    0.529311
-0.939302    0.531494
-0.938242    0.533675
-0.937177    0.535853
-0.936109    0.538028
-0.935037    0.540201
-0.933961    0.542371
-0.932882    0.544539
-0.931799    0.546704
-0.930712    0.548867
-0.929621    0.551027
-0.928526    0.553184
-0.927428    0.555339
-0.926326    0.557491
-0.92522    0.55964
-0.92411    0.561787
-0.922996    0.563931
-0.921879    0.566072
-0.920758    0.568211
-0.919633    0.570347
-0.918504    0.57248
-0.917372    0.57461
-0.916236    0.576738
-0.915095    0.578863
-0.913952    0.580985
-0.912804    0.583105
-0.911653    0.585221
-0.910498    0.587335
-0.909339    0.589446
-0.908176    0.591554
-0.90701    0.59366
-0.905839    0.595762
-0.904665    0.597862
-0.903488    0.599959
-0.902306    0.602053
-0.901121    0.604144
-0.899932    0.606233
-0.898739    0.608318
-0.897542    0.6104
-0.896342    0.61248
-0.895138    0.614556
-0.89393    0.61663
-0.892718    0.618701
-0.891503    0.620769
-0.890284    0.622833
-0.889061    0.624895
-0.887834    0.626954
-0.886603    0.62901
-0.885369    0.631062
-0.884131    0.633112
-0.88289    0.635159
-0.881644    0.637203
-0.880395    0.639243
-0.879142    0.641281
-0.877886    0.643315
-0.876625    0.645347
-0.875361    0.647375
-0.874093    0.6494
-0.872822    0.651422
-0.871546    0.653441
-0.870267    0.655457
-0.868984    0.657469
-0.867698    0.659479
-0.866408    0.661485
-0.865114    0.663488
-0.863816    0.665488
-0.862515    0.667485
-0.86121    0.669478
-0.859901    0.671469
-0.858589    0.673456
-0.857272    0.675439
-0.855952    0.67742
-0.854629    0.679397
-0.853302    0.681371
-0.851971    0.683342
-0.850636    0.685309
-0.849298    0.687273
-0.847955    0.689234
-0.84661    0.691192
-0.84526    0.693146
-0.843907    0.695096
-0.84255    0.697044
-0.84119    0.698988
-0.839826    0.700928
-0.838458    0.702866
-0.837087    0.7048
-0.835712    0.70673
-0.834333    0.708657
-0.83295    0.710581
-0.831564    0.712501
-0.830175    0.714417
-0.828781    0.71633
-0.827384    0.71824
-0.825984    0.720146
-0.82458    0.722049
-0.823172    0.723948
-0.82176    0.725844
-0.820345    0.727736
-0.818926    0.729625
-0.817504    0.73151
-0.816078    0.733391
-0.814649    0.735269
-0.813215    0.737144
-0.811779    0.739014
-0.810338    0.740882
-0.808894    0.742745
-0.807447    0.744605
-0.805996    0.746461
-0.804541    0.748314
-0.803083    0.750163
-0.801621    0.752008
-0.800155    0.75385
-0.798686    0.755688
-0.797214    0.757522
-0.795738    0.759353
-0.794258    0.76118
-0.792775    0.763003
-0.791288    0.764822
-0.789798    0.766638
-0.788304    0.76845
-0.786807    0.770258
-0.785306    0.772062
-0.783802    0.773863
-0.782294    0.775659
-0.780782    0.777452
-0.779267    0.779241
-0.777749    0.781027
-0.776227    0.782808
-0.774702    0.784586
-0.773173    0.786359
-0.771641    0.788129
-0.770105    0.789895
-0.768565    0.791657
-0.767023    0.793415
-0.765476    0.79517
-0.763927    0.79692
-0.762374    0.798666
-0.760817    0.800409
-0.759257    0.802147
-0.757694    0.803882
-0.756127    0.805612
-0.754557    0.807339
-0.752983    0.809062
-0.751406    0.81078
-0.749825    0.812495
-0.748241    0.814205
-0.746654    0.815912
-0.745063    0.817614
-0.743469    0.819313
-0.741872    0.821007
-0.740271    0.822697
-0.738667    0.824383
-0.737059    0.826066
-0.735448    0.827744
-0.733834    0.829417
-0.732216    0.831087
-0.730595    0.832753
-0.728971    0.834414
-0.727344    0.836072
-0.725713    0.837725
-0.724078    0.839374
-0.722441    0.841019
-0.7208    0.842659
-0.719156    0.844296
-0.717508    0.845928
-0.715858    0.847556
-0.714204    0.849179
-0.712547    0.850799
-0.710886    0.852414
-0.709222    0.854025
-0.707555    0.855632
-0.705885    0.857234
-0.704211    0.858832
-0.702535    0.860426
-0.700855    0.862016
-0.699172    0.863601
-0.697485    0.865182
-0.695796    0.866758
-0.694103    0.86833
-0.692407    0.869898
-0.690708    0.871462
-0.689006    0.873021
-0.6873    0.874575
-0.685592    0.876126
-0.68388    0.877672
-0.682165    0.879213
-0.680447    0.88075
-0.678726    0.882283
-0.677001    0.883811
-0.675274    0.885334
-0.673543    0.886854
-0.67181    0.888368
-0.670073    0.889879
-0.668333    0.891384
-0.66659    0.892886
-0.664844    0.894382
-0.663095    0.895875
-0.661343    0.897362
-0.659588    0.898846
-0.65783    0.900324
-0.656069    0.901798
-0.654305    0.903268
-0.652537    0.904733
-0.650767    0.906193
-0.648994    0.907649
-0.647218    0.9091
-0.645439    0.910546
-0.643656    0.911988
-0.641871    0.913426
-0.640083    0.914858
-0.638292    0.916286
-0.636498    0.917709
-0.634701    0.919128
-0.632901    0.920542
-0.631098    0.921951
-0.629293    0.923356
-0.627484    0.924756
-0.625673    0.926151
-0.623858    0.927541
-0.622041    0.928927
-0.620221    0.930308
-0.618398    0.931684
-0.616572    0.933056
-0.614743    0.934423
-0.612912    0.935784
-0.611077    0.937142
-0.60924    0.938494
-0.6074    0.939842
-0.605558    0.941184
-0.603712    0.942522
-0.601864    0.943855
-0.600013    0.945184
-0.598159    0.946507
-0.596302    0.947826
-0.594443    0.949139
-0.592581    0.950448
-0.590716    0.951752
-0.588848    0.953051
-0.586978    0.954345
-0.585105    0.955635
-0.58323    0.956919
-0.581351    0.958198
-0.57947    0.959473
-0.577587    0.960743
-0.575701    0.962007
-0.573812    0.963267
-0.57192    0.964522
-0.570026    0.965771
-0.568129    0.967016
-0.56623    0.968256
-0.564328    0.969491
-0.562423    0.97072
-0.560516    0.971945
-0.558606    0.973165
-0.556694    0.97438
-0.554779    0.975589
-0.552862    0.976794
-0.550942    0.977994
-0.54902    0.979188
-0.547095    0.980378
-0.545168    0.981562
-0.543238    0.982742
-0.541306    0.983916
-0.539371    0.985085
-0.537434    0.986249
-0.535494    0.987408
-0.533552    0.988562
-0.531607    0.98971
-0.52966    0.990854
-0.527711    0.991992
-0.525759    0.993126
-0.523805    0.994254
-0.521849    0.995377
-0.51989    0.996494
-0.517929    0.997607
-0.515965    0.998714
-0.513999    0.999816
-0.512031    1.00091
-0.510061    1.00201
-0.508088    1.00309
-0.506113    1.00417
-0.504135    1.00525
-0.502156    1.00632
-0.500174    1.00739
-0.49819    1.00845
-0.496203    1.0095
-0.494215    1.01055
-0.492224    1.0116
-0.490231    1.01263
-0.488236    1.01367
-0.486239    1.0147
-0.484239    1.01572
-0.482238    1.01674
-0.480234    1.01775
-0.478228    1.01876
-0.47622    1.01976
-0.47421    1.02076
-0.472197    1.02175
-0.470183    1.02274
-0.468167    1.02372
-0.466148    1.02469
-0.464128    1.02566
-0.462105    1.02663
-0.46008    1.02759
-0.458054    1.02854
-0.456025    1.02949
-0.453995    1.03043
-0.451962    1.03137
-0.449927    1.0323
-0.447891    1.03323
-0.445852    1.03415
-0.443812    1.03506
-0.441769    1.03597
-0.439725    1.03688
-0.437679    1.03778
-0.435631    1.03867
-0.433581    1.03956
-0.431529    1.04045
-0.429475    1.04132
-0.42742    1.0422
-0.425363    1.04306
-0.423303    1.04392
-0.421242    1.04478
-0.41918    1.04563
-0.417115    1.04647
-0.415049    1.04731
-0.412981    1.04815
-0.410911    1.04898
-0.408839    1.0498
-0.406766    1.05062
-0.404691    1.05143
-0.402614    1.05223
-0.400536    1.05303
-0.398456    1.05383
-0.396374    1.05462
-0.394291    1.0554
-0.392205    1.05618
-0.390119    1.05695
-0.388031    1.05772
-0.385941    1.05848
-0.383849    1.05924
-0.381756    1.05999
-0.379662    1.06073
-0.377565    1.06147
-0.375468    1.0622
-0.373368    1.06293
-0.371268    1.06365
-0.369165    1.06437
-0.367062    1.06508
-0.364957    1.06579
-0.36285    1.06648
-0.360742    1.06718
-0.358632    1.06787
-0.356521    1.06855
-0.354409    1.06923
-0.352295    1.0699
-0.35018    1.07056
-0.348063    1.07122
-0.345945    1.07188
-0.343826    1.07253
-0.341705    1.07317
-0.339583    1.07381
-0.33746    1.07444
-0.335336    1.07506
-0.33321    1.07568
-0.331083    1.0763
-0.328954    1.07691
-0.326825    1.07751
-0.324694    1.07811
-0.322562    1.0787
-0.320428    1.07928
-0.318294    1.07986
-0.316158    1.08044
-0.314022    1.081
-0.311884    1.08157
-0.309744    1.08212
-0.307604    1.08268
-0.305463    1.08322
-0.30332    1.08376
-0.301177    1.08429
-0.299032    1.08482
-0.296886    1.08534
-0.29474    1.08586
-0.292592    1.08637
-0.290443    1.08688
-0.288293    1.08738
-0.286142    1.08787
-0.28399    1.08836
-0.281838    1.08884
-0.279684    1.08931
-0.277529    1.08978
-0.275374    1.09025
-0.273217    1.09071
-0.27106    1.09116
-0.268901    1.09161
-0.266742    1.09205
-0.264582    1.09248
-0.262421    1.09291
-0.260259    1.09334
-0.258097    1.09375
-0.255933    1.09417
-0.253769    1.09457
