-0.251604    1.09497
-0.249438    1.09537
-0.247272    1.09575
-0.245104    1.09614
-0.242936    1.09651
-0.240768    1.09689
-0.238598    1.09725
-0.236428    1.09761
-0.234257    1.09796
-0.232086    1.09831
-0.229914    1.09865
-0.227741    1.09899
-0.225568    1.09932
-0.223394    1.09964
-0.221219    1.09996
-0.219044    1.10027
-0.216868    1.10058
-0.214692    1.10088
-0.212515    1.10117
-0.210338    1.10146
-0.20816    1.10175
-0.205981    1.10202
-0.203803    1.10229
-0.201623    1.10256
-0.199443    1.10282
-0.197263    1.10307
-0.195082    1.10332
-0.192901    1.10356
-0.19072    1.1038
-0.188538    1.10403
-0.186356    1.10425
-0.184173    1.10447
-0.18199    1.10468
-0.179807    1.10489
-0.177623    1.10509
-0.175439    1.10528
-0.173255    1.10547
-0.17107    1.10565
-0.168885    1.10583
-0.1667    1.106
-0.164515    1.10617
-0.16233    1.10633
-0.160144    1.10648
-0.157958    1.10663
-0.155772    1.10677
-0.153585    1.1069
-0.151399    1.10703
-0.149212    1.10716
-0.147025    1.10727
-0.144839    1.10739
-0.142652    1.10749
-0.140464    1.10759
-0.138277    1.10769
-0.13609    1.10777
-0.133903    1.10786
-0.131715    1.10793
-0.129528    1.108
-0.127341    1.10807
-0.125153    1.10813
-0.122966    1.10818
-0.120779    1.10823
-0.118592    1.10827
-0.116404    1.1083
-0.114217    1.10833
-0.11203    1.10835
-0.109843    1.10837
-0.107656    1.10838
-0.10547    1.10839
-0.103283    1.10839
-0.101097    1.10838
-0.0989105    1.10837
-0.0967244    1.10835
-0.0945386    1.10832
-0.0923529    1.10829
-0.0901675    1.10826
-0.0879823    1.10822
-0.0857973    1.10817
-0.0836126    1.10811
-0.0814282    1.10805
-0.0792441    1.10799
-0.0770602    1.10792
-0.0748767    1.10784
-0.0726935    1.10776
-0.0705107    1.10767
-0.0683282    1.10757
-0.0661461    1.10747
-0.0639644    1.10736
-0.061783    1.10725
-0.0596021    1.10713
-0.0574216    1.10701
-0.0552416    1.10688
-0.0530619    1.10674
-0.0508828    1.1066
-0.0487041    1.10645
-0.046526    1.1063
-0.0443483    1.10614
-0.0421711    1.10597
-0.0399945    1.1058
-0.0378184    1.10562
-0.0356429    1.10544
-0.033468    1.10525
-0.0312936    1.10505
-0.0291198    1.10485
-0.0269467    1.10464
-0.0247742    1.10443
-0.0226023    1.10421
-0.020431    1.10399
-0.0182605    1.10376
-0.0160906    1.10352
-0.0139214    1.10328
-0.0117529    1.10303
-0.00958509    1.10278
-0.00741804    1.10252
-0.00525174    1.10225
-0.00308619    1.10198
-0.000921408    1.1017
0.00124259    1.10142
0.00340578    1.10113
0.00556817    1.10083
0.00772974    1.10053
0.00989047    1.10023
0.0120503    1.09991
0.0142094    1.0996
0.0163675    1.09927
0.0185248    1.09894
0.0206811    1.09861
0.0228366    1.09827
0.0249911    1.09792
0.0271446    1.09756
0.0292973    1.09721
0.0314489    1.09684
0.0335996    1.09647
0.0357493    1.09609
0.0378979    1.09571
0.0400456    1.09532
0.0421922    1.09493
0.0443378    1.09453
0.0464824    1.09413
0.0486258    1.09371
0.0507682    1.0933
0.0529095    1.09287
0.0550497    1.09245
0.0571887    1.09201
0.0593266    1.09157
0.0614634    1.09113
0.0635991    1.09068
0.0657335    1.09022
0.0678668    1.08975
0.0699989    1.08929
0.0721297    1.08881
0.0742594    1.08833
0.0763878    1.08785
0.078515    1.08735
0.0806409    1.08686
0.0827655    1.08635
0.0848889    1.08584
0.0870109    1.08533
0.0891317    1.08481
0.0912511    1.08428
0.0933692    1.08375
0.095486    1.08321
0.0976014    1.08267
0.0997154    1.08212
0.101828    1.08157
0.103939    1.08101
0.106049    1.08044
0.108158    1.07987
0.110265    1.07929
0.11237    1.07871
0.114474    1.07812
0.116577    1.07753
0.118678    1.07693
0.120778    1.07632
0.122876    1.07571
0.124973    1.0751
0.127068    1.07447
0.129161    1.07385
0.131253    1.07321
0.133344    1.07257
0.135433    1.07193
0.13752    1.07128
0.139606    1.07062
0.14169    1.06996
0.143772    1.06929
0.145853    1.06862
0.147932    1.06794
0.15001    1.06726
0.152086    1.06657
0.15416    1.06588
0.156232    1.06517
0.158303    1.06447
0.160372    1.06376
0.16244    1.06304
0.164505    1.06232
0.166569    1.06159
0.168631    1.06086
0.170692    1.06012
0.17275    1.05937
0.174807    1.05862
0.176862    1.05786
0.178915    1.0571
0.180967    1.05634
0.183016    1.05556
0.185064    1.05479
0.187109    1.054
0.189153    1.05321
0.191195    1.05242
0.193235    1.05162
0.195274    1.05082
0.19731    1.05001
0.199344    1.04919
0.201377    1.04837
0.203407    1.04754
0.205436    1.04671
0.207462    1.04587
0.209487    1.04503
0.211509    1.04418
0.21353    1.04333
0.215549    1.04247
0.217565    1.0416
0.21958    1.04073
0.221592    1.03986
0.223602    1.03898
0.225611    1.03809
0.227617    1.0372
0.229621    1.0363
0.231623    1.0354
0.233623    1.03449
0.235621    1.03358
0.237617    1.03266
0.23961    1.03174
0.241602    1.03081
0.243591    1.02987
0.245578    1.02894
0.247563    1.02799
0.249546    1.02704
0.251526    1.02609
0.253504    1.02513
0.25548    1.02416
0.257454    1.02319
0.259426    1.02221
0.261395    1.02123
0.263362    1.02024
0.265327    1.01925
0.267289    1.01826
0.26925    1.01725
0.271208    1.01625
0.273163    1.01523
0.275116    1.01421
0.277067    1.01319
0.279016    1.01216
0.280962    1.01113
0.282906    1.01009
0.284848    1.00905
0.286787    1.008
0.288724    1.00694
0.290658    1.00589
0.29259    1.00482
0.29452    1.00375
0.296447    1.00268
0.298371    1.0016
0.300294    1.00051
0.302213    0.999423
0.304131    0.998328
0.306046    0.997229
0.307958    0.996123
0.309868    0.995013
0.311775    0.993898
0.31368    0.992778
0.315582    0.991653
0.317482    0.990523
0.319379    0.989387
0.321274    0.988247
0.323166    0.987102
0.325056    0.985952
0.326943    0.984796
0.328828    0.983636
0.330709    0.982471
0.332589    0.981301
0.334465    0.980126
0.336339    0.978946
0.338211    0.977761
0.34008    0.976571
0.341946    0.975376
0.343809    0.974176
0.34567    0.972971
0.347529    0.971762
0.349384    0.970547
0.351237    0.969328
0.353087    0.968104
0.354935    0.966874
0.356779    0.96564
0.358621    0.964402
0.360461    0.963158
0.362297    0.961909
0.364131    0.960656
0.365962    0.959398
0.367791    0.958135
0.369616    0.956867
0.371439    0.955595
0.373259    0.954317
0.375076    0.953035
0.376891    0.951748
0.378702    0.950456
0.380511    0.94916
0.382317    0.947859
0.38412    0.946553
0.385921    0.945242
0.387718    0.943927
0.389513    0.942607
0.391305    0.941282
0.393094    0.939953
0.39488    0.938618
0.396663    0.93728
0.398443    0.935936
0.400221    0.934588
0.401995    0.933235
0.403767    0.931878
0.405536    0.930516
0.407302    0.929149
0.409064    0.927778
0.410824    0.926402
0.412581    0.925021
0.414335    0.923636
0.416087    0.922246
0.417835    0.920852
0.41958    0.919453
0.421322    0.91805
0.423061    0.916642
0.424798    0.915229
0.426531    0.913812
0.428261    0.912391
0.429988    0.910965
0.431712    0.909534
0.433434    0.908099
0.435152    0.906659
0.436867    0.905215
0.438579    0.903767
0.440288    0.902314
0.441994    0.900857
0.443697    0.899395
0.445397    0.897929
0.447093    0.896458
0.448787    0.894983
0.450478    0.893503
0.452165    0.892019
0.45385    0.890531
0.455531    0.889039
0.457209    0.887541
0.458884    0.88604
0.460556    0.884534
0.462225    0.883024
0.463891    0.88151
0.465553    0.879991
0.467213    0.878468
0.468869    0.876941
0.470522    0.875409
0.472172    0.873873
0.473819    0.872333
0.475463    0.870789
0.477103    0.86924
0.47874    0.867687
0.480375    0.86613
0.482005    0.864568
0.483633    0.863003
0.485258    0.861433
0.486879    0.859859
0.488497    0.85828
0.490112    0.856698
0.491723    0.855111
0.493332    0.85352
0.494937    0.851926
0.496539    0.850326
0.498137    0.848723
0.499733    0.847116
0.501325    0.845504
0.502914    0.843889
0.504499    0.842269
0.506082    0.840645
0.507661    0.839017
0.509237    0.837386
0.510809    0.83575
0.512378    0.83411
0.513944    0.832465
0.515507    0.830817
0.517066    0.829165
0.518622    0.827509
0.520175    0.825849
0.521724    0.824185
0.523271    0.822517
0.524813    0.820844
0.526353    0.819168
0.527889    0.817488
0.529422    0.815804
0.530951    0.814116
0.532477    0.812425
0.534    0.810729
0.535519    0.809029
0.537035    0.807326
0.538548    0.805618
0.540057    0.803907
0.541563    0.802192
0.543065    0.800473
0.544565    0.79875
0.54606    0.797023
0.547553    0.795292
0.549042    0.793558
0.550527    0.79182
0.55201    0.790078
0.553488    0.788332
0.554964    0.786582
0.556436    0.784829
0.557904    0.783072
0.55937    0.781311
0.560831    0.779546
0.56229    0.777778
0.563745    0.776006
0.565196    0.77423
0.566644    0.77245
0.568089    0.770667
0.56953    0.76888
0.570968    0.767089
0.572402    0.765295
0.573833    0.763497
0.57526    0.761696
0.576684    0.759891
0.578105    0.758082
0.579522    0.756269
0.580935    0.754453
0.582346    0.752634
0.583752    0.75081
0.585155    0.748984
0.586555    0.747153
0.587951    0.745319
0.589344    0.743482
0.590733    0.741641
0.592119    0.739796
0.593502    0.737948
0.59488    0.736096
0.596256    0.734241
0.597628    0.732383
0.598996    0.730521
0.600361    0.728655
0.601722    0.726786
0.60308    0.724914
0.604435    0.723038
0.605785    0.721159
0.607133    0.719276
0.608477    0.71739
0.609817    0.7155
0.611154    0.713607
0.612487    0.711711
0.613817    0.709811
0.615143    0.707908
0.616466    0.706002
0.617785    0.704092
0.619101    0.702179
0.620413    0.700263
0.621722    0.698343
0.623027    0.69642
0.624328    0.694494
0.625626    0.692564
0.626921    0.690631
0.628212    0.688695
0.629499    0.686756
0.630783    0.684813
0.632063    0.682867
0.63334    0.680918
0.634614    0.678966
0.635883    0.67701
0.637149    0.675052
0.638412    0.67309
0.639671    0.671125
0.640927    0.669156
0.642179    0.667185
0.643427    0.665211
0.644672    0.663233
0.645913    0.661252
0.647151    0.659268
0.648385    0.657281
0.649616    0.655291
0.650843    0.653298
0.652066    0.651302
0.653286    0.649303
0.654503    0.6473
0.655716    0.645295
0.656925    0.643286
0.658131    0.641275
0.659333    0.63926
0.660531    0.637243
0.661727    0.635222
0.662918    0.633199
0.664106    0.631173
0.66529    0.629143
0.666471    0.627111
0.667648    0.625076
0.668822    0.623037
0.669992    0.620996
0.671158    0.618952
0.672321    0.616905
0.673481    0.614855
0.674636    0.612802
0.675789    0.610747
0.676937    0.608688
0.678082    0.606627
0.679224    0.604563
0.680362    0.602496
0.681496    0.600426
0.682627    0.598353
0.683754    0.596278
0.684878    0.594199
0.685998    0.592118
0.687115    0.590034
0.688227    0.587948
0.689337    0.585859
0.690443    0.583766
0.691545    0.581672
0.692644    0.579574
0.693739    0.577474
0.69483    0.575371
0.695918    0.573265
0.697003    0.571157
0.698084    0.569046
0.699161    0.566932
0.700235    0.564815
0.701305    0.562696
0.702371    0.560575
0.703434    0.55845
0.704494    0.556324
0.70555    0.554194
0.706602    0.552062
0.707651    0.549927
0.708696    0.54779
0.709738    0.54565
0.710776    0.543508
0.711811    0.541363
0.712842    0.539215
0.713869    0.537065
0.714893    0.534913
0.715913    0.532758
0.71693    0.5306
0.717943    0.52844
0.718953    0.526278
0.719959    0.524113
0.720962    0.521945
0.721961    0.519775
0.722957    0.517603
0.723949    0.515428
0.724937    0.513251
0.725922    0.511071
0.726903    0.508889
0.727881    0.506705
0.728855    0.504518
0.729826    0.502329
0.730794    0.500138
0.731757    0.497944
0.732717    0.495748
0.733674    0.493549
0.734627    0.491348
0.735577    0.489145
0.736523    0.48694
0.737466    0.484732
0.738405    0.482522
0.73934    0.48031
0.740272    0.478095
0.741201    0.475878
0.742126    0.473659
0.743047    0.471438
0.743965    0.469214
0.74488    0.466989
0.745791    0.464761
0.746698    0.462531
0.747602    0.460298
0.748503    0.458064
0.7494    0.455827
0.750293    0.453589
0.751183    0.451348
0.75207    0.449105
0.752953    0.446859
0.753833    0.444612
0.754709    0.442363
0.755581    0.440111
0.756451    0.437858
0.757316    0.435602
0.758178    0.433344
0.759037    0.431084
0.759893    0.428823
0.760744    0.426559
0.761593    0.424293
0.762438    0.422025
0.763279    0.419755
0.764117    0.417483
0.764952    0.415209
0.765783    0.412933
0.766611    0.410655
0.767435    0.408376
0.768256    0.406094
0.769073    0.40381
0.769887    0.401525
0.770697    0.399237
0.771504    0.396948
0.772308    0.394656
0.773108    0.392363
0.773905    0.390068
0.774699    0.387771
0.775489    0.385472
0.776275    0.383171
0.777059    0.380869
0.777838    0.378564
0.778615    0.376258
0.779388    0.37395
0.780157    0.37164
0.780924    0.369329
0.781686    0.367015
0.782446    0.3647
0.783202    0.362383
0.783955    0.360064
0.784704    0.357744
0.78545    0.355422
0.786193    0.353098
0.786932    0.350772
0.787668    0.348445
0.788401    0.346116
0.78913    0.343785
0.789856    0.341453
0.790578    0.339119
0.791297    0.336783
0.792013    0.334446
0.792726    0.332106
0.793435    0.329766
0.794141    0.327424
0.794844    0.32508
0.795543    0.322734
0.796239    0.320387
0.796932    0.318038
0.797621    0.315688
0.798307    0.313336
0.79899    0.310983
0.799669    0.308628
0.800345    0.306272
0.801018    0.303914
0.801688    0.301554
0.802354    0.299193
0.803017    0.296831
0.803677    0.294467
0.804334    0.292101
0.804987    0.289734
0.805637    0.287366
0.806284    0.284996
0.806928    0.282625
0.807568    0.280252
0.808205    0.277878
0.808839    0.275503
0.80947    0.273126
0.810097    0.270747
0.810721    0.268368
0.811342    0.265986
0.81196    0.263604
0.812575    0.26122
0.813186    0.258835
0.813794    0.256449
0.814399    0.254061
0.815001    0.251672
0.8156    0.249281
0.816195    0.246889
0.816788    0.244496
0.817377    0.242102
0.817963    0.239706
0.818546    0.23731
0.819125    0.234911
0.819702    0.232512
0.820275    0.230111
0.820846    0.22771
0.821413    0.225307
0.821977    0.222902
0.822538    0.220497
0.823095    0.21809
0.82365    0.215683
0.824202    0.213274
0.82475    0.210863
0.825296    0.208452
0.825838    0.20604
0.826377    0.203626
0.826913    0.201212
0.827446    0.198796
0.827976    0.196379
0.828503    0.193961
0.829027    0.191542
0.829548    0.189122
0.830066    0.1867
0.830581    0.184278
0.831092    0.181855
0.831601    0.17943
0.832107    0.177005
0.832609    0.174579
0.833109    0.172151
0.833606    0.169723
0.834099    0.167293
0.83459    0.164863
0.835078    0.162432
0.835562    0.159999
0.836044    0.157566
0.836523    0.155132
0.836999    0.152696
0.837471    0.15026
0.837941    0.147823
0.838408    0.145385
0.838872    0.142946
0.839333    0.140507
0.839791    0.138066
0.840246    0.135625
0.840699    0.133182
0.841148    0.130739
0.841594    0.128295
0.842038    0.12585
0.842479    0.123404
0.842916    0.120958
0.843351    0.11851
0.843783    0.116062
0.844212    0.113613
0.844638    0.111163
0.845062    0.108713
0.845482    0.106261
0.8459    0.103809
0.846315    0.101356
0.846727    0.0989028
0.847136    0.0964485
0.847543    0.0939935
0.847946    0.0915378
0.848347    0.0890813
0.848745    0.0866242
0.84914    0.0841664
0.849532    0.0817079
0.849922    0.0792487
0.850309    0.0767889
0.850693    0.0743284
0.851074    0.0718672
0.851453    0.0694055
0.851828    0.0669431
0.852201    0.0644801
0.852572    0.0620165
0.852939    0.0595523
0.853304    0.0570875
0.853666    0.0546221
0.854026    0.0521561
0.854382    0.0496896
0.854736    0.0472225
0.855088    0.0447549
0.855437    0.0422868
0.855783    0.0398181
0.856126    0.0373489
0.856466    0.0348792
0.856805    0.0324089
0.85714    0.0299382
0.857473    0.027467
0.857803    0.0249954
0.85813    0.0225232
0.858455    0.0200506
0.858777    0.0175776
0.859097    0.0151041
0.859414    0.0126302
0.859728    0.0101558
0.86004    0.00768105
0.86035    0.00520588
0.860656    0.00273031
0.86096    0.000254355
0.861262    -0.00222199
0.861561    -0.0046987
0.861858    -0.00717578
0.862152    -0.00965321
0.862443    -0.012131
0.862732    -0.0146091
0.863018    -0.0170876
0.863302    -0.0195663
0.863584    -0.0220454
0.863863    -0.0245248
0.864139    -0.0270045
0.864413    -0.0294845
0.864685    -0.0319647
0.864954    -0.0344452
0.86522    -0.036926
0.865485    -0.039407
0.865746    -0.0418883
0.866006    -0.0443699
0.866262    -0.0468516
0.866517    -0.0493336
0.866769    -0.0518157
0.867019    -0.0542981
0.867266    -0.0567807
0.867511    -0.0592635
0.867753    -0.0617464
0.867994    -0.0642295
0.868231    -0.0667128
0.868467    -0.0691962
0.8687    -0.0716798
0.868931    -0.0741635
0.869159    -0.0766474
0.869385    -0.0791313
0.869609    -0.0816154
0.869831    -0.0840996
0.87005    -0.0865838
0.870267    -0.0890682
0.870481    -0.0915526
0.870694    -0.0940371
0.870904    -0.0965217
0.871112    -0.0990063
0.871317    -0.101491
0.871521    -0.103976
0.871722    -0.10646
0.871921    -0.108945
0.872117    -0.11143
0.872312    -0.113915
0.872504    -0.1164
0.872694    -0.118884
0.872882    -0.121369
0.873068    -0.123854
0.873251    -0.126338
0.873433    -0.128823
0.873612    -0.131308
0.873789    -0.133792
0.873964    -0.136277
0.874137    -0.138761
0.874308    -0.141245
0.874476    -0.14373
0.874643    -0.146214
0.874807    -0.148698
0.87497    -0.151182
0.87513    -0.153665
0.875288    -0.156149
0.875444    -0.158633
0.875599    -0.161116
0.875751    -0.163599
0.875901    -0.166082
0.876049    -0.168565
0.876195    -0.171048
0.876339    -0.17353
0.876481    -0.176012
0.876621    -0.178495
0.876759    -0.180976
0.876895    -0.183458
0.877029    -0.18594
0.877161    -0.188421
0.877291    -0.190902
0.877419    -0.193383
0.877546    -0.195863
0.87767    -0.198343
0.877792    -0.200823
0.877913    -0.203303
0.878032    -0.205782
0.878148    -0.208261
0.878263    -0.21074
0.878376    -0.213219
0.878488    -0.215697
0.878597    -0.218175
0.878704    -0.220652
0.87881    -0.223129
0.878914    -0.225606
0.879016    -0.228083
0.879116    -0.230559
0.879215    -0.233034
0.879311    -0.23551
0.879406    -0.237985
0.879499    -0.240459
0.879591    -0.242933
0.87968    -0.245407
0.879768    -0.247881
0.879854    -0.250353
0.879938    -0.252826
0.880021    -0.255298
0.880102    -0.25777
0.880181    -0.260241
0.880259    -0.262711
0.880335    -0.265182
0.880409    -0.267651
0.880482    -0.270121
0.880553    -0.272589
0.880622    -0.275058
0.880689    -0.277526
0.880755    -0.279993
0.88082    -0.28246
0.880883    -0.284926
0.880944    -0.287392
0.881003    -0.289857
0.881062    -0.292321
0.881118    -0.294785
0.881173    -0.297249
0.881226    -0.299712
0.881278    -0.302174
0.881328    -0.304636
0.881377    -0.307097
0.881424    -0.309558
0.88147    -0.312018
0.881514    -0.314477
0.881557    -0.316936
0.881599    -0.319394
0.881638    -0.321851
0.881677    -0.324308
0.881714    -0.326764
0.881749    -0.32922
0.881783    -0.331675
0.881816    -0.334129
0.881847    -0.336583
0.881877    -0.339035
0.881906    -0.341488
0.881933    -0.343939
0.881958    -0.34639
0.881983    -0.34884
0.882006    -0.351289
0.882028    -0.353738
0.882048    -0.356186
0.882067    -0.358633
0.882085    -0.361079
0.882101    -0.363525
0.882116    -0.36597
0.88213    -0.368414
0.882143    -0.370857
0.882154    -0.3733
0.882164    -0.375742
0.882173    -0.378183
0.88218    -0.380623
0.882187    -0.383062
0.882192    -0.385501
0.882196    -0.387939
0.882199    -0.390376
0.8822    -0.392812
0.882201    -0.395247
0.8822    -0.397681
0.882198    -0.400115
0.882195    -0.402548
0.882191    -0.40498
0.882185    -0.407411
0.882179    -0.409841
0.882171    -0.41227
0.882163    -0.414698
0.882153    -0.417126
0.882142    -0.419552
0.88213    -0.421978
0.882118    -0.424403
0.882104    -0.426826
0.882089    -0.429249
0.882073    -0.431671
0.882056    -0.434092
0.882038    -0.436512
0.882019    -0.438931
0.881999    -0.441349
0.881978    -0.443767
0.881956    -0.446183
0.881933    -0.448598
0.881909    -0.451012
0.881884    -0.453425
0.881859    -0.455838
0.881832    -0.458249
0.881804    -0.460659
0.881776    -0.463068
0.881747    -0.465476
0.881717    -0.467883
0.881686    -0.470289
0.881654    -0.472694
0.881621    -0.475098
0.881587    -0.477501
0.881553    -0.479903
0.881518    -0.482304
0.881482    -0.484704
0.881445    -0.487102
0.881408    -0.4895
0.881369    -0.491896
0.88133    -0.494292
0.88129    -0.496686
0.88125    -0.499079
0.881208    -0.501471
0.881166    -0.503862
0.881124    -0.506252
0.88108    -0.508641
0.881036    -0.511028
0.880991    -0.513415
0.880946    -0.5158
0.8809    -0.518184
0.880853    -0.520567
0.880806    -0.522948
0.880758    -0.525329
0.880709    -0.527708
0.88066    -0.530087
0.88061    -0.532464
0.88056    -0.534839
0.880509    -0.537214
0.880457    -0.539587
0.880405    -0.541959
0.880352    -0.54433
0.880299    -0.5467
0.880245    -0.549069
0.880191    -0.551436
0.880137    -0.553802
0.880081    -0.556166
0.880026    -0.55853
0.879969    -0.560892
0.879913    -0.563253
0.879856    -0.565613
0.879798    -0.567971
0.87974    -0.570328
0.879682    -0.572684
0.879623    -0.575039
0.879564    -0.577392
0.879505    -0.579744
0.879445    -0.582094
0.879385    -0.584444
0.879324    -0.586792
0.879263    -0.589138
0.879202    -0.591484
0.87914    -0.593828
0.879078    -0.59617
0.879016    -0.598511
0.878953    -0.600851
0.878891    -0.60319
0.878828    -0.605527
0.878764    -0.607863
0.878701    -0.610197
0.878637    -0.61253
0.878573    -0.614862
0.878509    -0.617192
0.878444    -0.619521
0.87838    -0.621848
0.878315    -0.624175
0.87825    -0.626499
0.878185    -0.628822
0.878119    -0.631144
0.878054    -0.633464
0.877988    -0.635783
0.877923    -0.638101
0.877857    -0.640417
0.877791    -0.642731
0.877725    -0.645045
0.877659    -0.647356
0.877593    -0.649666
0.877527    -0.651975
0.877461    -0.654282
0.877394    -0.656588
0.877328    -0.658892
0.877262    -0.661195
0.877196    -0.663496
0.877129    -0.665796
0.877063    -0.668094
0.876997    -0.670391
0.876931    -0.672686
0.876865    -0.67498
0.876799    -0.677272
0.876733    -0.679563
0.876667    -0.681852
0.876601    -0.684139
0.876535    -0.686425
0.87647    -0.68871
0.876404    -0.690993
0.876339    -0.693274
0.876274    -0.695554
0.876209    -0.697832
0.876144    -0.700108
0.876079    -0.702383
0.876015    -0.704657
0.875951    -0.706929
0.875887    -0.709199
0.875823    -0.711468
0.875759    -0.713735
0.875696    -0.716
0.875633    -0.718264
0.87557    -0.720526
0.875508    -0.722786
0.875445    -0.725045
0.875384    -0.727303
0.875322    -0.729558
0.875261    -0.731812
0.8752    -0.734065
0.875139    -0.736315
0.875079    -0.738564
0.875019    -0.740812
0.87496    -0.743057
0.874901    -0.745301
0.874842    -0.747543
0.874784    -0.749784
0.874726    -0.752023
0.874668    -0.75426
0.874611    -0.756496
0.874555    -0.75873
0.874499    -0.760962
0.874443    -0.763192
0.874388    -0.765421
0.874334    -0.767648
0.874279    -0.769873
0.874226    -0.772097
0.874173    -0.774318
0.87412    -0.776538
0.874068    -0.778757
0.874017    -0.780973
0.873966    -0.783188
0.873916    -0.785401
0.873866    -0.787612
0.873817    -0.789822
0.873769    -0.79203
0.873721    -0.794235
0.873674    -0.79644
0.873628    -0.798642
0.873582    -0.800843
0.873537    -0.803041
0.873492    -0.805238
0.873449    -0.807434
0.873406    -0.809627
0.873363    -0.811818
0.873322    -0.814008
0.873281    -0.816196
0.873241    -0.818382
0.873202    -0.820566
0.873163    -0.822749
0.873125    -0.824929
0.873088    -0.827108
0.873052    -0.829285
0.873017    -0.83146
0.872982    -0.833633
0.872948    -0.835805
0.872916    -0.837974
0.872884    -0.840142
0.872853    -0.842307
0.872822    -0.844471
0.872793    -0.846633
0.872765    -0.848793
0.872737    -0.850951
0.87271    -0.853108
0.872685    -0.855262
0.87266    -0.857414
0.872636    -0.859565
0.872614    -0.861713
0.872592    -0.86386
0.872571    -0.866005
0.872551    -0.868148
0.872532    -0.870289
0.872515    -0.872428
0.872498    -0.874565
0.872482    -0.8767
0.872468    -0.878833
0.872454    -0.880964
0.872442    -0.883093
0.87243    -0.885221
0.87242    -0.887346
0.872411    -0.889469
0.872403    -0.891591
0.872396    -0.89371
0.87239    -0.895827
0.872386    -0.897943
0.872382    -0.900056
0.87238    -0.902168
0.872379    -0.904277
0.872379    -0.906384
0.87238    -0.90849
0.872383    -0.910593
0.872387    -0.912694
0.872392    -0.914794
0.872398    -0.916891
0.872406    -0.918986
0.872415    -0.92108
0.872425    -0.923171
0.872436    -0.92526
0.872449    -0.927347
0.872463    -0.929432
0.872479    -0.931515
0.872495    -0.933596
0.872514    -0.935675
0.872533    -0.937752
0.872554    -0.939826
0.872576    -0.941899
0.8726    -0.94397
0.872625    -0.946038
0.872652    -0.948104
0.872679    -0.950169
0.872709    -0.952231
0.87274    -0.954291
0.872772    -0.956349
0.872806    -0.958405
0.872841    -0.960459
0.872878    -0.96251
0.872916    -0.96456
0.872956    -0.966607
0.872997    -0.968652
0.87304    -0.970695
0.873085    -0.972736
0.873131    -0.974775
