-1.11839    0.680061
-1.11697    0.682027
-1.11555    0.683988
-1.11413    0.685946
-1.1127    0.6879
-1.11127    0.689851
-1.10983    0.691798
-1.1084    0.693741
-1.10696    0.69568
-1.10551    0.697616
-1.10406    0.699548
-1.10261    0.701476
-1.10116    0.703401
-1.0997    0.705321
-1.09824    0.707238
-1.09677    0.709151
-1.0953    0.71106
-1.09383    0.712966
-1.09235    0.714867
-1.09087    0.716765
-1.08939    0.718659
-1.08791    0.720549
-1.08642    0.722435
-1.08492    0.724318
-1.08343    0.726196
-1.08193    0.72807
-1.08043    0.729941
-1.07892    0.731808
-1.07741    0.73367
-1.0759    0.735529
-1.07438    0.737384
-1.07286    0.739235
-1.07134    0.741082
-1.06981    0.742925
-1.06829    0.744764
-1.06675    0.746599
-1.06522    0.74843
-1.06368    0.750256
-1.06214    0.752079
-1.06059    0.753898
-1.05904    0.755713
-1.05749    0.757524
-1.05593    0.75933
-1.05438    0.761133
-1.05281    0.762932
-1.05125    0.764726
-1.04968    0.766516
-1.04811    0.768302
-1.04653    0.770085
-1.04496    0.771862
-1.04337    0.773636
-1.04179    0.775406
-1.0402    0.777171
-1.03861    0.778933
-1.03702    0.78069
-1.03542    0.782443
-1.03382    0.784191
-1.03222    0.785936
-1.03061    0.787676
-1.029    0.789412
-1.02739    0.791144
-1.02577    0.792872
-1.02416    0.794595
-1.02253    0.796314
-1.02091    0.798029
-1.01928    0.799739
-1.01765    0.801445
-1.01602    0.803147
-1.01438    0.804845
-1.01274    0.806538
-1.0111    0.808227
-1.00945    0.809912
-1.0078    0.811592
-1.00615    0.813268
-1.00449    0.814939
-1.00283    0.816606
-1.00117    0.818269
-0.999508    0.819927
-0.997841    0.821581
-0.996171    0.823231
-0.994498    0.824876
-0.992822    0.826517
-0.991143    0.828153
-0.989461    0.829785
-0.987776    0.831412
-0.986089    0.833035
-0.984398    0.834653
-0.982705    0.836267
-0.981008    0.837876
-0.979309    0.839481
-0.977607    0.841082
-0.975902    0.842677
-0.974194    0.844269
-0.972484    0.845856
-0.97077    0.847438
-0.969054    0.849016
-0.967335    0.850589
-0.965613    0.852157
-0.963888    0.853721
-0.962161    0.855281
-0.960431    0.856835
-0.958698    0.858385
-0.956962    0.859931
-0.955224    0.861472
-0.953482    0.863008
-0.951738    0.86454
-0.949992    0.866067
-0.948242    0.867589
-0.94649    0.869107
-0.944736    0.87062
-0.942978    0.872128
-0.941218    0.873632
-0.939455    0.875131
-0.93769    0.876625
-0.935922    0.878115
-0.934151    0.8796
-0.932378    0.88108
-0.930602    0.882555
-0.928824    0.884026
-0.927043    0.885492
-0.925259    0.886953
-0.923473    0.888409
-0.921684    0.889861
-0.919893    0.891307
-0.918099    0.892749
-0.916302    0.894187
-0.914504    0.895619
-0.912702    0.897046
-0.910898    0.898469
-0.909092    0.899887
-0.907283    0.9013
