-0.905471    0.902708
-0.903658    0.904112
-0.901841    0.90551
-0.900023    0.906904
-0.898201    0.908293
-0.896378    0.909676
-0.894552    0.911055
-0.892723    0.91243
-0.890893    0.913799
-0.889059    0.915163
-0.887224    0.916522
-0.885386    0.917877
-0.883546    0.919226
-0.881703    0.920571
-0.879858    0.92191
-0.878011    0.923245
-0.876162    0.924575
-0.87431    0.925899
-0.872456    0.927219
-0.870599    0.928534
-0.868741    0.929843
-0.86688    0.931148
-0.865017    0.932448
-0.863151    0.933743
-0.861284    0.935032
-0.859414    0.936317
-0.857542    0.937597
-0.855668    0.938871
-0.853791    0.940141
-0.851913    0.941405
-0.850032    0.942665
-0.84815    0.943919
-0.846265    0.945168
-0.844378    0.946412
-0.842488    0.947652
-0.840597    0.948886
-0.838704    0.950115
-0.836808    0.951338
-0.834911    0.952557
-0.833011    0.953771
-0.83111    0.954979
-0.829206    0.956182
-0.827301    0.957381
-0.825393    0.958574
-0.823483    0.959762
-0.821572    0.960944
-0.819658    0.962122
-0.817742    0.963294
-0.815825    0.964462
-0.813905    0.965624
-0.811984    0.966781
-0.810061    0.967932
-0.808136    0.969079
-0.806208    0.97022
-0.804279    0.971356
-0.802349    0.972487
-0.800416    0.973612
-0.798481    0.974733
-0.796545    0.975848
-0.794607    0.976958
-0.792667    0.978063
-0.790725    0.979162
-0.788781    0.980256
-0.786836    0.981345
-0.784888    0.982429
-0.782939    0.983507
-0.780989    0.98458
-0.779036    0.985648
-0.777082    0.986711
-0.775126    0.987768
-0.773169    0.98882
-0.77121    0.989867
-0.769249    0.990908
-0.767286    0.991944
-0.765322    0.992975
-0.763356    0.994
-0.761389    0.99502
-0.759419    0.996035
-0.757449    0.997044
-0.755476    0.998048
-0.753503    0.999047
-0.751527    1.00004
-0.74955    1.00103
-0.747572    1.00201
-0.745592    1.00299
-0.74361    1.00396
-0.741627    1.00493
-0.739642    1.00589
-0.737656    1.00684
-0.735669    1.00779
-0.73368    1.00874
-0.731689    1.00968
-0.729697    1.01061
-0.727704    1.01154
-0.725709    1.01246
-0.723713    1.01338
-0.721716    1.01429
-0.719717    1.0152
-0.717717    1.0161
-0.715715    1.017
-0.713712    1.01789
-0.711708    1.01878
-0.709703    1.01965
-0.707696    1.02053
-0.705688    1.0214
-0.703678    1.02226
-0.701668    1.02312
-0.699656    1.02397
-0.697643    1.02482
-0.695628    1.02566
-0.693613    1.0265
-0.691596    1.02733
-0.689578    1.02815
-0.687559    1.02897
-0.685539    1.02979
-0.683517    1.0306
-0.681495    1.0314
-0.679471    1.0322
-0.677446    1.03299
-0.67542    1.03378
-0.673393    1.03456
-0.671365    1.03533
-0.669336    1.0361
-0.667306    1.03687
-0.665275    1.03763
-0.663242    1.03838
-0.661209    1.03913
-0.659175    1.03987
-0.65714    1.04061
-0.655104    1.04134
-0.653066    1.04206
-0.651028    1.04278
-0.648989    1.0435
-0.646949    1.04421
-0.644908    1.04491
-0.642866    1.04561
-0.640824    1.0463
-0.63878    1.04699
-0.636736    1.04767
-0.63469    1.04835
-0.632644    1.04902
-0.630597    1.04968
-0.62855    1.05034
-0.626501    1.05099
-0.624452    1.05164
-0.622402    1.05229
-0.620351    1.05292
-0.618299    1.05355
-0.616247    1.05418
-0.614194    1.0548
-0.61214    1.05541
-0.610085    1.05602
-0.60803    1.05663
-0.605974    1.05722
-0.603918    1.05782
-0.601861    1.0584
-0.599803    1.05898
-0.597744    1.05956
-0.595685    1.06013
-0.593626    1.06069
-0.591566    1.06125
-0.589505    1.0618
-0.587444    1.06235
-0.585382    1.06289
-0.583319    1.06343
-0.581256    1.06396
-0.579193    1.06448
-0.577129    1.065
-0.575064    1.06552
-0.573    1.06602
-0.570934    1.06653
-0.568868    1.06702
-0.566802    1.06751
-0.564736    1.068
-0.562668    1.06848
-0.560601    1.06895
-0.558533    1.06942
-0.556465    1.06988
-0.554396    1.07034
-0.552328    1.07079
-0.550258    1.07124
-0.548189    1.07168
-0.546119    1.07211
-0.544049    1.07254
-0.541978    1.07297
-0.539908    1.07338
-0.537837    1.0738
-0.535765    1.0742
-0.533694    1.0746
-0.531622    1.075
-0.52955    1.07539
-0.527478    1.07577
-0.525406    1.07615
-0.523334    1.07652
-0.521261    1.07689
-0.519188    1.07725
-0.517116    1.07761
-0.515043    1.07796
-0.51297    1.0783
-0.510896    1.07864
-0.508823    1.07897
-0.50675    1.0793
-0.504676    1.07962
-0.502603    1.07994
-0.50053    1.08025
-0.498456    1.08055
-0.496383    1.08085
-0.494309    1.08114
-0.492236    1.08143
-0.490162    1.08171
-0.488089    1.08199
-0.486016    1.08226
-0.483942    1.08253
-0.481869    1.08279
-0.479796    1.08304
-0.477723    1.08329
-0.47565    1.08353
-0.473578    1.08377
-0.471505    1.084
-0.469433    1.08423
-0.46736    1.08445
-0.465288    1.08466
-0.463216    1.08487
-0.461145    1.08507
-0.459073    1.08527
-0.457002    1.08546
-0.454931    1.08565
-0.45286    1.08583
-0.45079    1.08601
-0.44872    1.08617
-0.44665    1.08634
-0.44458    1.0865
-0.442511    1.08665
-0.440442    1.0868
-0.438373    1.08694
-0.436305    1.08707
-0.434237    1.0872
-0.432169    1.08733
-0.430102    1.08745
-0.428035    1.08756
-0.425969    1.08767
-0.423903    1.08777
-0.421837    1.08787
-0.419772    1.08796
-0.417708    1.08804
-0.415644    1.08812
-0.41358    1.08819
-0.411517    1.08826
-0.409454    1.08833
-0.407392    1.08838
-0.40533    1.08843
-0.403269    1.08848
-0.401209    1.08852
-0.399149    1.08855
-0.397089    1.08858
-0.395031    1.08861
-0.392972    1.08863
-0.390915    1.08864
-0.388858    1.08864
-0.386802    1.08865
-0.384746    1.08864
-0.382691    1.08863
-0.380637    1.08861
-0.378583    1.08859
-0.37653    1.08857
-0.374478    1.08853
-0.372426    1.0885
-0.370375    1.08845
-0.368325    1.0884
-0.366276    1.08835
-0.364227    1.08829
-0.362179    1.08822
-0.360132    1.08815
-0.358086    1.08808
-0.356041    1.08799
-0.353996    1.08791
-0.351952    1.08781
-0.34991    1.08771
-0.347867    1.08761
-0.345826    1.0875
-0.343786    1.08738
-0.341746    1.08726
-0.339708    1.08713
-0.33767    1.087
-0.335634    1.08687
-0.333598    1.08672
-0.331563    1.08657
-0.329529    1.08642
-0.327496    1.08626
-0.325464    1.08609
-0.323433    1.08592
-0.321403    1.08575
-0.319374    1.08557
-0.317347    1.08538
-0.31532    1.08519
-0.313294    1.08499
-0.311269    1.08478
-0.309245    1.08457
-0.307223    1.08436
-0.305201    1.08414
-0.303181    1.08391
-0.301161    1.08368
-0.299143    1.08345
-0.297126    1.0832
-0.29511    1.08296
-0.293095    1.0827
-0.291081    1.08245
-0.289069    1.08218
-0.287058    1.08191
-0.285048    1.08164
-0.283039    1.08136
-0.281031    1.08107
-0.279025    1.08078
-0.277019    1.08048
-0.275015    1.08018
-0.273013    1.07988
-0.271011    1.07956
-0.269011    1.07925
-0.267012    1.07892
-0.265015    1.07859
-0.263018    1.07826
-0.261023    1.07792
-0.25903    1.07757
-0.257037    1.07722
-0.255046    1.07687
-0.253057    1.07651
-0.251069    1.07614
-0.249082    1.07577
-0.247096    1.07539
-0.245112    1.07501
-0.24313    1.07462
-0.241148    1.07423
-0.239169    1.07383
-0.23719    1.07343
-0.235213    1.07302
-0.233238    1.0726
-0.231264    1.07218
-0.229291    1.07176
-0.22732    1.07133
-0.225351    1.07089
-0.223383    1.07045
-0.221417    1.07
-0.219452    1.06955
-0.217488    1.06909
-0.215526    1.06863
-0.213566    1.06816
-0.211607    1.06769
-0.20965    1.06721
-0.207695    1.06673
-0.205741    1.06624
-0.203788    1.06575
-0.201838    1.06525
-0.199888    1.06474
-0.197941    1.06423
-0.195995    1.06372
-0.194051    1.0632
-0.192108    1.06267
-0.190168    1.06214
-0.188228    1.06161
-0.186291    1.06107
-0.184355    1.06052
-0.182421    1.05997
-0.180489    1.05941
-0.178558    1.05885
-0.176629    1.05828
-0.174702    1.05771
-0.172776    1.05713
-0.170853    1.05655
-0.168931    1.05596
-0.167011    1.05537
-0.165093    1.05477
-0.163176    1.05417
-0.161261    1.05356
-0.159348    1.05295
-0.157437    1.05233
-0.155528    1.05171
-0.153621    1.05108
-0.151715    1.05044
-0.149812    1.0498
-0.14791    1.04916
-0.14601    1.04851
-0.144112    1.04786
-0.142216    1.0472
-0.140321    1.04653
-0.138429    1.04586
-0.136539    1.04519
-0.13465    1.04451
-0.132763    1.04382
-0.130879    1.04314
-0.128996    1.04244
-0.127115    1.04174
-0.125237    1.04104
-0.12336    1.04033
-0.121485    1.03961
-0.119612    1.03889
-0.117742    1.03817
-0.115873    1.03744
-0.114006    1.0367
-0.112141    1.03596
-0.110279    1.03522
-0.108418    1.03447
-0.106559    1.03371
-0.104703    1.03295
-0.102848    1.03219
-0.100996    1.03142
-0.0991454    1.03064
-0.0972971    1.02986
-0.0954509    1.02908
-0.0936069    1.02829
-0.0917649    1.02749
-0.0899251    1.02669
-0.0880873    1.02589
-0.0862518    1.02508
-0.0844183    1.02427
-0.082587    1.02345
-0.0807579    1.02262
-0.0789309    1.02179
-0.0771061    1.02096
-0.0752834    1.02012
-0.073463    1.01928
-0.0716447    1.01843
-0.0698287    1.01758
-0.0680148    1.01672
-0.0662032    1.01586
-0.0643938    1.01499
-0.0625866    1.01412
-0.0607816    1.01324
-0.0589789    1.01236
-0.0571784    1.01147
-0.0553802    1.01058
-0.0535843    1.00968
-0.0517906    1.00878
-0.0499992    1.00787
-0.0482101    1.00696
-0.0464232    1.00605
-0.0446387    1.00513
-0.0428565    1.0042
-0.0410765    1.00327
-0.0392989    1.00234
-0.0375236    1.0014
-0.0357507    1.00045
-0.0339801    0.999505
-0.0322118    0.998552
-0.0304459    0.997594
-0.0286823    0.996631
-0.0269211    0.995663
-0.0251622    0.994691
-0.0234058    0.993714
-0.0216517    0.992732
-0.0199    0.991746
-0.0181507    0.990755
-0.0164038    0.989759
-0.0146593    0.988759
-0.0129172    0.987754
-0.0111775    0.986744
-0.00944026    0.98573
-0.00770544    0.984711
-0.00597306    0.983688
-0.00424312    0.98266
-0.00251563    0.981627
-0.000790589    0.98059
0.00093199    0.979548
0.0026521    0.978502
0.00436975    0.977451
0.00608491    0.976396
0.00779759    0.975336
0.00950779    0.974271
0.0112155    0.973202
0.0129207    0.972128
0.0146234    0.97105
0.0163236    0.969967
0.0180212    0.96888
0.0197164    0.967789
0.021409    0.966692
0.0230991    0.965592
0.0247866    0.964486
0.0264716    0.963377
0.0281541    0.962263
0.029834    0.961144
0.0315113    0.960021
0.0331861    0.958893
0.0348583    0.957761
0.036528    0.956625
0.038195    0.955484
0.0398595    0.954339
0.0415214    0.953189
0.0431807    0.952035
0.0448374    0.950877
0.0464914    0.949714
0.0481429    0.948547
0.0497918    0.947375
0.051438    0.946199
0.0530816    0.945019
0.0547226    0.943834
0.056361    0.942645
0.0579967    0.941452
0.0596297    0.940254
0.0612602    0.939052
0.0628879    0.937846
0.064513    0.936635
0.0661355    0.93542
0.0677553    0.934201
0.0693724    0.932977
0.0709868    0.931749
0.0725986    0.930517
0.0742077    0.929281
0.0758141    0.92804
0.0774178    0.926795
0.0790188    0.925546
0.0806171    0.924293
0.0822127    0.923035
0.0838056    0.921774
0.0853958    0.920508
0.0869832    0.919237
0.088568    0.917963
0.09015    0.916684
0.0917293    0.915401
0.0933058    0.914114
0.0948796    0.912823
0.0964507    0.911528
0.098019    0.910229
0.0995846    0.908925
0.101147    0.907617
0.102708    0.906305
0.104265    0.904989
0.105819    0.903669
0.107371    0.902345
0.10892    0.901017
0.110466    0.899684
0.11201    0.898348
0.113551    0.897007
0.115088    0.895662
0.116624    0.894314
0.118156    0.892961
0.119685    0.891604
0.121212    0.890243
0.122736    0.888878
0.124257    0.887509
0.125775    0.886136
0.127291    0.884759
0.128804    0.883378
0.130313    0.881994
0.131821    0.880605
0.133325    0.879212
0.134826    0.877815
0.136325    0.876414
0.13782    0.875009
0.139313    0.8736
0.140803    0.872188
0.142291    0.870771
0.143775    0.86935
0.145256    0.867926
0.146735    0.866498
0.148211    0.865065
0.149684    0.863629
0.151154    0.862189
0.152621    0.860745
0.154086    0.859297
0.155547    0.857846
0.157006    0.85639
0.158462    0.854931
0.159914    0.853467
0.161364    0.852
0.162812    0.850529
0.164256    0.849055
0.165697    0.847576
0.167136    0.846094
0.168571    0.844608
0.170004    0.843118
0.171434    0.841624
0.172861    0.840127
0.174285    0.838625
0.175706    0.83712
0.177124    0.835612
0.178539    0.834099
0.179952    0.832583
0.181361    0.831063
0.182768    0.82954
0.184172    0.828012
0.185572    0.826481
0.18697    0.824946
0.188365    0.823408
0.189757    0.821866
0.191146    0.82032
0.192533    0.818771
0.193916    0.817218
0.195296    0.815661
0.196674    0.814101
0.198048    0.812537
0.19942    0.810969
0.200788    0.809398
0.202154    0.807823
0.203517    0.806244
0.204876    0.804662
0.206233    0.803077
0.207587    0.801488
0.208938    0.799895
0.210286    0.798298
0.211631    0.796699
0.212973    0.795095
0.214313    0.793488
0.215649    0.791878
0.216982    0.790264
0.218312    0.788646
0.21964    0.787025
0.220964    0.785401
0.222286    0.783773
0.223604    0.782141
0.22492    0.780506
0.226233    0.778868
0.227542    0.777226
0.228849    0.775581
0.230153    0.773932
0.231453    0.77228
0.232751    0.770624
0.234046    0.768965
0.235338    0.767303
0.236627    0.765637
0.237913    0.763967
0.239196    0.762295
0.240476    0.760619
0.241753    0.758939
0.243027    0.757257
0.244298    0.755571
0.245566    0.753881
0.246832    0.752188
0.248094    0.750492
0.249353    0.748793
0.250609    0.74709
0.251863    0.745384
0.253113    0.743675
0.25436    0.741962
0.255605    0.740246
0.256846    0.738527
0.258085    0.736804
0.25932    0.735079
0.260553    0.73335
0.261782    0.731618
0.263009    0.729882
0.264232    0.728143
0.265453    0.726401
0.266671    0.724656
0.267885    0.722908
0.269097    0.721157
0.270306    0.719402
0.271511    0.717644
0.272714    0.715883
0.273914    0.714119
0.275111    0.712351
0.276305    0.710581
0.277495    0.708807
0.278683    0.70703
0.279868    0.70525
0.28105    0.703467
0.282229    0.701681
0.283405    0.699892
0.284578    0.6981
0.285748    0.696304
0.286915    0.694506
0.288079    0.692704
0.289241    0.6909
0.290399    0.689092
0.291554    0.687281
0.292706    0.685468
0.293855    0.683651
0.295002    0.681831
0.296145    0.680008
0.297286    0.678182
0.298423    0.676354
0.299557    0.674522
0.300689    0.672687
0.301817    0.670849
0.302943    0.669009
0.304065    0.667165
0.305185    0.665318
0.306302    0.663469
0.307415    0.661616
0.308526    0.659761
0.309634    0.657903
0.310739    0.656041
0.311841    0.654177
0.31294    0.65231
0.314036    0.65044
0.315129    0.648568
0.316219    0.646692
0.317306    0.644813
0.31839    0.642932
0.319471    0.641048
0.32055    0.639161
0.321625    0.637271
0.322697    0.635378
0.323767    0.633483
0.324833    0.631585
0.325897    0.629683
0.326957    0.62778
0.328015    0.625873
0.32907    0.623964
0.330122    0.622051
0.331171    0.620136
0.332217    0.618219
0.33326    0.616298
0.3343    0.614375
0.335337    0.612449
0.336371    0.610521
0.337402    0.608589
0.338431    0.606655
0.339456    0.604719
0.340479    0.602779
0.341499    0.600837
0.342515    0.598893
0.343529    0.596945
0.34454    0.594995
0.345548    0.593043
0.346553    0.591087
0.347555    0.589129
0.348554    0.587169
0.349551    0.585206
0.350544    0.58324
0.351535    0.581272
0.352523    0.579301
0.353507    0.577327
0.354489    0.575351
0.355468    0.573372
0.356444    0.571391
0.357418    0.569408
0.358388    0.567421
0.359355    0.565433
0.36032    0.563441
0.361282    0.561447
0.362241    0.559451
0.363197    0.557452
0.36415    0.555451
0.3651    0.553447
0.366047    0.551441
0.366992    0.549432
0.367933    0.547421
0.368872    0.545407
0.369808    0.543391
0.370741    0.541373
0.371671    0.539352
0.372599    0.537328
0.373523    0.535303
0.374445    0.533275
0.375364    0.531244
0.37628    0.529211
0.377193    0.527176
0.378103    0.525138
0.379011    0.523098
0.379915    0.521056
0.380817    0.519011
0.381716    0.516964
0.382613    0.514915
0.383506    0.512863
0.384397    0.510809
0.385284    0.508753
0.386169    0.506694
0.387051    0.504633
0.387931    0.50257
0.388807    0.500504
0.389681    0.498437
0.390552    0.496367
0.39142    0.494295
0.392286    0.49222
0.393148    0.490144
0.394008    0.488065
0.394865    0.485984
0.395719    0.4839
0.396571    0.481815
0.39742    0.479727
0.398266    0.477637
0.399109    0.475545
0.399949    0.473451
0.400787    0.471355
0.401622    0.469256
0.402454    0.467156
0.403284    0.465053
0.40411    0.462948
0.404934    0.460841
0.405755    0.458732
0.406574    0.456621
0.40739    0.454508
0.408203    0.452392
0.409013    0.450275
0.409821    0.448155
0.410626    0.446034
0.411428    0.44391
0.412227    0.441785
0.413024    0.439657
0.413818    0.437527
0.414609    0.435396
0.415398    0.433262
0.416184    0.431126
0.416967    0.428988
0.417748    0.426849
0.418526    0.424707
0.419301    0.422564
0.420074    0.420418
0.420844    0.41827
0.421611    0.416121
0.422376    0.41397
0.423138    0.411816
0.423897    0.409661
0.424654    0.407504
0.425408    0.405345
0.426159    0.403184
0.426908    0.401021
0.427654    0.398856
0.428397    0.39669
0.429138    0.394521
0.429877    0.392351
0.430612    0.390179
0.431345    0.388005
0.432076    0.385829
0.432804    0.383652
0.433529    0.381472
0.434251    0.379291
0.434971    0.377108
0.435689    0.374923
0.436404    0.372737
0.437116    0.370549
0.437826    0.368358
0.438533    0.366167
0.439238    0.363973
0.43994    0.361778
0.440639    0.359581
0.441336    0.357382
0.44203    0.355182
0.442722    0.352979
0.443412    0.350776
0.444098    0.34857
0.444783    0.346363
0.445464    0.344154
0.446144    0.341943
0.44682    0.339731
0.447494    0.337517
0.448166    0.335302
0.448835    0.333085
0.449502    0.330866
0.450166    0.328646
0.450828    0.326424
0.451487    0.3242
0.452144    0.321975
0.452798    0.319749
0.45345    0.31752
0.454099    0.315291
0.454746    0.313059
0.455391    0.310826
0.456033    0.308592
0.456672    0.306356
0.45731    0.304119
0.457944    0.30188
0.458577    0.299639
0.459206    0.297397
0.459834    0.295154
0.460459    0.292909
0.461081    0.290662
0.461702    0.288414
0.462319    0.286165
0.462935    0.283914
0.463548    0.281662
0.464159    0.279409
0.464767    0.277154
0.465373    0.274897
0.465976    0.272639
0.466577    0.27038
0.467176    0.268119
0.467773    0.265857
0.468367    0.263594
0.468959    0.261329
0.469548    0.259063
0.470135    0.256796
0.47072    0.254527
0.471303    0.252257
0.471883    0.249986
0.472461    0.247713
0.473036    0.245439
0.47361    0.243164
0.474181    0.240887
0.474749    0.238609
0.475316    0.23633
0.47588    0.23405
0.476442    0.231768
0.477001    0.229485
0.477559    0.227201
0.478114    0.224916
0.478667    0.22263
0.479217    0.220342
0.479766    0.218053
0.480312    0.215763
0.480856    0.213472
0.481397    0.211179
0.481937    0.208885
0.482474    0.206591
0.483009    0.204295
0.483542    0.201998
0.484073    0.199699
0.484602    0.1974
0.485128    0.1951
0.485652    0.192798
0.486174    0.190495
0.486694    0.188192
0.487212    0.185887
0.487727    0.183581
0.488241    0.181274
0.488752    0.178966
0.489261    0.176657
0.489768    0.174347
0.490273    0.172036
0.490776    0.169723
0.491277    0.16741
0.491776    0.165096
0.492272    0.162781
0.492767    0.160465
0.493259    0.158148
0.493749    0.155829
0.494237    0.15351
0.494724    0.15119
0.495208    0.148869
0.49569    0.146547
0.49617    0.144225
0.496648    0.141901
0.497124    0.139576
0.497598    0.137251
0.49807    0.134924
0.49854    0.132597
0.499008    0.130269
0.499473    0.127939
0.499937    0.125609
0.500399    0.123279
0.500859    0.120947
0.501317    0.118614
0.501773    0.116281
0.502227    0.113947
0.50268    0.111612
0.50313    0.109276
0.503578    0.10694
0.504024    0.104602
0.504469    0.102264
0.504911    0.0999254
0.505352    0.0975857
0.50579    0.0952453
0.506227    0.0929042
0.506662    0.0905623
0.507095    0.0882197
0.507526    0.0858764
0.507955    0.0835324
0.508383    0.0811876
0.508808    0.0788422
0.509232    0.0764961
0.509654    0.0741493
0.510074    0.0718019
0.510492    0.0694538
0.510908    0.067105
0.511323    0.0647556
0.511735    0.0624056
0.512146    0.0600549
0.512555    0.0577036
0.512963    0.0553518
0.513368    0.0529993
0.513772    0.0506462
0.514174    0.0482925
0.514574    0.0459383
0.514973    0.0435835
0.515369    0.0412282
0.515764    0.0388723
0.516158    0.0365158
0.516549    0.0341588
0.516939    0.0318013
0.517327    0.0294433
0.517714    0.0270848
0.518098    0.0247258
0.518481    0.0223663
0.518863    0.0200063
0.519242    0.0176458
0.51962    0.0152849
0.519997    0.0129235
0.520371    0.0105616
0.520744    0.00819934
0.521116    0.00583663
0.521486    0.0034735
0.521854    0.00110995
0.52222    -0.00125401
0.522585    -0.00361836
0.522949    -0.00598311
0.52331    -0.00834823
0.52367    -0.0107137
0.524029    -0.0130796
0.524386    -0.0154458
0.524741    -0.0178124
0.525095    -0.0201793
0.525448    -0.0225465
0.525798    -0.0249141
0.526148    -0.027282
0.526495    -0.0296501
0.526842    -0.0320186
0.527186    -0.0343874
0.52753    -0.0367564
0.527871    -0.0391258
0.528211    -0.0414953
0.52855    -0.0438652
0.528887    -0.0462353
0.529223    -0.0486056
0.529558    -0.0509762
0.529891    -0.053347
0.530222    -0.055718
0.530552    -0.0580892
0.530881    -0.0604606
0.531208    -0.0628322
0.531534    -0.0652039
0.531858    -0.0675759
0.532181    -0.069948
0.532502    -0.0723203
0.532823    -0.0746927
0.533142    -0.0770652
0.533459    -0.0794379
0.533775    -0.0818108
0.53409    -0.0841837
0.534403    -0.0865567
0.534715    -0.0889299
0.535026    -0.0913031
0.535336    -0.0936764
0.535644    -0.0960498
0.535951    -0.0984232
0.536256    -0.100797
0.53656    -0.10317
0.536863    -0.105544
0.537165    -0.107918
0.537466    -0.110291
0.537765    -0.112665
0.538063    -0.115039
0.53836    -0.117412
0.538655    -0.119786
0.538949    -0.12216
0.539243    -0.124533
0.539534    -0.126907
0.539825    -0.12928
0.540115    -0.131654
0.540403    -0.134027
0.54069    -0.136401
0.540976    -0.138774
0.541261    -0.141147
0.541545    -0.14352
0.541827    -0.145893
0.542109    -0.148266
0.542389    -0.150639
0.542668    -0.153012
0.542946    -0.155385
0.543223    -0.157757
0.543499    -0.160129
0.543774    -0.162501
0.544048    -0.164873
0.54432    -0.167245
0.544592    -0.169617
0.544863    -0.171988
0.545132    -0.17436
0.545401    -0.176731
0.545668    -0.179101
0.545935    -0.181472
0.5462    -0.183842
0.546465    -0.186213
0.546728    -0.188583
0.546991    -0.190952
0.547253    -0.193322
0.547513    -0.195691
0.547773    -0.19806
0.548032    -0.200428
0.548289    -0.202797
0.548546    -0.205165
0.548802    -0.207532
0.549057    -0.2099
0.549311    -0.212267
0.549565    -0.214633
0.549817    -0.217
0.550069    -0.219366
0.550319    -0.221732
0.550569    -0.224097
0.550818    -0.226462
0.551066    -0.228826
0.551313    -0.231191
0.55156    -0.233554
0.551805    -0.235918
0.55205    -0.238281
0.552294    -0.240643
0.552537    -0.243006
0.55278    -0.245367
0.553022    -0.247729
0.553262    -0.25009
0.553503    -0.25245
0.553742    -0.25481
0.553981    -0.257169
0.554219    -0.259528
0.554456    -0.261887
0.554693    -0.264245
0.554928    -0.266602
0.555164    -0.268959
0.555398    -0.271316
0.555632    -0.273672
0.555865    -0.276027
0.556097    -0.278382
0.556329    -0.280736
0.55656    -0.28309
0.556791    -0.285443
0.557021    -0.287796
0.55725    -0.290148
0.557479    -0.2925
0.557707    -0.294851
0.557935    -0.297201
0.558162    -0.299551
0.558388    -0.3019
0.558614    -0.304248
0.55884    -0.306596
0.559064    -0.308943
0.559289    -0.31129
0.559512    -0.313635
0.559736    -0.315981
0.559958    -0.318325
0.560181    -0.320669
0.560402    -0.323012
0.560624    -0.325355
0.560844    -0.327697
0.561065    -0.330038
0.561285    -0.332378
0.561504    -0.334718
0.561723    -0.337057
0.561942    -0.339395
0.56216    -0.341732
0.562378    -0.344069
0.562595    -0.346405
0.562812    -0.34874
0.563029    -0.351074
0.563245    -0.353408
0.563461    -0.355741
0.563677    -0.358073
0.563892    -0.360404
0.564107    -0.362735
0.564322    -0.365064
0.564536    -0.367393
0.56475    -0.369721
0.564964    -0.372048
0.565177    -0.374374
0.56539    -0.3767
0.565603    -0.379024
0.565816    -0.381348
0.566028    -0.383671
0.566241    -0.385993
0.566453    -0.388314
0.566664    -0.390634
0.566876    -0.392953
0.567087    -0.395272
0.567298    -0.397589
0.567509    -0.399906
0.56772    -0.402221
0.567931    -0.404536
0.568141    -0.406849
0.568351    -0.409162
0.568562    -0.411474
0.568772    -0.413785
0.568982    -0.416095
0.569192    -0.418403
0.569401    -0.420711
0.569611    -0.423018
0.569821    -0.425324
0.57003    -0.427629
0.57024    -0.429933
0.570449    -0.432235
0.570658    -0.434537
0.570868    -0.436838
0.571077    -0.439138
0.571286    -0.441436
0.571496    -0.443734
0.571705    -0.44603
0.571915    -0.448326
0.572124    -0.45062
0.572333    -0.452913
0.572543    -0.455206
0.572752    -0.457497
0.572962    -0.459787
0.573172    -0.462076
0.573381    -0.464363
0.573591    -0.46665
0.573801    -0.468935
0.574011    -0.47122
0.574221    -0.473503
0.574432    -0.475785
0.574642    -0.478066
0.574853    -0.480345
0.575064    -0.482624
0.575274    -0.484901
0.575486    -0.487177
0.575697    -0.489452
0.575908    -0.491726
0.57612    -0.493999
0.576332    -0.49627
0.576544    -0.49854
0.576757    -0.500809
0.576969    -0.503077
0.577182    -0.505343
0.577395    -0.507608
0.577609    -0.509872
0.577822    -0.512135
0.578036    -0.514396
0.578251    -0.516656
0.578465    -0.518915
0.57868    -0.521173
0.578896    -0.523429
0.579111    -0.525684
0.579327    -0.527937
0.579543    -0.53019
0.57976    -0.532441
0.579977    -0.53469
0.580195    -0.536939
0.580413    -0.539186
0.580631    -0.541431
0.58085    -0.543675
0.581069    -0.545918
0.581288    -0.54816
0.581508    -0.5504
0.581729    -0.552639
0.58195    -0.554876
0.582171    -0.557112
0.582393    -0.559347
0.582615    -0.56158
0.582838    -0.563812
0.583062    -0.566042
0.583286    -0.568271
0.58351    -0.570499
0.583735    -0.572725
0.583961    -0.574949
0.584187    -0.577173
0.584413    -0.579394
0.584641    -0.581615
0.584869    -0.583833
0.585097    -0.586051
0.585326    -0.588267
0.585556    -0.590481
0.585786    -0.592694
0.586017    -0.594905
0.586249    -0.597115
0.586481    -0.599323
0.586714    -0.60153
0.586948    -0.603735
0.587182    -0.605939
0.587417    -0.608141
0.587653    -0.610342
0.587889    -0.612541
0.588126    -0.614739
0.588364    -0.616935
0.588603    -0.619129
0.588842    -0.621322
0.589082    -0.623513
0.589323    -0.625703
0.589565    -0.627891
0.589808    -0.630078
0.590051    -0.632263
0.590295    -0.634446
0.59054    -0.636628
0.590786    -0.638808
0.591032    -0.640986
0.59128    -0.643163
0.591528    -0.645338
0.591777    -0.647511
0.592027    -0.649683
0.592278    -0.651853
0.59253    -0.654022
0.592783    -0.656189
0.593037    -0.658354
0.593291    -0.660517
0.593547    -0.662679
0.593804    -0.664839
0.594061    -0.666998
0.594319    -0.669154
0.594579    -0.671309
0.594839    -0.673463
0.595101    -0.675614
0.595363    -0.677764
0.595626    -0.679912
0.595891    -0.682058
0.596156    -0.684203
0.596423    -0.686346
0.596691    -0.688487
0.596959    -0.690626
0.597229    -0.692763
0.5975    -0.694899
0.597772    -0.697033
0.598045    -0.699165
0.598319    -0.701295
0.598594    -0.703424
0.59887    -0.705551
0.599148    -0.707676
0.599426    -0.709799
0.599706    -0.71192
0.599987    -0.714039
0.600269    -0.716157
0.600553    -0.718273
0.600837    -0.720387
0.601123    -0.722499
0.60141    -0.724609
0.601698    -0.726717
0.601987    -0.728824
0.602278    -0.730928
0.60257    -0.733031
0.602863    -0.735132
0.603158    -0.73723
0.603453    -0.739327
0.60375    -0.741422
0.604049    -0.743516
0.604348    -0.745607
0.604649    -0.747696
0.604952    -0.749784
0.605255    -0.751869
0.60556    -0.753952
0.605866    -0.756034
0.606174    -0.758114
0.606483    -0.760191
0.606794    -0.762267
0.607106    -0.764341
0.607419    -0.766412
0.607734    -0.768482
0.60805    -0.77055
0.608367    -0.772616
0.608686    -0.774679
0.609007    -0.776741
0.609329    -0.778801
0.609652    -0.780859
0.609977    -0.782914
0.610303    -0.784968
0.610631    -0.78702
0.610961    -0.789069
0.611292    -0.791117
0.611624    -0.793162
0.611958    -0.795206
0.612294    -0.797247
0.612631    -0.799286
0.612969    -0.801324
0.613309    -0.803359
0.613651    -0.805392
0.613995    -0.807423
0.61434    -0.809452
0.614686    -0.811479
0.615035    -0.813503
0.615385    -0.815526
0.615736    -0.817546
0.616089    -0.819564
0.616444    -0.821581
0.616801    -0.823595
0.617159    -0.825607
0.617519    -0.827616
0.61788    -0.829624
0.618244    -0.831629
0.618609    -0.833633
0.618975    -0.835634
0.619344    -0.837633
0.619714    -0.839629
0.620086    -0.841624
0.62046    -0.843616
0.620835    -0.845606
0.621213    -0.847594
0.621592    -0.84958
0.621973    -0.851564
0.622355    -0.853545
0.62274    -0.855524
0.623126    -0.857501
0.623515    -0.859476
0.623905    -0.861448
0.624297    -0.863418
0.62469    -0.865386
0.625086    -0.867351
0.625484    -0.869315
0.625883    -0.871276
0.626284    -0.873235
0.626688    -0.875191
0.627093    -0.877145
0.6275    -0.879097
0.627909    -0.881047
0.62832    -0.882994
0.628733    -0.884939
0.629148    -0.886882
0.629565    -0.888822
0.629984    -0.89076
0.630405    -0.892696
0.630827    -0.894629
0.631252    -0.89656
0.631679    -0.898489
0.632108    -0.900415
0.632539    -0.902339
0.632972    -0.90426
0.633407    -0.906179
0.633845    -0.908096
0.634284    -0.91001
0.634725    -0.911922
0.635169    -0.913832
0.635614    -0.915739
0.636062    -0.917644
0.636512    -0.919546
0.636964    -0.921446
0.637418    -0.923344
0.637874    -0.925239
0.638332    -0.927131
0.638793    -0.929022
0.639256    -0.930909
0.63972    -0.932794
0.640188    -0.934677
0.640657    -0.936558
0.641128    -0.938435
0.641602    -0.940311
0.642078    -0.942184
0.642556    -0.944054
0.643037    -0.945922
0.64352    -0.947787
0.644005    -0.94965
0.644492    -0.951511
0.644981    -0.953368
0.645473    -0.955224
0.645967    -0.957076
0.646464    -0.958927
0.646963    -0.960774
0.647464    -0.962619
0.647967    -0.964462
0.648473    -0.966302
0.648981    -0.968139
0.649492    -0.969974
0.650005    -0.971807
0.65052    -0.973636
0.651037    -0.975463
0.651558    -0.977288
0.65208    -0.97911
0.652605    -0.980929
0.653132    -0.982746
0.653662    -0.98456
0.654194    -0.986371
0.654729    -0.98818
0.655266    -0.989986
0.655805    -0.991789
0.656348    -0.99359
0.656892    -0.995388
0.657439    -0.997184
0.657989    -0.998976
0.658541    -1.00077
0.659095    -1.00255
0.659652    -1.00434
0.660212    -1.00612
0.660774    -1.0079
0.661339    -1.00968
0.661906    -1.01145
0.662476    -1.01322
0.663049    -1.01499
0.663624    -1.01676
0.664201    -1.01852
0.664782    -1.02028
0.665364    -1.02204
0.66595    -1.02379
0.666538    -1.02554
0.667129    -1.02729
0.667722    -1.02904
0.668318    -1.03078
0.668917    -1.03252
0.669519    -1.03426
0.670123    -1.036
0.670729    -1.03773
0.671339    -1.03946
0.671951    -1.04118
0.672566    -1.04291
0.673184    -1.04463
0.673804    -1.04635
0.674427    -1.04806
0.675053    -1.04978
0.675682    -1.05149
0.676313    -1.05319
0.676947    -1.0549
0.677584    -1.0566
0.678224    -1.0583
0.678867    -1.05999
0.679512    -1.06168
0.68016    -1.06337
0.680811    -1.06506
0.681465    -1.06674
0.682122    -1.06842
0.682781    -1.0701
0.683444    -1.07178
0.684109    -1.07345
0.684777    -1.07512
0.685448    -1.07678
0.686122    -1.07844
0.686799    -1.0801
0.687478    -1.08176
0.688161    -1.08342
0.688846    -1.08507
0.689535    -1.08671
0.690226    -1.08836
0.690921    -1.09
0.691618    -1.09164
0.692318    -1.09328
0.693021    -1.09491
0.693727    -1.09654
0.694437    -1.09816
0.695149    -1.09979
0.695864    -1.10141
0.696582    -1.10303
0.697303    -1.10464
0.698028    -1.10625
