-0.434217    -1.23402
-0.432645    -1.23302
-0.431078    -1.23201
-0.429513    -1.23099
-0.427953    -1.22997
-0.426395    -1.22895
-0.424842    -1.22792
-0.423291    -1.22689
-0.421744    -1.22585
-0.420201    -1.22481
-0.418661    -1.22376
-0.417125    -1.22271
-0.415592    -1.22165
-0.414063    -1.22059
-0.412537    -1.21953
-0.411014    -1.21846
-0.409495    -1.21738
-0.40798    -1.2163
-0.406468    -1.21522
-0.40496    -1.21413
-0.403455    -1.21304
-0.401954    -1.21194
-0.400456    -1.21084
-0.398961    -1.20974
-0.397471    -1.20863
-0.395983    -1.20751
-0.394499    -1.20639
-0.393019    -1.20527
-0.391542    -1.20414
-0.390069    -1.20301
-0.388599    -1.20187
-0.387133    -1.20073
-0.38567    -1.19959
-0.384211    -1.19844
-0.382755    -1.19728
-0.381303    -1.19613
-0.379854    -1.19496
-0.378409    -1.1938
-0.376968    -1.19263
-0.375529    -1.19145
-0.374095    -1.19027
-0.372664    -1.18909
-0.371236    -1.1879
-0.369812    -1.18671
-0.368391    -1.18551
-0.366974    -1.18431
-0.365561    -1.1831
-0.364151    -1.18189
-0.362744    -1.18068
-0.361341    -1.17946
-0.359942    -1.17824
-0.358546    -1.17702
-0.357153    -1.17579
-0.355764    -1.17455
-0.354379    -1.17331
-0.352997    -1.17207
-0.351619    -1.17082
-0.350244    -1.16957
-0.348872    -1.16832
-0.347505    -1.16706
-0.34614    -1.1658
-0.344779    -1.16453
-0.343422    -1.16326
-0.342068    -1.16198
-0.340718    -1.1607
-0.339371    -1.15942
-0.338028    -1.15813
-0.336688    -1.15684
-0.335351    -1.15554
-0.334019    -1.15424
-0.332689    -1.15294
-0.331364    -1.15163
-0.330041    -1.15032
-0.328722    -1.14901
-0.327407    -1.14769
-0.326095    -1.14636
-0.324787    -1.14504
-0.323482    -1.1437
-0.322181    -1.14237
-0.320883    -1.14103
-0.319588    -1.13969
-0.318298    -1.13834
-0.31701    -1.13699
-0.315726    -1.13563
-0.314446    -1.13428
-0.313169    -1.13291
-0.311895    -1.13155
-0.310625    -1.13018
-0.309359    -1.1288
-0.308096    -1.12743
-0.306836    -1.12604
