-0.323216    -1.14378
-0.321914    -1.14244
-0.320616    -1.14111
-0.319321    -1.13976
-0.31803    -1.13842
-0.316742    -1.13707
-0.315457    -1.13571
-0.314176    -1.13435
-0.312899    -1.13299
-0.311624    -1.13162
-0.310354    -1.13025
-0.309087    -1.12888
-0.307823    -1.1275
-0.306563    -1.12612
-0.305306    -1.12474
-0.304053    -1.12335
-0.302803    -1.12195
-0.301557    -1.12056
-0.300314    -1.11916
-0.299075    -1.11775
-0.297839    -1.11635
-0.296606    -1.11493
-0.295377    -1.11352
-0.294152    -1.1121
-0.29293    -1.11068
-0.291711    -1.10925
-0.290496    -1.10782
-0.289284    -1.10639
-0.288076    -1.10495
-0.286871    -1.10351
-0.285669    -1.10206
-0.284471    -1.10061
-0.283276    -1.09916
-0.282085    -1.0977
-0.280897    -1.09624
-0.279713    -1.09478
-0.278532    -1.09331
-0.277355    -1.09184
-0.27618    -1.09037
-0.27501    -1.08889
-0.273842    -1.08741
-0.272679    -1.08593
-0.271518    -1.08444
-0.270361    -1.08294
-0.269207    -1.08145
-0.268057    -1.07995
-0.26691    -1.07845
-0.265767    -1.07694
-0.264626    -1.07543
-0.26349    -1.07392
-0.262356    -1.0724
-0.261226    -1.07088
-0.2601    -1.06936
-0.258976    -1.06783
-0.257856    -1.0663
-0.25674    -1.06476
-0.255627    -1.06322
-0.254517    -1.06168
-0.25341    -1.06014
-0.252307    -1.05859
-0.251207    -1.05704
-0.250111    -1.05548
-0.249018    -1.05393
-0.247928    -1.05236
-0.246842    -1.0508
-0.245759    -1.04923
-0.244679    -1.04766
-0.243602    -1.04608
-0.242529    -1.0445
-0.241459    -1.04292
-0.240393    -1.04133
-0.23933    -1.03975
-0.23827    -1.03815
-0.237213    -1.03656
-0.23616    -1.03496
-0.23511    -1.03336
-0.234063    -1.03175
-0.233019    -1.03014
-0.231979    -1.02853
-0.230942    -1.02691
-0.229909    -1.0253
-0.228878    -1.02367
-0.227851    -1.02205
-0.226827    -1.02042
-0.225807    -1.01879
-0.224789    -1.01715
-0.223775    -1.01552
-0.222764    -1.01387
-0.221757    -1.01223
-0.220752    -1.01058
-0.219751    -1.00893
-0.218753    -1.00728
-0.217758    -1.00562
-0.216767    -1.00396
-0.215779    -1.00229
-0.214794    -1.00063
-0.213812    -0.998957
-0.212833    -0.997283
-0.211858    -0.995607
-0.210885    -0.993927
-0.209916    -0.992244
-0.20895    -0.990558
-0.207987    -0.988869
-0.207028    -0.987177
-0.206071    -0.985482
-0.205118    -0.983784
-0.204168    -0.982082
-0.203221    -0.980378
-0.202277    -0.97867
-0.201337    -0.97696
-0.200399    -0.975246
-0.199465    -0.973529
-0.198534    -0.97181
-0.197606    -0.970087
-0.196681    -0.968361
-0.195759    -0.966632
-0.19484    -0.9649
-0.193924    -0.963166
-0.193012    -0.961428
-0.192102    -0.959687
-0.191196    -0.957943
-0.190292    -0.956196
-0.189392    -0.954446
-0.188495    -0.952694
-0.187601    -0.950938
-0.18671    -0.949179
-0.185822    -0.947418
-0.184937    -0.945653
-0.184055    -0.943885
-0.183177    -0.942115
-0.182301    -0.940342
-0.181428    -0.938565
-0.180558    -0.936786
-0.179692    -0.935004
-0.178828    -0.933219
-0.177967    -0.931432
-0.17711    -0.929641
-0.176255    -0.927847
-0.175404    -0.926051
-0.174555    -0.924252
-0.173709    -0.92245
-0.172867    -0.920645
-0.172027    -0.918837
-0.17119    -0.917026
-0.170356    -0.915213
-0.169526    -0.913397
-0.168698    -0.911577
-0.167873    -0.909756
-0.167051    -0.907931
-0.166232    -0.906104
-0.165416    -0.904273
-0.164603    -0.90244
-0.163792    -0.900605
-0.162985    -0.898766
-0.162181    -0.896925
-0.161379    -0.895081
-0.16058    -0.893234
-0.159785    -0.891385
-0.158992    -0.889532
-0.158202    -0.887678
-0.157415    -0.88582
-0.156631    -0.88396
-0.155849    -0.882097
-0.155071    -0.880231
-0.154295    -0.878362
-0.153522    -0.876491
-0.152752    -0.874618
-0.151985    -0.872741
-0.151221    -0.870862
-0.150459    -0.86898
-0.1497    -0.867096
-0.148945    -0.865209
-0.148192    -0.863319
-0.147441    -0.861427
-0.146694    -0.859532
-0.145949    -0.857635
-0.145207    -0.855735
-0.144468    -0.853832
-0.143732    -0.851927
-0.142998    -0.850019
-0.142267    -0.848108
-0.141539    -0.846195
-0.140813    -0.84428
-0.140091    -0.842361
-0.139371    -0.840441
-0.138654    -0.838517
-0.137939    -0.836592
-0.137227    -0.834663
-0.136518    -0.832732
-0.135812    -0.830799
-0.135108    -0.828863
-0.134407    -0.826925
-0.133709    -0.824984
-0.133013    -0.82304
-0.13232    -0.821094
-0.13163    -0.819146
-0.130942    -0.817195
-0.130257    -0.815242
-0.129575    -0.813286
-0.128895    -0.811328
-0.128218    -0.809367
-0.127543    -0.807404
-0.126871    -0.805438
-0.126202    -0.80347
-0.125535    -0.8015
-0.124871    -0.799527
-0.124209    -0.797552
-0.12355    -0.795574
-0.122894    -0.793594
-0.12224    -0.791612
-0.121589    -0.789627
-0.12094    -0.78764
-0.120294    -0.78565
-0.11965    -0.783658
-0.119009    -0.781664
-0.118371    -0.779667
-0.117735    -0.777668
-0.117101    -0.775667
-0.11647    -0.773663
-0.115842    -0.771657
-0.115216    -0.769649
-0.114592    -0.767638
-0.113971    -0.765625
-0.113352    -0.76361
-0.112736    -0.761592
-0.112122    -0.759573
-0.111511    -0.757551
-0.110902    -0.755526
-0.110296    -0.753499
-0.109692    -0.75147
-0.10909    -0.749439
-0.108491    -0.747406
-0.107895    -0.74537
-0.1073    -0.743332
-0.106708    -0.741292
-0.106119    -0.73925
-0.105532    -0.737205
-0.104947    -0.735158
-0.104365    -0.733109
-0.103785    -0.731058
-0.103207    -0.729005
-0.102632    -0.726949
-0.102058    -0.724891
-0.101488    -0.722831
-0.100919    -0.720769
-0.100353    -0.718705
-0.0997896    -0.716638
-0.0992282    -0.71457
-0.0986691    -0.712499
-0.0981122    -0.710426
-0.0975576    -0.708351
-0.0970053    -0.706274
-0.0964553    -0.704195
-0.0959075    -0.702113
-0.0953619    -0.70003
-0.0948186    -0.697944
-0.0942776    -0.695857
-0.0937387    -0.693767
-0.0932021    -0.691675
-0.0926677    -0.689581
-0.0921355    -0.687485
-0.0916055    -0.685387
-0.0910777    -0.683287
-0.0905521    -0.681185
-0.0900286    -0.679081
-0.0895073    -0.676974
-0.0889882    -0.674866
-0.0884712    -0.672756
-0.0879564    -0.670644
-0.0874437    -0.668529
-0.0869331    -0.666413
-0.0864247    -0.664295
-0.0859184    -0.662174
-0.0854142    -0.660052
-0.0849121    -0.657928
-0.084412    -0.655802
-0.0839141    -0.653674
-0.0834183    -0.651543
-0.0829245    -0.649411
-0.0824327    -0.647277
-0.0819431    -0.645141
-0.0814554    -0.643003
-0.0809699    -0.640864
-0.0804863    -0.638722
-0.0800048    -0.636578
-0.0795252    -0.634433
-0.0790477    -0.632285
-0.0785722    -0.630136
-0.0780987    -0.627985
-0.0776272    -0.625831
-0.0771576    -0.623676
-0.0766901    -0.62152
-0.0762244    -0.619361
-0.0757608    -0.6172
-0.075299    -0.615038
-0.0748393    -0.612874
-0.0743814    -0.610707
-0.0739255    -0.608539
-0.0734715    -0.60637
-0.0730193    -0.604198
-0.0725691    -0.602025
-0.0721208    -0.59985
-0.0716744    -0.597673
-0.0712298    -0.595494
-0.0707871    -0.593313
-0.0703463    -0.591131
-0.0699073    -0.588947
-0.0694702    -0.586761
-0.0690348    -0.584573
-0.0686014    -0.582384
-0.0681697    -0.580193
-0.0677399    -0.578
-0.0673118    -0.575805
-0.0668856    -0.573609
-0.0664611    -0.571411
-0.0660384    -0.569211
-0.0656175    -0.56701
-0.0651984    -0.564806
-0.064781    -0.562602
-0.0643653    -0.560395
-0.0639514    -0.558187
-0.0635393    -0.555977
-0.0631288    -0.553765
-0.0627201    -0.551552
-0.062313    -0.549337
-0.0619077    -0.547121
-0.0615041    -0.544903
-0.0611021    -0.542683
-0.0607018    -0.540462
-0.0603032    -0.538238
-0.0599062    -0.536014
-0.0595109    -0.533788
-0.0591172    -0.53156
-0.0587252    -0.52933
-0.0583348    -0.527099
-0.057946    -0.524867
-0.0575588    -0.522633
-0.0571732    -0.520397
-0.0567892    -0.51816
-0.0564068    -0.515921
-0.056026    -0.51368
-0.0556467    -0.511438
-0.055269    -0.509195
-0.0548928    -0.50695
-0.0545182    -0.504704
-0.0541451    -0.502456
-0.0537735    -0.500206
-0.0534035    -0.497955
-0.053035    -0.495703
-0.0526679    -0.493449
-0.0523024    -0.491193
-0.0519383    -0.488936
-0.0515757    -0.486678
-0.0512146    -0.484418
-0.050855    -0.482157
-0.0504968    -0.479894
-0.05014    -0.47763
-0.0497847    -0.475364
-0.0494308    -0.473097
-0.0490783    -0.470829
-0.0487272    -0.468559
-0.0483775    -0.466288
-0.0480292    -0.464015
-0.0476823    -0.461741
-0.0473368    -0.459466
-0.0469926    -0.457189
-0.0466498    -0.454911
-0.0463083    -0.452632
-0.0459682    -0.450351
-0.0456294    -0.448069
-0.0452919    -0.445785
-0.0449558    -0.4435
-0.0446209    -0.441214
-0.0442874    -0.438927
-0.0439551    -0.436638
-0.0436242    -0.434348
-0.0432945    -0.432056
-0.042966    -0.429764
-0.0426388    -0.42747
-0.0423129    -0.425174
-0.0419882    -0.422878
-0.0416647    -0.42058
-0.0413424    -0.418281
-0.0410214    -0.415981
-0.0407016    -0.413679
-0.0403829    -0.411377
-0.0400655    -0.409073
-0.0397492    -0.406768
-0.0394341    -0.404461
-0.0391201    -0.402154
-0.0388073    -0.399845
-0.0384957    -0.397535
-0.0381851    -0.395224
-0.0378757    -0.392911
-0.0375674    -0.390598
-0.0372603    -0.388283
-0.0369542    -0.385968
-0.0366492    -0.383651
-0.0363453    -0.381333
-0.0360425    -0.379013
-0.0357407    -0.376693
-0.03544    -0.374372
-0.0351404    -0.372049
-0.0348417    -0.369725
-0.0345441    -0.367401
-0.0342476    -0.365075
-0.033952    -0.362748
-0.0336575    -0.36042
-0.0333639    -0.358091
-0.0330713    -0.355761
-0.0327797    -0.35343
-0.0324891    -0.351098
-0.0321994    -0.348764
-0.0319107    -0.34643
-0.0316229    -0.344095
-0.0313361    -0.341759
-0.0310502    -0.339421
-0.0307652    -0.337083
-0.0304811    -0.334744
-0.0301979    -0.332404
-0.0299156    -0.330062
-0.0296341    -0.32772
-0.0293536    -0.325377
-0.0290739    -0.323033
-0.028795    -0.320688
-0.028517    -0.318342
-0.0282399    -0.315995
-0.0279635    -0.313647
-0.027688    -0.311298
-0.0274133    -0.308949
-0.0271394    -0.306598
-0.0268663    -0.304247
-0.026594    -0.301895
-0.0263224    -0.299541
-0.0260516    -0.297187
-0.0257816    -0.294832
-0.0255123    -0.292477
-0.0252438    -0.29012
-0.0249759    -0.287762
-0.0247088    -0.285404
-0.0244425    -0.283045
-0.0241768    -0.280685
-0.0239118    -0.278324
-0.0236475    -0.275963
-0.0233838    -0.273601
-0.0231209    -0.271237
-0.0228586    -0.268874
-0.0225969    -0.266509
-0.0223359    -0.264144
-0.0220755    -0.261777
-0.0218158    -0.25941
-0.0215566    -0.257043
-0.0212981    -0.254674
-0.0210401    -0.252305
-0.0207828    -0.249935
-0.020526    -0.247565
-0.0202698    -0.245194
-0.0200141    -0.242822
-0.019759    -0.240449
-0.0195045    -0.238076
-0.0192505    -0.235702
-0.0189969    -0.233327
-0.018744    -0.230952
-0.0184915    -0.228576
-0.0182395    -0.2262
-0.017988    -0.223823
-0.017737    -0.221445
-0.0174864    -0.219066
-0.0172363    -0.216687
-0.0169867    -0.214308
-0.0167375    -0.211928
-0.0164888    -0.209547
-0.0162404    -0.207166
-0.0159925    -0.204784
-0.015745    -0.202401
-0.0154979    -0.200018
-0.0152512    -0.197635
-0.0150048    -0.195251
-0.0147589    -0.192866
-0.0145132    -0.190481
-0.014268    -0.188095
-0.0140231    -0.185709
-0.0137785    -0.183323
-0.0135342    -0.180935
-0.0132903    -0.178548
-0.0130467    -0.17616
-0.0128034    -0.173771
-0.0125603    -0.171382
-0.0123176    -0.168993
-0.0120751    -0.166603
-0.0118329    -0.164213
-0.0115909    -0.161822
-0.0113492    -0.159431
-0.0111077    -0.157039
-0.0108664    -0.154648
-0.0106254    -0.152255
-0.0103845    -0.149863
-0.0101439    -0.14747
-0.00990346    -0.145076
-0.00966319    -0.142682
-0.0094231    -0.140288
-0.00918317    -0.137894
-0.0089434    -0.135499
-0.00870377    -0.133104
-0.00846428    -0.130709
-0.00822492    -0.128313
-0.00798567    -0.125917
-0.00774654    -0.12352
-0.0075075    -0.121124
-0.00726856    -0.118727
-0.00702969    -0.11633
-0.0067909    -0.113932
-0.00655218    -0.111535
-0.00631351    -0.109137
-0.00607488    -0.106739
-0.0058363    -0.104341
-0.00559774    -0.101942
-0.0053592    -0.0995432
-0.00512067    -0.0971442
-0.00488214    -0.0947451
-0.0046436    -0.0923457
-0.00440505    -0.0899462
-0.00416647    -0.0875465
-0.00392785    -0.0851467
-0.00368919    -0.0827467
-0.00345048    -0.0803465
-0.0032117    -0.0779463
-0.00297286    -0.0755459
-0.00273393    -0.0731453
-0.00249492    -0.0707447
-0.0022558    -0.068344
-0.00201658    -0.0659432
-0.00177724    -0.0635423
-0.00153778    -0.0611413
-0.00129818    -0.0587402
-0.00105844    -0.0563391
-0.000818551    -0.053938
-0.000578497    -0.0515368
-0.000338273    -0.0491355
-9.78693e-05    -0.0467343
0.000142722    -0.044333
0.000383511    -0.0419317
0.000624507    -0.0395304
0.000865717    -0.0371291
0.00110715    -0.0347279
0.00134882    -0.0323266
0.00159073    -0.0299254
0.00183289    -0.0275242
0.00207531    -0.0251231
0.002318    -0.022722
0.00256097    -0.020321
0.00280423    -0.0179201
0.00304778    -0.0155192
0.00329163    -0.0131185
0.00353581    -0.0107178
0.0037803    -0.00831726
0.00402512    -0.00591682
0.00427029    -0.00351651
0.0045158    -0.00111633
0.00476168    0.00128372
0.00500792    0.00368361
0.00525454    0.00608335
0.00550154    0.00848292
0.00574894    0.0108823
0.00599674    0.0132815
0.00624496    0.0156806
0.00649359    0.0180794
0.00674266    0.020478
0.00699216    0.0228764
0.00724211    0.0252746
0.00749252    0.0276726
0.00774339    0.0300703
0.00799474    0.0324677
0.00824657    0.0348649
0.0084989    0.0372619
0.00875172    0.0396585
0.00900506    0.0420549
0.00925891    0.044451
0.0095133    0.0468468
0.00976822    0.0492423
0.0100237    0.0516374
0.0102797    0.0540323
0.0105363    0.0564268
0.0107934    0.058821
0.0110512    0.0612148
0.0113095    0.0636082
0.0115684    0.0660013
0.011828    0.068394
0.0120881    0.0707864
0.0123489    0.0731783
0.0126103    0.0755699
0.0128723    0.077961
0.013135    0.0803517
0.0133984    0.082742
0.0136624    0.0851319
0.0139271    0.0875213
0.0141925    0.0899103
0.0144586    0.0922988
0.0147254    0.0946869
0.0149929    0.0970745
0.0152611    0.0994615
0.0155301    0.101848
0.0157998    0.104234
0.0160702    0.10662
0.0163414    0.109005
0.0166134    0.111389
0.0168861    0.113773
0.0171597    0.116157
0.017434    0.11854
0.0177091    0.120922
0.017985    0.123304
0.0182618    0.125685
0.0185393    0.128066
0.0188177    0.130446
0.019097    0.132825
0.0193771    0.135204
0.019658    0.137583
0.0199399    0.13996
0.0202226    0.142337
0.0205062    0.144713
0.0207907    0.147089
0.021076    0.149464
0.0213624    0.151838
0.0216496    0.154212
0.0219377    0.156585
0.0222268    0.158957
0.0225169    0.161329
0.0228079    0.1637
0.0230998    0.16607
0.0233928    0.16844
0.0236867    0.170808
0.0239816    0.173176
0.0242775    0.175544
0.0245744    0.17791
0.0248723    0.180276
0.0251713    0.182641
0.0254713    0.185005
0.0257723    0.187368
0.0260744    0.189731
0.0263775    0.192093
0.0266817    0.194453
0.026987    0.196814
0.0272933    0.199173
0.0276008    0.201531
0.0279093    0.203889
0.028219    0.206246
0.0285297    0.208602
0.0288416    0.210957
0.0291547    0.213311
0.0294688    0.215664
0.0297842    0.218016
0.0301007    0.220368
0.0304183    0.222718
0.0307371    0.225068
0.0310572    0.227416
0.0313784    0.229764
0.0317008    0.232111
0.0320244    0.234457
0.0323492    0.236802
0.0326753    0.239146
0.0330026    0.241489
0.0333311    0.24383
0.0336609    0.246171
0.0339919    0.248511
0.0343242    0.25085
0.0346578    0.253188
0.0349927    0.255525
0.0353289    0.257861
0.0356663    0.260196
0.0360051    0.262529
0.0363452    0.264862
0.0366866    0.267194
0.0370293    0.269524
0.0373734    0.271854
0.0377189    0.274182
0.0380657    0.276509
0.0384138    0.278835
0.0387633    0.28116
0.0391143    0.283484
0.0394666    0.285807
0.0398203    0.288129
0.0401754    0.290449
0.0405319    0.292769
0.0408899    0.295087
0.0412492    0.297404
0.04161    0.29972
0.0419723    0.302034
0.042336    0.304348
0.0427012    0.30666
0.0430679    0.308971
0.043436    0.311281
0.0438056    0.313589
0.0441767    0.315897
0.0445493    0.318203
0.0449235    0.320508
0.0452991    0.322811
0.0456763    0.325113
0.046055    0.327414
0.0464352    0.329714
0.046817    0.332013
0.0472004    0.33431
0.0475853    0.336606
0.0479718    0.3389
0.0483599    0.341193
0.0487495    0.343485
0.0491408    0.345776
0.0495337    0.348065
0.0499282    0.350353
0.0503243    0.352639
0.050722    0.354924
0.0511214    0.357208
0.0515224    0.35949
0.051925    0.361771
0.0523294    0.364051
0.0527354    0.366329
0.053143    0.368606
0.0535524    0.370881
0.0539634    0.373155
0.0543762    0.375427
0.0547906    0.377698
0.0552068    0.379968
0.0556247    0.382236
0.0560443    0.384502
0.0564656    0.386767
0.0568887    0.389031
0.0573135    0.391293
0.0577401    0.393553
0.0581685    0.395813
0.0585987    0.39807
0.0590306    0.400326
0.0594643    0.402581
0.0598998    0.404834
0.0603371    0.407085
0.0607763    0.409335
0.0612172    0.411583
0.06166    0.41383
0.0621046    0.416075
0.0625511    0.418318
0.0629994    0.42056
0.0634495    0.422801
0.0639016    0.425039
0.0643555    0.427277
0.0648112    0.429512
0.0652689    0.431746
0.0657285    0.433978
0.0661899    0.436209
0.0666533    0.438438
0.0671186    0.440665
0.0675858    0.44289
0.0680549    0.445114
0.068526    0.447336
0.068999    0.449557
0.069474    0.451776
0.0699509    0.453993
0.0704298    0.456208
0.0709107    0.458422
0.0713935    0.460634
0.0718784    0.462844
0.0723652    0.465052
0.0728541    0.467259
0.0733449    0.469464
0.0738378    0.471667
0.0743327    0.473868
0.0748296    0.476068
0.0753286    0.478266
0.0758296    0.480462
0.0763326    0.482656
0.0768378    0.484848
0.0773449    0.487039
0.0778542    0.489227
0.0783655    0.491414
0.078879    0.493599
0.0793945    0.495782
0.0799121    0.497963
0.0804318    0.500143
0.0809537    0.50232
0.0814777    0.504496
0.0820038    0.50667
0.082532    0.508842
0.0830624    0.511012
0.0835949    0.51318
0.0841296    0.515346
0.0846664    0.51751
0.0852054    0.519672
0.0857466    0.521833
0.08629    0.523991
0.0868356    0.526147
0.0873834    0.528302
0.0879333    0.530454
0.0884855    0.532605
0.0890399    0.534753
0.0895965    0.5369
0.0901554    0.539044
0.0907165    0.541187
0.0912798    0.543327
0.0918454    0.545466
0.0924132    0.547602
0.0929833    0.549736
0.0935557    0.551869
0.0941304    0.553999
0.0947073    0.556127
0.0952865    0.558253
0.0958681    0.560377
0.0964519    0.562499
0.097038    0.564619
0.0976265    0.566737
0.0982173    0.568853
0.0988104    0.570966
0.0994058    0.573078
0.100004    0.575187
0.100604    0.577294
0.101206    0.579399
0.101811    0.581502
0.102418    0.583603
0.103028    0.585702
0.10364    0.587798
0.104254    0.589892
0.104871    0.591984
0.10549    0.594074
0.106112    0.596162
0.106736    0.598247
0.107362    0.60033
0.107991    0.602411
0.108622    0.60449
0.109256    0.606567
0.109892    0.608641
0.11053    0.610713
0.111171    0.612783
0.111815    0.61485
0.112461    0.616916
0.113109    0.618978
0.11376    0.621039
0.114413    0.623098
0.115069    0.625154
0.115728    0.627207
0.116388    0.629259
0.117052    0.631308
0.117718    0.633355
0.118386    0.635399
0.119057    0.637441
0.119731    0.639481
0.120407    0.641518
0.121085    0.643553
0.121766    0.645586
0.12245    0.647616
0.123136    0.649644
0.123825    0.65167
0.124516    0.653693
0.12521    0.655713
0.125907    0.657732
0.126606    0.659747
0.127307    0.661761
0.128012    0.663772
0.128719    0.66578
0.129428    0.667786
0.13014    0.66979
0.130855    0.671791
0.131572    0.67379
0.132292    0.675786
0.133015    0.677779
0.13374    0.67977
0.134468    0.681759
0.135199    0.683745
0.135932    0.685729
0.136668    0.68771
0.137407    0.689688
0.138148    0.691664
0.138892    0.693638
0.139639    0.695609
0.140388    0.697577
0.14114    0.699543
0.141895    0.701506
0.142652    0.703467
0.143413    0.705425
0.144176    0.70738
0.144941    0.709333
0.14571    0.711283
0.146481    0.713231
0.147254    0.715176
0.148031    0.717118
0.14881    0.719058
0.149593    0.720995
0.150377    0.722929
0.151165    0.724861
0.151955    0.72679
0.152749    0.728716
0.153545    0.73064
0.154343    0.732561
0.155145    0.734479
0.155949    0.736394
0.156756    0.738307
0.157566    0.740217
0.158379    0.742125
0.159195    0.744029
0.160013    0.745931
0.160834    0.74783
0.161658    0.749727
0.162485    0.75162
0.163315    0.753511
0.164147    0.755399
0.164983    0.757284
0.165821    0.759167
0.166662    0.761047
0.167506    0.762923
0.168353    0.764797
0.169203    0.766669
0.170055    0.768537
0.170911    0.770403
0.171769    0.772265
0.172631    0.774125
0.173495    0.775982
0.174362    0.777836
0.175232    0.779687
0.176105    0.781536
0.176981    0.783381
0.177859    0.785224
0.178741    0.787063
0.179625    0.7889
0.180513    0.790734
0.181403    0.792565
0.182297    0.794393
0.183193    0.796218
0.184092    0.79804
0.184994    0.799859
0.1859    0.801675
0.186808    0.803488
0.187719    0.805298
0.188633    0.807106
0.18955    0.80891
0.19047    0.810711
0.191393    0.812509
0.192319    0.814304
0.193248    0.816097
0.19418    0.817886
0.195115    0.819672
0.196053    0.821455
0.196994    0.823235
0.197938    0.825012
0.198885    0.826785
0.199835    0.828556
0.200788    0.830324
0.201744    0.832088
0.202703    0.83385
0.203665    0.835608
0.20463    0.837364
0.205598    0.839116
0.206569    0.840865
0.207543    0.842611
0.208521    0.844353
0.209501    0.846093
0.210484    0.847829
0.211471    0.849563
0.21246    0.851293
0.213453    0.85302
0.214449    0.854743
0.215447    0.856464
0.216449    0.858181
0.217454    0.859895
0.218462    0.861606
0.219473    0.863314
0.220487    0.865018
0.221504    0.86672
0.222525    0.868417
0.223548    0.870112
0.224575    0.871804
0.225604    0.873492
0.226637    0.875177
0.227673    0.876858
0.228712    0.878536
0.229754    0.880211
0.230799    0.881883
0.231847    0.883551
0.232899    0.885216
0.233954    0.886878
0.235011    0.888536
0.236072    0.890191
0.237136    0.891843
0.238203    0.893491
0.239274    0.895136
0.240347    0.896778
0.241424    0.898416
0.242503    0.900051
0.243586    0.901682
0.244672    0.90331
0.245761    0.904934
0.246854    0.906556
0.247949    0.908173
0.249048    0.909787
0.25015    0.911398
0.251255    0.913005
0.252363    0.914609
0.253475    0.91621
0.254589    0.917807
0.255707    0.9194
0.256828    0.92099
0.257952    0.922576
0.259079    0.924159
0.26021    0.925738
0.261344    0.927314
0.26248    0.928887
0.263621    0.930455
0.264764    0.93202
0.26591    0.933582
0.26706    0.93514
0.268213    0.936695
0.269369    0.938246
0.270529    0.939793
0.271691    0.941337
0.272857    0.942877
0.274026    0.944413
0.275198    0.945946
0.276373    0.947475
0.277552    0.949001
0.278734    0.950523
0.279919    0.952041
0.281107    0.953556
0.282299    0.955067
0.283494    0.956574
0.284692    0.958078
0.285893    0.959578
0.287098    0.961074
0.288305    0.962566
0.289516    0.964055
0.29073    0.96554
0.291948    0.967022
0.293169    0.968499
0.294392    0.969973
0.29562    0.971443
0.29685    0.972909
0.298084    0.974372
0.299321    0.975831
0.300561    0.977285
0.301804    0.978737
0.303051    0.980184
0.304301    0.981627
0.305554    0.983067
0.306811    0.984503
0.30807    0.985935
0.309333    0.987363
0.310599    0.988787
0.311869    0.990208
0.313142    0.991624
0.314418    0.993037
0.315697    0.994446
0.31698    0.995851
0.318265    0.997252
0.319554    0.998649
0.320847    1.00004
0.322142    1.00143
0.323441    1.00282
0.324743    1.0042
0.326049    1.00558
0.327357    1.00695
0.328669    1.00832
0.329985    1.00968
0.331303    1.01105
0.332625    1.0124
0.33395    1.01376
0.335278    1.01511
0.33661    1.01645
0.337944    1.01779
0.339283    1.01913
0.340624    1.02046
0.341969    1.02179
0.343316    1.02312
0.344668    1.02444
0.346022    1.02576
0.34738    1.02707
0.348741    1.02838
0.350105    1.02968
0.351473    1.03098
0.352843    1.03228
0.354218    1.03357
0.355595    1.03486
0.356976    1.03614
0.358359    1.03742
0.359747    1.0387
0.361137    1.03997
0.362531    1.04124
0.363928    1.0425
0.365328    1.04376
0.366732    1.04501
0.368138    1.04627
0.369548    1.04751
0.370962    1.04875
0.372378    1.04999
0.373798    1.05123
0.375221    1.05245
0.376648    1.05368
0.378077    1.0549
0.37951    1.05612
0.380946    1.05733
0.382386    1.05854
0.383828    1.05974
0.385274    1.06094
0.386723    1.06213
0.388176    1.06332
0.389632    1.06451
0.39109    1.06569
0.392553    1.06687
0.394018    1.06804
0.395487    1.06921
0.396959    1.07038
0.398434    1.07154
0.399912    1.07269
0.401394    1.07384
0.402879    1.07499
0.404367    1.07613
0.405858    1.07727
0.407353    1.0784
0.408851    1.07953
0.410352    1.08066
0.411856    1.08178
0.413364    1.08289
0.414875    1.084
0.416389    1.08511
0.417906    1.08621
0.419426    1.08731
0.42095    1.0884
0.422477    1.08949
0.424007    1.09057
0.42554    1.09165
0.427077    1.09273
0.428617    1.0938
0.43016    1.09486
0.431706    1.09592
0.433255    1.09698
0.434808    1.09803
0.436363    1.09908
0.437922    1.10012
0.439484    1.10116
0.44105    1.10219
0.442618    1.10322
0.44419    1.10424
0.445765    1.10526
0.447343    1.10628
0.448924    1.10729
0.450508    1.10829
0.452096    1.10929
0.453687    1.11029
0.455281    1.11128
0.456878    1.11227
0.458478    1.11325
0.460081    1.11422
0.461688    1.1152
0.463297    1.11616
0.46491    1.11713
0.466526    1.11808
0.468145    1.11904
0.469768    1.11998
0.471393    1.12093
0.473021    1.12187
0.474653    1.1228
0.476288    1.12373
0.477926    1.12465
0.479567    1.12557
0.481211    1.12648
0.482858    1.12739
0.484508    1.1283
0.486161    1.1292
0.487818    1.13009
0.489478    1.13098
0.49114    1.13187
0.492806    1.13275
0.494475    1.13362
0.496147    1.13449
0.497822    1.13535
0.4995    1.13621
0.501181    1.13707
0.502865    1.13792
0.504552    1.13876
0.506242    1.1396
0.507936    1.14044
0.509632    1.14127
0.511331    1.14209
0.513034    1.14291
0.514739    1.14373
0.516448    1.14454
0.518159    1.14534
0.519873    1.14614
0.521591    1.14694
0.523311    1.14773
0.525035    1.14851
0.526761    1.14929
0.528491    1.15006
0.530223    1.15083
0.531959    1.1516
0.533697    1.15235
0.535438    1.15311
0.537183    1.15386
0.53893    1.1546
0.54068    1.15534
0.542433    1.15607
0.54419    1.1568
0.545949    1.15752
0.547711    1.15824
0.549476    1.15895
0.551243    1.15966
0.553014    1.16036
0.554788    1.16105
0.556564    1.16174
0.558344    1.16243
0.560126    1.16311
0.561911    1.16378
0.563699    1.16445
0.56549    1.16512
0.567284    1.16578
0.569081    1.16643
0.57088    1.16708
0.572683    1.16772
0.574488    1.16836
0.576296    1.16899
0.578107    1.16962
0.57992    1.17024
0.581737    1.17086
0.583556    1.17147
