-0.331703    -1.26554
-0.329679    -1.265
-0.327657    -1.26445
-0.325638    -1.26389
-0.323621    -1.26333
-0.321607    -1.26277
-0.319596    -1.26219
-0.317587    -1.26162
-0.315581    -1.26103
-0.313578    -1.26044
-0.311577    -1.25985
-0.309579    -1.25925
-0.307583    -1.25864
-0.30559    -1.25803
-0.3036    -1.25742
-0.301612    -1.25679
-0.299628    -1.25617
-0.297646    -1.25553
-0.295666    -1.2549
-0.29369    -1.25425
-0.291716    -1.2536
-0.289745    -1.25295
-0.287776    -1.25229
-0.285811    -1.25162
-0.283848    -1.25095
-0.281888    -1.25027
-0.27993    -1.24959
-0.277976    -1.2489
-0.276024    -1.24821
-0.274075    -1.24751
-0.272129    -1.24681
-0.270186    -1.2461
-0.268246    -1.24538
-0.266308    -1.24466
-0.264374    -1.24394
-0.262442    -1.24321
-0.260513    -1.24247
-0.258587    -1.24173
-0.256664    -1.24098
-0.254743    -1.24023
-0.252826    -1.23947
-0.250912    -1.23871
-0.249    -1.23794
-0.247091    -1.23717
-0.245186    -1.23639
-0.243283    -1.23561
-0.241383    -1.23482
-0.239486    -1.23402
-0.237593    -1.23322
-0.235702    -1.23242
-0.233814    -1.23161
-0.231929    -1.23079
-0.230047    -1.22997
-0.228168    -1.22915
-0.226292    -1.22832
-0.224419    -1.22748
-0.222549    -1.22664
-0.220683    -1.22579
-0.218819    -1.22494
-0.216958    -1.22409
-0.2151    -1.22322
-0.213246    -1.22236
-0.211394    -1.22149
-0.209545    -1.22061
-0.2077    -1.21973
-0.205858    -1.21884
-0.204018    -1.21795
-0.202182    -1.21705
-0.200349    -1.21615
-0.198519    -1.21524
-0.196692    -1.21433
-0.194869    -1.21341
-0.193048    -1.21249
-0.19123    -1.21157
-0.189416    -1.21063
-0.187605    -1.2097
-0.185797    -1.20875
-0.183992    -1.20781
-0.18219    -1.20686
-0.180392    -1.2059
-0.178596    -1.20494
-0.176804    -1.20397
-0.175015    -1.203
-0.173229    -1.20202
-0.171447    -1.20104
-0.169667    -1.20006
-0.167891    -1.19906
-0.166118    -1.19807
-0.164348    -1.19707
-0.162582    -1.19606
-0.160818    -1.19505
-0.159058    -1.19404
-0.157301    -1.19302
-0.155548    -1.19199
-0.153797    -1.19096
-0.15205    -1.18993
-0.150306    -1.18889
-0.148565    -1.18785
-0.146828    -1.1868
-0.145094    -1.18574
-0.143363    -1.18469
-0.141636    -1.18362
-0.139911    -1.18256
-0.138191    -1.18148
-0.136473    -1.18041
-0.134759    -1.17933
-0.133047    -1.17824
-0.13134    -1.17715
-0.129635    -1.17605
-0.127934    -1.17495
-0.126236    -1.17385
-0.124542    -1.17274
-0.122851    -1.17162
-0.121163    -1.17051
-0.119478    -1.16938
-0.117797    -1.16826
-0.116119    -1.16712
-0.114445    -1.16599
-0.112774    -1.16485
-0.111106    -1.1637
-0.109442    -1.16255
-0.107781    -1.16139
-0.106123    -1.16023
-0.104469    -1.15907
-0.102818    -1.1579
-0.10117    -1.15673
-0.0995263    -1.15555
-0.0978855    -1.15437
-0.0962481    -1.15318
-0.0946141    -1.15199
-0.0929835    -1.1508
-0.0913563    -1.1496
-0.0897325    -1.14839
-0.0881121    -1.14719
-0.0864951    -1.14597
-0.0848815    -1.14476
-0.0832713    -1.14353
-0.0816645    -1.14231
-0.0800612    -1.14108
-0.0784612    -1.13984
-0.0768647    -1.1386
-0.0752716    -1.13736
-0.073682    -1.13611
-0.0720958    -1.13486
-0.070513    -1.1336
-0.0689336    -1.13234
-0.0673577    -1.13108
-0.0657852    -1.12981
-0.0642161    -1.12854
-0.0626505    -1.12726
-0.0610884    -1.12598
-0.0595297    -1.12469
-0.0579744    -1.1234
-0.0564226    -1.12211
-0.0548742    -1.12081
-0.0533293    -1.1195
-0.0517879    -1.1182
-0.0502499    -1.11689
-0.0487154    -1.11557
-0.0471844    -1.11425
-0.0456568    -1.11293
-0.0441327    -1.1116
-0.042612    -1.11027
-0.0410949    -1.10893
-0.0395812    -1.10759
-0.0380709    -1.10625
-0.0365642    -1.1049
-0.0350609    -1.10355
-0.0335611    -1.10219
-0.0320648    -1.10083
-0.030572    -1.09947
-0.0290826    -1.0981
-0.0275968    -1.09672
-0.0261144    -1.09535
-0.0246355    -1.09397
-0.0231601    -1.09258
-0.0216882    -1.09119
-0.0202197    -1.0898
-0.0187548    -1.0884
-0.0172934    -1.087
-0.0158354    -1.0856
-0.014381    -1.08419
-0.01293    -1.08278
-0.0114825    -1.08136
-0.0100386    -1.07994
-0.00859808    -1.07852
-0.0071611    -1.07709
-0.00572762    -1.07566
-0.00429764    -1.07422
-0.00287116    -1.07278
-0.00144818    -1.07134
-2.87015e-05    -1.06989
0.00138728    -1.06844
0.00279976    -1.06698
0.00420873    -1.06552
0.00561421    -1.06406
0.00701618    -1.0626
0.00841465    -1.06113
0.00980962    -1.05965
0.0112011    -1.05817
0.012589    -1.05669
0.0139735    -1.05521
0.0153545    -1.05372
0.0167319    -1.05222
0.0181059    -1.05073
0.0194763    -1.04923
0.0208433    -1.04772
0.0222067    -1.04621
0.0235666    -1.0447
0.0249231    -1.04319
0.026276    -1.04167
0.0276255    -1.04015
0.0289714    -1.03862
0.0303138    -1.03709
0.0316528    -1.03556
0.0329882    -1.03402
0.0343201    -1.03248
0.0356486    -1.03093
0.0369735    -1.02939
0.0382949    -1.02784
0.0396129    -1.02628
0.0409273    -1.02472
0.0422383    -1.02316
0.0435457    -1.02159
0.0448497    -1.02002
0.0461502    -1.01845
0.0474471    -1.01687
0.0487406    -1.01529
0.0500306    -1.01371
0.0513171    -1.01212
0.0526001    -1.01053
0.0538797    -1.00894
0.0551557    -1.00734
0.0564282    -1.00574
0.0576973    -1.00414
0.0589629    -1.00253
0.060225    -1.00092
0.0614836    -0.999303
0.0627388    -0.997685
0.0639905    -0.996063
0.0652386    -0.994438
0.0664834    -0.99281
0.0677246    -0.991178
0.0689624    -0.989543
0.0701967    -0.987904
0.0714275    -0.986262
0.0726549    -0.984617
0.0738788    -0.982968
0.0750992    -0.981317
0.0763161    -0.979661
0.0775297    -0.978003
0.0787397    -0.976341
0.0799463    -0.974676
0.0811494    -0.973007
0.0823491    -0.971335
0.0835453    -0.96966
0.0847381    -0.967982
0.0859274    -0.9663
0.0871133    -0.964615
0.0882957    -0.962927
0.0894747    -0.961236
0.0906503    -0.959542
0.0918224    -0.957844
0.0929911    -0.956143
0.0941563    -0.954439
0.0953181    -0.952731
0.0964765    -0.951021
0.0976315    -0.949307
0.098783    -0.94759
0.0999311    -0.94587
0.101076    -0.944147
0.102217    -0.94242
0.103355    -0.940691
0.104489    -0.938958
0.10562    -0.937223
0.106748    -0.935484
0.107872    -0.933742
0.108993    -0.931997
0.11011    -0.930249
0.111224    -0.928498
0.112335    -0.926743
0.113442    -0.924986
0.114546    -0.923226
0.115647    -0.921462
0.116744    -0.919696
0.117837    -0.917927
0.118928    -0.916154
0.120014    -0.914379
0.121098    -0.9126
0.122178    -0.910819
0.123255    -0.909034
0.124328    -0.907247
0.125399    -0.905457
0.126465    -0.903663
0.127529    -0.901867
0.128589    -0.900068
0.129645    -0.898266
0.130699    -0.896461
0.131749    -0.894653
0.132795    -0.892842
0.133838    -0.891028
0.134878    -0.889211
0.135915    -0.887392
0.136948    -0.885569
0.137978    -0.883744
0.139005    -0.881916
0.140028    -0.880084
0.141048    -0.878251
0.142065    -0.876414
0.143079    -0.874574
0.144089    -0.872732
0.145095    -0.870887
0.146099    -0.869039
0.147099    -0.867188
0.148096    -0.865334
0.14909    -0.863478
0.15008    -0.861619
0.151067    -0.859757
0.152051    -0.857892
0.153031    -0.856025
0.154009    -0.854155
0.154983    -0.852282
0.155953    -0.850406
0.156921    -0.848528
0.157885    -0.846647
0.158846    -0.844763
0.159804    -0.842877
0.160758    -0.840988
0.16171    -0.839096
0.162658    -0.837202
0.163603    -0.835305
0.164544    -0.833405
0.165482    -0.831503
0.166418    -0.829597
0.167349    -0.82769
0.168278    -0.82578
0.169204    -0.823867
0.170126    -0.821951
0.171045    -0.820033
0.171961    -0.818112
0.172874    -0.816189
0.173783    -0.814263
0.17469    -0.812335
0.175593    -0.810404
0.176493    -0.80847
0.17739    -0.806534
0.178283    -0.804596
0.179174    -0.802654
0.180061    -0.800711
0.180946    -0.798765
0.181827    -0.796816
0.182705    -0.794865
0.18358    -0.792911
0.184451    -0.790955
0.18532    -0.788996
0.186185    -0.787035
0.187048    -0.785072
0.187907    -0.783106
0.188763    -0.781137
0.189616    -0.779166
0.190466    -0.777193
0.191313    -0.775217
0.192156    -0.773239
0.192997    -0.771258
0.193834    -0.769275
0.194669    -0.76729
0.1955    -0.765302
0.196329    -0.763312
0.197154    -0.76132
0.197976    -0.759325
0.198795    -0.757328
0.199611    -0.755328
0.200425    -0.753326
0.201235    -0.751322
0.202042    -0.749315
0.202846    -0.747307
0.203647    -0.745295
0.204445    -0.743282
0.205239    -0.741266
0.206031    -0.739248
0.20682    -0.737228
0.207606    -0.735205
0.208389    -0.73318
0.209169    -0.731153
0.209946    -0.729124
0.21072    -0.727092
0.211491    -0.725058
0.212259    -0.723022
0.213024    -0.720984
0.213787    -0.718944
0.214546    -0.716901
0.215302    -0.714856
0.216055    -0.712809
0.216806    -0.71076
0.217553    -0.708708
0.218298    -0.706654
0.219039    -0.704599
0.219778    -0.702541
0.220514    -0.700481
0.221247    -0.698418
0.221977    -0.696354
0.222704    -0.694288
0.223428    -0.692219
0.22415    -0.690148
0.224868    -0.688075
0.225584    -0.686001
0.226297    -0.683924
0.227006    -0.681844
0.227714    -0.679763
0.228418    -0.67768
0.229119    -0.675595
0.229818    -0.673508
0.230513    -0.671418
0.231206    -0.669327
0.231896    -0.667233
0.232584    -0.665138
0.233268    -0.66304
0.23395    -0.660941
0.234629    -0.65884
0.235305    -0.656736
0.235978    -0.654631
0.236649    -0.652523
0.237316    -0.650414
0.237981    -0.648302
0.238644    -0.646189
0.239303    -0.644074
0.23996    -0.641957
0.240614    -0.639838
0.241265    -0.637717
0.241914    -0.635594
0.242559    -0.633469
0.243202    -0.631342
0.243843    -0.629213
0.244481    -0.627083
0.245115    -0.62495
0.245748    -0.622816
0.246377    -0.62068
0.247004    -0.618541
0.247629    -0.616402
0.24825    -0.61426
0.248869    -0.612116
0.249485    -0.609971
0.250099    -0.607823
0.25071    -0.605674
0.251318    -0.603523
0.251924    -0.601371
0.252527    -0.599216
0.253128    -0.59706
0.253725    -0.594902
0.254321    -0.592742
0.254913    -0.59058
0.255503    -0.588417
0.256091    -0.586252
0.256676    -0.584085
0.257258    -0.581916
0.257838    -0.579746
0.258415    -0.577574
0.25899    -0.5754
0.259562    -0.573225
0.260131    -0.571047
0.260698    -0.568868
0.261263    -0.566688
0.261825    -0.564506
0.262384    -0.562322
0.262941    -0.560136
0.263496    -0.557949
0.264048    -0.55576
0.264597    -0.553569
0.265144    -0.551377
0.265689    -0.549183
0.266231    -0.546987
0.26677    -0.54479
0.267308    -0.542592
0.267842    -0.540391
0.268374    -0.538189
0.268904    -0.535986
0.269432    -0.533781
0.269957    -0.531574
0.270479    -0.529366
0.270999    -0.527156
0.271517    -0.524945
0.272032    -0.522732
0.272545    -0.520517
0.273056    -0.518302
0.273564    -0.516084
0.27407    -0.513865
0.274573    -0.511645
0.275075    -0.509422
0.275573    -0.507199
0.27607    -0.504974
0.276564    -0.502747
0.277056    -0.50052
0.277545    -0.49829
0.278032    -0.496059
0.278517    -0.493827
0.279    -0.491593
0.27948    -0.489358
0.279958    -0.487121
0.280434    -0.484883
0.280907    -0.482644
0.281378    -0.480403
0.281847    -0.47816
0.282314    -0.475917
0.282778    -0.473672
0.28324    -0.471425
0.2837    -0.469177
0.284158    -0.466928
0.284614    -0.464677
0.285067    -0.462425
0.285518    -0.460172
0.285967    -0.457918
0.286414    -0.455662
0.286858    -0.453404
0.287301    -0.451146
0.287741    -0.448886
0.288179    -0.446625
0.288615    -0.444362
0.289049    -0.442098
0.289481    -0.439833
0.28991    -0.437567
0.290338    -0.435299
0.290763    -0.43303
0.291186    -0.43076
0.291607    -0.428489
0.292026    -0.426216
0.292443    -0.423942
0.292858    -0.421667
0.293271    -0.419391
0.293682    -0.417114
0.294091    -0.414835
0.294497    -0.412555
0.294902    -0.410274
0.295304    -0.407992
0.295705    -0.405708
0.296104    -0.403424
0.2965    -0.401138
0.296895    -0.398851
0.297287    -0.396563
0.297678    -0.394274
0.298067    -0.391983
0.298453    -0.389692
0.298838    -0.387399
0.299221    -0.385106
0.299601    -0.382811
0.29998    -0.380515
0.300357    -0.378218
0.300732    -0.37592
0.301105    -0.373621
0.301476    -0.371321
0.301846    -0.369019
0.302213    -0.366717
0.302579    -0.364414
0.302942    -0.362109
0.303304    -0.359804
0.303664    -0.357498
0.304022    -0.35519
0.304378    -0.352882
0.304732    -0.350572
0.305085    -0.348262
0.305436    -0.34595
0.305785    -0.343638
0.306132    -0.341325
0.306477    -0.33901
0.30682    -0.336695
0.307162    -0.334379
0.307502    -0.332062
0.30784    -0.329743
0.308177    -0.327424
0.308511    -0.325104
0.308844    -0.322784
0.309175    -0.320462
0.309505    -0.318139
0.309833    -0.315815
0.310159    -0.313491
0.310483    -0.311166
0.310806    -0.308839
0.311127    -0.306512
0.311446    -0.304184
0.311763    -0.301856
0.312079    -0.299526
0.312394    -0.297196
0.312706    -0.294864
0.313017    -0.292532
0.313327    -0.290199
0.313634    -0.287866
0.31394    -0.285531
0.314245    -0.283196
0.314548    -0.28086
0.314849    -0.278523
0.315149    -0.276185
0.315447    -0.273847
0.315744    -0.271508
0.316039    -0.269168
0.316332    -0.266827
0.316624    -0.264486
0.316914    -0.262144
0.317203    -0.259801
0.317491    -0.257458
0.317777    -0.255113
0.318061    -0.252769
0.318344    -0.250423
0.318625    -0.248077
0.318905    -0.24573
0.319183    -0.243382
0.31946    -0.241034
0.319736    -0.238685
0.32001    -0.236335
0.320283    -0.233985
0.320554    -0.231634
0.320824    -0.229283
0.321092    -0.226931
0.321359    -0.224578
0.321625    -0.222225
0.321889    -0.219871
0.322152    -0.217517
0.322413    -0.215162
0.322673    -0.212806
0.322932    -0.21045
0.323189    -0.208093
0.323445    -0.205736
0.3237    -0.203378
0.323953    -0.20102
0.324206    -0.198661
0.324456    -0.196302
0.324706    -0.193942
0.324954    -0.191582
0.325201    -0.189221
0.325447    -0.18686
0.325691    -0.184498
0.325934    -0.182135
0.326176    -0.179773
0.326417    -0.177409
0.326656    -0.175046
0.326895    -0.172682
0.327132    -0.170317
0.327368    -0.167952
0.327602    -0.165587
0.327836    -0.163221
0.328068    -0.160855
0.328299    -0.158488
0.328529    -0.156121
0.328758    -0.153754
0.328986    -0.151386
0.329212    -0.149018
0.329438    -0.146649
0.329662    -0.14428
0.329885    -0.141911
0.330107    -0.139542
0.330328    -0.137172
0.330548    -0.134802
0.330767    -0.132431
0.330985    -0.13006
0.331202    -0.127689
0.331418    -0.125318
0.331632    -0.122946
0.331846    -0.120574
0.332059    -0.118202
0.33227    -0.115829
0.332481    -0.113456
0.33269    -0.111083
0.332899    -0.10871
0.333107    -0.106336
0.333314    -0.103963
0.333519    -0.101589
0.333724    -0.0992145
0.333928    -0.0968401
0.334131    -0.0944655
0.334333    -0.0920907
0.334534    -0.0897157
0.334734    -0.0873406
0.334933    -0.0849653
0.335132    -0.0825898
0.335329    -0.0802141
0.335526    -0.0778383
0.335722    -0.0754624
0.335917    -0.0730864
0.336111    -0.0707102
0.336304    -0.0683339
0.336497    -0.0659575
0.336688    -0.063581
0.336879    -0.0612043
0.337069    -0.0588277
0.337258    -0.0564509
0.337447    -0.054074
0.337634    -0.0516971
0.337821    -0.0493201
0.338007    -0.0469431
0.338193    -0.044566
0.338378    -0.0421889
0.338561    -0.0398118
0.338745    -0.0374347
0.338927    -0.0350575
0.339109    -0.0326803
0.33929    -0.0303031
0.339471    -0.027926
0.33965    -0.0255488
0.339829    -0.0231717
0.340008    -0.0207946
0.340186    -0.0184176
0.340363    -0.0160406
0.340539    -0.0136636
0.340715    -0.0112867
0.34089    -0.00890987
0.341065    -0.00653312
0.341239    -0.00415645
0.341413    -0.00177987
0.341586    0.000596617
0.341758    0.002973
0.34193    0.00534926
0.342101    0.00772541
0.342272    0.0101014
0.342442    0.0124773
0.342611    0.0148531
0.342781    0.0172287
0.342949    0.0196041
0.343117    0.0219794
0.343285    0.0243545
0.343452    0.0267294
0.343619    0.0291042
0.343785    0.0314787
0.343951    0.0338531
0.344116    0.0362272
0.344281    0.0386011
0.344446    0.0409748
0.34461    0.0433483
0.344773    0.0457215
0.344937    0.0480945
0.3451    0.0504673
0.345262    0.0528397
0.345424    0.055212
0.345586    0.0575839
0.345747    0.0599556
0.345908    0.0623269
0.346069    0.064698
0.34623    0.0670688
0.34639    0.0694392
0.34655    0.0718094
0.346709    0.0741792
0.346868    0.0765487
0.347027    0.0789178
0.347186    0.0812866
0.347344    0.0836551
0.347502    0.0860232
0.34766    0.0883909
0.347818    0.0907582
0.347976    0.0931252
0.348133    0.0954917
0.34829    0.0978579
0.348447    0.100224
0.348603    0.102589
0.34876    0.104954
0.348916    0.107318
0.349072    0.109683
0.349228    0.112046
0.349384    0.114409
0.34954    0.116772
0.349695    0.119134
0.349851    0.121496
0.350006    0.123857
0.350162    0.126218
0.350317    0.128579
0.350472    0.130938
0.350627    0.133298
0.350782    0.135657
0.350937    0.138015
0.351092    0.140373
0.351247    0.14273
0.351401    0.145087
0.351556    0.147443
0.351711    0.149798
0.351866    0.152153
0.352021    0.154508
0.352176    0.156862
0.35233    0.159215
0.352485    0.161568
0.35264    0.16392
0.352795    0.166271
0.352951    0.168622
0.353106    0.170972
0.353261    0.173322
0.353416    0.175671
0.353572    0.178019
0.353727    0.180367
0.353883    0.182714
0.354039    0.18506
0.354195    0.187406
0.354351    0.189751
0.354507    0.192095
0.354664    0.194439
0.354821    0.196782
0.354977    0.199124
0.355134    0.201466
0.355292    0.203807
0.355449    0.206147
0.355607    0.208486
0.355765    0.210825
0.355923    0.213163
0.356081    0.2155
0.35624    0.217836
0.356399    0.220172
0.356558    0.222506
0.356717    0.22484
0.356877    0.227174
0.357037    0.229506
0.357198    0.231838
0.357358    0.234168
0.357519    0.236498
0.357681    0.238828
0.357843    0.241156
0.358005    0.243483
0.358167    0.24581
0.35833    0.248136
0.358493    0.250461
0.358657    0.252785
0.358821    0.255108
0.358986    0.25743
0.35915    0.259752
0.359316    0.262072
0.359482    0.264392
0.359648    0.266711
0.359814    0.269029
0.359982    0.271345
0.360149    0.273661
0.360317    0.275976
0.360486    0.278291
0.360655    0.280604
0.360825    0.282916
0.360995    0.285227
0.361166    0.287537
0.361337    0.289847
0.361509    0.292155
0.361681    0.294462
0.361854    0.296768
0.362028    0.299074
0.362202    0.301378
0.362376    0.303681
0.362552    0.305984
0.362728    0.308285
0.362904    0.310585
0.363081    0.312884
0.363259    0.315182
0.363438    0.317479
0.363617    0.319775
0.363797    0.32207
0.363977    0.324364
0.364158    0.326657
0.36434    0.328948
0.364523    0.331239
0.364706    0.333528
0.36489    0.335817
0.365075    0.338104
0.36526    0.34039
0.365446    0.342675
0.365633    0.344959
0.365821    0.347241
0.36601    0.349523
0.366199    0.351803
0.366389    0.354082
0.36658    0.35636
0.366772    0.358637
0.366964    0.360913
0.367158    0.363187
0.367352    0.365461
0.367547    0.367733
0.367743    0.370003
0.36794    0.372273
0.368138    0.374542
0.368336    0.376809
0.368536    0.379075
0.368736    0.381339
0.368938    0.383603
0.36914    0.385865
0.369343    0.388126
0.369547    0.390386
0.369752    0.392644
0.369958    0.394901
0.370165    0.397157
0.370373    0.399412
0.370582    0.401665
0.370792    0.403917
0.371003    0.406167
0.371215    0.408417
0.371428    0.410665
0.371642    0.412911
0.371857    0.415156
0.372073    0.4174
0.37229    0.419643
0.372508    0.421884
0.372727    0.424124
0.372948    0.426362
0.373169    0.4286
0.373392    0.430835
0.373615    0.43307
0.37384    0.435303
0.374066    0.437534
0.374293    0.439764
0.374521    0.441993
0.37475    0.44422
0.374981    0.446446
0.375213    0.44867
0.375445    0.450893
0.375679    0.453115
0.375915    0.455335
0.376151    0.457554
0.376389    0.459771
0.376628    0.461986
0.376868    0.464201
0.377109    0.466413
0.377352    0.468625
0.377595    0.470834
0.37784    0.473042
0.378087    0.475249
0.378335    0.477454
0.378583    0.479658
0.378834    0.48186
0.379085    0.484061
0.379338    0.48626
0.379592    0.488457
0.379848    0.490653
0.380105    0.492847
0.380363    0.49504
0.380623    0.497232
0.380884    0.499421
0.381146    0.501609
0.38141    0.503796
0.381675    0.505981
0.381941    0.508164
0.382209    0.510346
0.382479    0.512526
0.38275    0.514704
0.383022    0.516881
0.383296    0.519056
0.383571    0.52123
0.383847    0.523401
0.384125    0.525572
0.384405    0.52774
0.384686    0.529907
0.384969    0.532072
0.385253    0.534236
0.385538    0.536398
0.385825    0.538558
0.386114    0.540716
0.386404    0.542873
0.386696    0.545028
0.386989    0.547182
0.387284    0.549333
0.387581    0.551483
0.387879    0.553631
0.388178    0.555778
0.388479    0.557922
0.388782    0.560065
0.389087    0.562207
0.389393    0.564346
0.389701    0.566484
0.39001    0.56862
0.390321    0.570754
0.390634    0.572886
0.390948    0.575016
0.391264    0.577145
0.391582    0.579272
0.391901    0.581397
0.392222    0.58352
0.392545    0.585642
0.392869    0.587762
0.393196    0.589879
0.393523    0.591995
0.393853    0.594109
0.394185    0.596222
0.394518    0.598332
0.394853    0.600441
0.39519    0.602547
0.395528    0.604652
0.395868    0.606755
0.396211    0.608856
0.396555    0.610955
0.3969    0.613052
0.397248    0.615148
0.397597    0.617241
0.397949    0.619333
0.398302    0.621422
0.398657    0.62351
0.399013    0.625596
0.399372    0.627679
0.399733    0.629761
0.400095    0.631841
0.40046    0.633919
0.400826    0.635995
0.401194    0.638069
0.401564    0.640141
0.401936    0.642211
0.40231    0.644279
0.402686    0.646345
0.403064    0.648409
0.403444    0.650471
0.403826    0.652531
0.404209    0.654589
0.404595    0.656645
0.404983    0.658699
0.405373    0.660751
0.405765    0.6628
0.406158    0.664848
0.406554    0.666894
0.406952    0.668938
0.407352    0.670979
0.407754    0.673019
0.408158    0.675056
0.408564    0.677092
0.408972    0.679125
0.409382    0.681156
0.409795    0.683185
0.410209    0.685212
0.410625    0.687237
0.411044    0.68926
0.411465    0.69128
0.411888    0.693299
0.412313    0.695315
0.41274    0.69733
0.413169    0.699342
0.413601    0.701352
0.414034    0.703359
0.41447    0.705365
0.414908    0.707368
0.415348    0.70937
0.41579    0.711369
0.416235    0.713365
0.416682    0.71536
0.417131    0.717353
0.417582    0.719343
0.418035    0.721331
0.418491    0.723317
0.418949    0.7253
0.419409    0.727282
0.419872    0.729261
0.420336    0.731238
0.420803    0.733212
0.421273    0.735185
0.421744    0.737155
0.422218    0.739123
0.422694    0.741088
0.423173    0.743052
0.423654    0.745013
0.424137    0.746971
0.424622    0.748928
0.42511    0.750882
0.4256    0.752834
0.426093    0.754783
0.426588    0.75673
0.427085    0.758675
0.427585    0.760618
0.428087    0.762558
0.428592    0.764496
0.429098    0.766431
0.429608    0.768364
0.43012    0.770295
0.430634    0.772224
0.43115    0.77415
0.431669    0.776073
0.432191    0.777994
0.432715    0.779913
0.433241    0.78183
0.43377    0.783744
0.434301    0.785656
0.434835    0.787565
0.435372    0.789472
0.43591    0.791376
0.436452    0.793278
0.436996    0.795177
0.437542    0.797075
0.438091    0.798969
0.438642    0.800861
0.439196    0.802751
0.439753    0.804638
0.440312    0.806523
0.440873    0.808405
0.441438    0.810285
0.442004    0.812162
0.442574    0.814037
0.443146    0.815909
0.44372    0.817779
0.444297    0.819646
0.444877    0.821511
0.44546    0.823373
0.446045    0.825233
0.446632    0.82709
0.447222    0.828944
0.447815    0.830796
0.448411    0.832646
0.449009    0.834493
0.44961    0.836337
0.450214    0.838179
0.45082    0.840018
0.451429    0.841854
0.45204    0.843688
0.452655    0.84552
0.453272    0.847348
0.453891    0.849174
0.454514    0.850998
0.455139    0.852819
0.455767    0.854637
0.456398    0.856452
0.457031    0.858265
0.457667    0.860076
0.458306    0.861883
0.458948    0.863688
0.459592    0.86549
0.460239    0.86729
0.460889    0.869087
0.461542    0.870881
0.462198    0.872672
0.462856    0.874461
0.463517    0.876247
0.464181    0.878031
0.464848    0.879811
0.465518    0.881589
0.46619    0.883364
0.466866    0.885137
0.467544    0.886906
0.468225    0.888673
0.468909    0.890437
0.469596    0.892199
0.470285    0.893957
0.470978    0.895713
0.471673    0.897466
0.472372    0.899216
0.473073    0.900963
0.473777    0.902708
0.474484    0.90445
0.475194    0.906189
0.475907    0.907925
0.476622    0.909658
0.477341    0.911389
0.478063    0.913116
0.478787    0.914841
0.479515    0.916563
0.480245    0.918282
0.480979    0.919998
0.481715    0.921711
0.482455    0.923422
0.483197    0.925129
0.483942    0.926834
0.484691    0.928535
0.485442    0.930234
0.486197    0.93193
0.486954    0.933623
0.487714    0.935313
0.488478    0.937
0.489244    0.938684
0.490014    0.940365
0.490786    0.942043
0.491562    0.943718
0.49234    0.945391
0.493122    0.94706
0.493907    0.948726
0.494695    0.950389
0.495486    0.952049
0.49628    0.953707
0.497077    0.955361
0.497877    0.957012
0.49868    0.95866
0.499486    0.960305
0.500296    0.961947
0.501108    0.963586
0.501924    0.965222
0.502743    0.966855
0.503565    0.968485
0.50439    0.970112
0.505218    0.971735
0.506049    0.973356
0.506884    0.974973
0.507721    0.976588
0.508562    0.978199
0.509406    0.979807
0.510253    0.981412
0.511104    0.983014
0.511957    0.984613
0.512814    0.986208
0.513674    0.987801
0.514537    0.98939
0.515403    0.990976
0.516272    0.992559
0.517145    0.994138
0.518021    0.995715
0.5189    0.997288
0.519782    0.998858
0.520668    1.00043
0.521557    1.00199
0.522449    1.00355
0.523344    1.00511
0.524243    1.00666
0.525144    1.00821
0.526049    1.00976
0.526958    1.0113
0.527869    1.01284
0.528784    1.01438
0.529702    1.01592
0.530624    1.01745
0.531549    1.01897
0.532477    1.0205
0.533408    1.02202
0.534342    1.02354
0.53528    1.02505
0.536222    1.02656
0.537166    1.02807
0.538114    1.02957
0.539065    1.03108
0.54002    1.03257
0.540978    1.03407
0.541939    1.03556
0.542903    1.03705
0.543871    1.03853
0.544842    1.04001
0.545817    1.04149
0.546795    1.04296
0.547776    1.04443
0.548761    1.0459
0.549749    1.04736
0.55074    1.04882
0.551735    1.05028
0.552733    1.05173
0.553735    1.05318
0.55474    1.05463
0.555748    1.05607
0.55676    1.05751
0.557775    1.05894
0.558794    1.06038
0.559816    1.06181
0.560841    1.06323
0.56187    1.06465
0.562902    1.06607
0.563938    1.06748
0.564977    1.06889
0.566019    1.0703
0.567065    1.07171
0.568115    1.07311
0.569168    1.0745
0.570224    1.07589
0.571284    1.07728
0.572347    1.07867
0.573414    1.08005
0.574484    1.08143
0.575557    1.0828
0.576635    1.08417
0.577715    1.08554
0.578799    1.08691
0.579887    1.08827
0.580978    1.08962
0.582072    1.09097
0.58317    1.09232
0.584272    1.09367
0.585377    1.09501
0.586485    1.09635
0.587597    1.09768
0.588713    1.09901
0.589831    1.10034
0.590954    1.10166
0.59208    1.10298
0.59321    1.10429
0.594343    1.10561
0.595479    1.10691
0.596619    1.10822
0.597763    1.10952
0.59891    1.11081
0.600061    1.1121
0.601215    1.11339
0.602373    1.11468
0.603534    1.11596
0.604699    1.11723
0.605868    1.11851
0.60704    1.11978
0.608215    1.12104
0.609394    1.1223
0.610577    1.12356
0.611763    1.12481
0.612953    1.12606
0.614146    1.12731
0.615343    1.12855
0.616544    1.12979
0.617748    1.13102
0.618956    1.13225
0.620167    1.13347
0.621382    1.13469
0.6226    1.13591
0.623822    1.13713
0.625048    1.13834
0.626277    1.13954
0.62751    1.14074
0.628746    1.14194
0.629986    1.14313
0.631229    1.14432
0.632477    1.14551
