-1.05005    0.447688
-1.05023    0.445297
-1.0504    0.442905
-1.05057    0.440512
-1.05075    0.438118
-1.05092    0.435723
-1.05109    0.433327
-1.05125    0.43093
-1.05142    0.428532
-1.05159    0.426133
-1.05175    0.423733
-1.05192    0.421332
-1.05208    0.41893
-1.05224    0.416527
-1.05241    0.414124
-1.05257    0.411719
-1.05273    0.409313
-1.05288    0.406907
-1.05304    0.404499
-1.0532    0.402091
-1.05335    0.399681
-1.05351    0.397271
-1.05366    0.39486
-1.05381    0.392448
-1.05396    0.390035
-1.05411    0.387621
-1.05426    0.385206
-1.05441    0.38279
-1.05456    0.380373
-1.0547    0.377956
-1.05485    0.375538
-1.05499    0.373118
-1.05513    0.370698
-1.05527    0.368277
-1.05541    0.365856
-1.05555    0.363433
-1.05569    0.36101
-1.05582    0.358585
-1.05596    0.35616
-1.05609    0.353734
-1.05622    0.351308
-1.05635    0.34888
-1.05648    0.346452
-1.05661    0.344022
-1.05674    0.341593
-1.05686    0.339162
-1.05699    0.33673
-1.05711    0.334298
-1.05723    0.331865
-1.05735    0.329431
-1.05747    0.326996
-1.05759    0.324561
-1.05771    0.322125
-1.05782    0.319688
-1.05794    0.317251
-1.05805    0.314812
-1.05816    0.312373
-1.05827    0.309933
-1.05838    0.307493
-1.05848    0.305052
-1.05859    0.30261
-1.05869    0.300167
-1.05879    0.297724
-1.0589    0.29528
-1.05899    0.292835
-1.05909    0.29039
-1.05919    0.287944
-1.05928    0.285497
-1.05938    0.28305
-1.05947    0.280602
-1.05956    0.278153
-1.05965    0.275704
-1.05973    0.273254
-1.05982    0.270804
-1.0599    0.268353
-1.05999    0.265901
-1.06007    0.263449
-1.06015    0.260996
-1.06022    0.258542
-1.0603    0.256088
-1.06037    0.253633
-1.06045    0.251178
-1.06052    0.248722
-1.06059    0.246265
-1.06066    0.243808
-1.06072    0.241351
-1.06079    0.238892
-1.06085    0.236434
-1.06091    0.233975
-1.06097    0.231515
-1.06103    0.229054
-1.06108    0.226594
-1.06114    0.224132
-1.06119    0.22167
-1.06124    0.219208
-1.06129    0.216745
-1.06134    0.214282
-1.06138    0.211818
-1.06143    0.209354
-1.06147    0.206889
-1.06151    0.204424
-1.06155    0.201958
-1.06158    0.199492
-1.06162    0.197025
-1.06165    0.194558
-1.06168    0.192091
-1.06171    0.189623
-1.06174    0.187154
-1.06177    0.184686
-1.06179    0.182216
-1.06181    0.179747
-1.06183    0.177277
-1.06185    0.174807
-1.06186    0.172336
-1.06188    0.169865
-1.06189    0.167393
-1.0619    0.164921
-1.06191    0.162449
-1.06192    0.159976
-1.06192    0.157503
-1.06192    0.15503
-1.06192    0.152557
-1.06192    0.150083
-1.06192    0.147608
-1.06191    0.145134
-1.06191    0.142659
-1.0619    0.140184
-1.06188    0.137708
-1.06187    0.135232
-1.06185    0.132756
-1.06184    0.13028
-1.06182    0.127803
-1.0618    0.125326
-1.06177    0.122849
-1.06175    0.120372
-1.06172    0.117894
-1.06169    0.115416
-1.06165    0.112938
-1.06162    0.11046
-1.06158    0.107981
-1.06155    0.105503
-1.0615    0.103024
-1.06146    0.100545
-1.06142    0.0980651
-1.06137    0.0955856
-1.06132    0.0931059
-1.06127    0.090626
-1.06121    0.0881459
-1.06116    0.0856657
-1.0611    0.0831853
-1.06104    0.0807048
-1.06098    0.0782241
-1.06091    0.0757433
-1.06084    0.0732624
-1.06077    0.0707814
-1.0607    0.0683002
-1.06063    0.065819
-1.06055    0.0633376
-1.06047    0.0608561
-1.06039    0.0583746
-1.06031    0.055893
-1.06022    0.0534113
-1.06014    0.0509296
-1.06005    0.0484478
-1.05995    0.0459659
-1.05986    0.043484
-1.05976    0.0410021
-1.05966    0.0385201
-1.05956    0.0360381
-1.05946    0.0335561
-1.05935    0.0310741
-1.05924    0.0285921
-1.05913    0.0261101
-1.05902    0.0236281
-1.0589    0.0211461
-1.05878    0.0186641
-1.05866    0.0161822
-1.05854    0.0137003
-1.05841    0.0112184
-1.05828    0.00873664
-1.05815    0.0062549
-1.05802    0.00377324
-1.05788    0.00129165
-1.05774    -0.00118987
-1.0576    -0.00367129
-1.05746    -0.00615262
-1.05732    -0.00863384
-1.05717    -0.011115
-1.05702    -0.013596
-1.05686    -0.0160768
-1.05671    -0.0185576
-1.05655    -0.0210382
-1.05639    -0.0235187
-1.05622    -0.025999
-1.05606    -0.0284791
-1.05589    -0.0309591
-1.05572    -0.0334389
-1.05555    -0.0359186
-1.05537    -0.038398
-1.05519    -0.0408772
-1.05501    -0.0433563
-1.05483    -0.0458351
-1.05464    -0.0483137
-1.05445    -0.0507921
-1.05426    -0.0532703
-1.05406    -0.0557482
-1.05387    -0.0582259
-1.05367    -0.0607033
-1.05346    -0.0631805
-1.05326    -0.0656574
-1.05305    -0.068134
-1.05284    -0.0706104
-1.05263    -0.0730864
-1.05241    -0.0755622
-1.05219    -0.0780376
-1.05197    -0.0805128
-1.05175    -0.0829876
-1.05152    -0.0854621
-1.05129    -0.0879362
-1.05106    -0.09041
-1.05082    -0.0928835
-1.05058    -0.0953566
-1.05034    -0.0978293
-1.0501    -0.100302
-1.04985    -0.102774
-1.04961    -0.105245
-1.04935    -0.107717
-1.0491    -0.110187
-1.04884    -0.112658
-1.04858    -0.115128
-1.04832    -0.117597
-1.04805    -0.120066
-1.04779    -0.122535
-1.04751    -0.125003
-1.04724    -0.127471
-1.04696    -0.129938
-1.04668    -0.132405
-1.0464    -0.134872
-1.04611    -0.137338
-1.04583    -0.139803
-1.04553    -0.142268
-1.04524    -0.144732
-1.04494    -0.147196
-1.04464    -0.14966
-1.04434    -0.152122
-1.04403    -0.154585
-1.04372    -0.157046
-1.04341    -0.159508
-1.0431    -0.161968
-1.04278    -0.164428
-1.04246    -0.166888
-1.04214    -0.169347
-1.04181    -0.171805
-1.04148    -0.174263
-1.04115    -0.17672
-1.04081    -0.179176
-1.04047    -0.181632
-1.04013    -0.184087
-1.03979    -0.186542
-1.03944    -0.188996
-1.03909    -0.191449
-1.03874    -0.193902
-1.03838    -0.196354
-1.03802    -0.198805
-1.03766    -0.201255
-1.03729    -0.203705
-1.03692    -0.206154
-1.03655    -0.208603
-1.03618    -0.211051
-1.0358    -0.213498
-1.03542    -0.215944
-1.03504    -0.218389
-1.03465    -0.220834
-1.03426    -0.223278
-1.03387    -0.225721
-1.03347    -0.228164
-1.03307    -0.230606
-1.03267    -0.233047
-1.03226    -0.235487
-1.03185    -0.237926
-1.03144    -0.240364
-1.03103    -0.242802
-1.03061    -0.245239
-1.03019    -0.247675
-1.02976    -0.25011
-1.02933    -0.252544
-1.0289    -0.254978
-1.02847    -0.25741
-1.02803    -0.259842
-1.02759    -0.262273
-1.02715    -0.264703
-1.0267    -0.267132
-1.02625    -0.26956
-1.0258    -0.271987
-1.02534    -0.274413
-1.02488    -0.276838
-1.02442    -0.279263
-1.02395    -0.281686
-1.02348    -0.284109
-1.02301    -0.28653
-1.02254    -0.28895
-1.02206    -0.29137
-1.02157    -0.293788
-1.02109    -0.296206
-1.0206    -0.298622
-1.02011    -0.301038
-1.01961    -0.303452
-1.01911    -0.305866
-1.01861    -0.308278
-1.01811    -0.310689
-1.0176    -0.313099
-1.01709    -0.315509
-1.01657    -0.317917
-1.01605    -0.320324
-1.01553    -0.322729
-1.01501    -0.325134
-1.01448    -0.327538
-1.01395    -0.32994
-1.01341    -0.332342
-1.01287    -0.334742
-1.01233    -0.337141
-1.01179    -0.339539
-1.01124    -0.341936
-1.01069    -0.344332
-1.01013    -0.346726
-1.00957    -0.349119
-1.00901    -0.351511
-1.00845    -0.353902
-1.00788    -0.356292
-1.00731    -0.35868
-1.00673    -0.361067
-1.00615    -0.363453
-1.00557    -0.365838
-1.00498    -0.368221
-1.0044    -0.370603
-1.0038    -0.372984
-1.00321    -0.375364
-1.00261    -0.377742
-1.00201    -0.380119
-1.0014    -0.382495
-1.00079    -0.384869
-1.00018    -0.387242
-0.99956    -0.389614
-0.99894    -0.391984
-0.998317    -0.394353
-0.99769    -0.396721
-0.99706    -0.399087
-0.996426    -0.401452
-0.995789    -0.403815
-0.995148    -0.406177
-0.994504    -0.408538
-0.993857    -0.410897
-0.993205    -0.413255
-0.992551    -0.415612
-0.991893    -0.417967
-0.991231    -0.42032
-0.990566    -0.422672
-0.989897    -0.425023
-0.989225    -0.427372
-0.988549    -0.429719
-0.98787    -0.432065
-0.987187    -0.43441
-0.986501    -0.436753
-0.985811    -0.439095
-0.985118    -0.441435
-0.984421    -0.443773
-0.983721    -0.44611
-0.983017    -0.448445
-0.982309    -0.450779
-0.981598    -0.453111
-0.980884    -0.455442
-0.980166    -0.457771
-0.979444    -0.460098
-0.978719    -0.462424
-0.97799    -0.464748
-0.977257    -0.467071
-0.976521    -0.469392
-0.975782    -0.471711
-0.975038    -0.474029
-0.974292    -0.476345
-0.973541    -0.478659
-0.972787    -0.480971
-0.97203    -0.483282
-0.971269    -0.485591
-0.970504    -0.487899
-0.969735    -0.490204
-0.968963    -0.492508
-0.968188    -0.494811
-0.967409    -0.497111
-0.966626    -0.49941
-0.965839    -0.501707
-0.965049    -0.504002
-0.964255    -0.506295
-0.963458    -0.508587
-0.962657    -0.510877
-0.961852    -0.513165
-0.961044    -0.515451
-0.960232    -0.517735
-0.959417    -0.520017
-0.958597    -0.522298
-0.957774    -0.524577
-0.956948    -0.526854
-0.956118    -0.529129
-0.955284    -0.531402
-0.954446    -0.533673
-0.953605    -0.535942
-0.95276    -0.538209
-0.951912    -0.540475
-0.95106    -0.542738
-0.950204    -0.545
-0.949344    -0.547259
-0.948481    -0.549517
-0.947614    -0.551773
-0.946743    -0.554026
-0.945869    -0.556278
-0.944991    -0.558527
-0.944109    -0.560775
-0.943224    -0.563021
-0.942335    -0.565264
-0.941442    -0.567506
-0.940546    -0.569745
-0.939645    -0.571983
-0.938742    -0.574218
-0.937834    -0.576451
-0.936923    -0.578682
-0.936008    -0.580911
-0.935089    -0.583138
-0.934167    -0.585363
-0.93324    -0.587586
-0.93231    -0.589806
-0.931377    -0.592025
-0.93044    -0.594241
-0.929499    -0.596455
-0.928554    -0.598667
-0.927605    -0.600876
-0.926653    -0.603084
-0.925697    -0.605289
-0.924737    -0.607492
-0.923774    -0.609693
-0.922807    -0.611892
-0.921836    -0.614088
-0.920861    -0.616282
-0.919883    -0.618474
-0.918901    -0.620663
-0.917915    -0.622851
-0.916925    -0.625036
-0.915932    -0.627218
-0.914935    -0.629399
-0.913934    -0.631577
-0.912929    -0.633752
-0.911921    -0.635926
-0.910909    -0.638097
-0.909893    -0.640265
-0.908873    -0.642432
-0.90785    -0.644596
-0.906823    -0.646757
-0.905792    -0.648916
-0.904757    -0.651073
-0.903719    -0.653227
-0.902677    -0.655379
-0.901631    -0.657528
-0.900581    -0.659675
-0.899528    -0.661819
-0.898471    -0.663961
-0.89741    -0.666101
-0.896345    -0.668238
-0.895277    -0.670372
-0.894204    -0.672504
-0.893128    -0.674634
-0.892048    -0.676761
-0.890965    -0.678885
-0.889878    -0.681007
-0.888787    -0.683126
-0.887692    -0.685243
-0.886593    -0.687357
-0.885491    -0.689468
-0.884385    -0.691577
-0.883275    -0.693683
-0.882161    -0.695787
-0.881044    -0.697888
-0.879922    -0.699987
-0.878797    -0.702082
-0.877669    -0.704175
-0.876536    -0.706266
-0.8754    -0.708353
-0.87426    -0.710438
-0.873116    -0.712521
-0.871968    -0.7146
-0.870817    -0.716677
-0.869662    -0.718751
-0.868503    -0.720823
-0.86734    -0.722891
-0.866174    -0.724957
-0.865004    -0.72702
-0.86383    -0.729081
-0.862652    -0.731138
-0.861471    -0.733193
-0.860285    -0.735245
-0.859096    -0.737294
-0.857904    -0.73934
-0.856707    -0.741383
-0.855507    -0.743424
-0.854303    -0.745462
-0.853095    -0.747496
-0.851883    -0.749528
-0.850668    -0.751557
-0.849449    -0.753583
-0.848226    -0.755607
-0.846999    -0.757627
-0.845769    -0.759644
-0.844535    -0.761659
-0.843297    -0.76367
-0.842056    -0.765678
-0.84081    -0.767684
-0.839561    -0.769686
-0.838308    -0.771686
-0.837052    -0.773682
-0.835791    -0.775676
-0.834527    -0.777666
-0.833259    -0.779654
-0.831988    -0.781638
-0.830713    -0.783619
-0.829433    -0.785597
-0.828151    -0.787572
-0.826864    -0.789544
-0.825574    -0.791513
-0.82428    -0.793479
-0.822982    -0.795442
-0.821681    -0.797401
-0.820376    -0.799358
-0.819067    -0.801311
-0.817754    -0.803261
-0.816438    -0.805208
-0.815118    -0.807152
-0.813794    -0.809092
-0.812467    -0.81103
-0.811136    -0.812964
-0.809801    -0.814895
-0.808462    -0.816822
-0.80712    -0.818747
-0.805774    -0.820668
-0.804424    -0.822586
-0.803071    -0.824501
-0.801714    -0.826412
-0.800353    -0.82832
-0.798989    -0.830225
-0.79762    -0.832126
-0.796249    -0.834024
-0.794873    -0.835919
-0.793494    -0.83781
-0.792111    -0.839698
-0.790724    -0.841583
-0.789334    -0.843464
-0.78794    -0.845342
-0.786543    -0.847217
-0.785142    -0.849088
-0.783737    -0.850956
-0.782328    -0.85282
-0.780916    -0.854681
-0.7795    -0.856538
-0.778081    -0.858392
-0.776657    -0.860242
-0.775231    -0.862089
-0.7738    -0.863933
-0.772366    -0.865773
-0.770929    -0.867609
-0.769487    -0.869442
-0.768042    -0.871271
-0.766594    -0.873097
-0.765142    -0.874919
-0.763686    -0.876738
-0.762226    -0.878553
-0.760763    -0.880365
-0.759297    -0.882173
-0.757827    -0.883977
-0.756353    -0.885778
-0.754876    -0.887575
-0.753395    -0.889368
-0.75191    -0.891158
-0.750422    -0.892944
-0.74893    -0.894727
-0.747435    -0.896506
-0.745936    -0.898281
-0.744434    -0.900052
-0.742928    -0.90182
-0.741418    -0.903584
-0.739905    -0.905344
-0.738388    -0.907101
-0.736868    -0.908853
-0.735344    -0.910602
-0.733817    -0.912348
-0.732286    -0.914089
-0.730752    -0.915827
-0.729214    -0.917561
-0.727673    -0.919291
-0.726128    -0.921017
-0.72458    -0.92274
-0.723028    -0.924458
-0.721472    -0.926173
-0.719914    -0.927884
-0.718351    -0.929591
-0.716785    -0.931294
-0.715216    -0.932993
-0.713643    -0.934688
-0.712067    -0.93638
-0.710487    -0.938067
-0.708904    -0.939751
-0.707318    -0.94143
-0.705728    -0.943106
-0.704134    -0.944778
-0.702537    -0.946446
-0.700937    -0.948109
-0.699333    -0.949769
-0.697726    -0.951425
-0.696115    -0.953077
-0.694501    -0.954724
-0.692884    -0.956368
-0.691263    -0.958008
-0.689639    -0.959643
-0.688011    -0.961275
-0.68638    -0.962902
-0.684745    -0.964525
-0.683108    -0.966145
-0.681467    -0.96776
-0.679822    -0.969371
-0.678174    -0.970978
-0.676523    -0.972581
-0.674869    -0.974179
-0.673211    -0.975774
-0.67155    -0.977364
-0.669885    -0.97895
-0.668217    -0.980532
-0.666546    -0.98211
-0.664872    -0.983684
-0.663194    -0.985253
-0.661513    -0.986818
-0.659829    -0.988379
-0.658141    -0.989936
-0.65645    -0.991488
-0.654756    -0.993037
-0.653059    -0.994581
-0.651358    -0.99612
-0.649654    -0.997655
-0.647947    -0.999187
-0.646237    -1.00071
-0.644523    -1.00224
-0.642807    -1.00375
-0.641087    -1.00527
-0.639363    -1.00678
-0.637637    -1.00828
-0.635907    -1.00978
-0.634175    -1.01128
-0.632439    -1.01277
-0.6307    -1.01426
-0.628957    -1.01574
-0.627212    -1.01722
-0.625463    -1.01869
-0.623712    -1.02016
-0.621957    -1.02163
-0.620199    -1.02309
-0.618438    -1.02455
-0.616674    -1.026
-0.614906    -1.02745
-0.613136    -1.02889
-0.611363    -1.03033
-0.609586    -1.03176
-0.607807    -1.03319
-0.606024    -1.03462
-0.604238    -1.03604
-0.602449    -1.03745
-0.600658    -1.03886
-0.598863    -1.04027
-0.597065    -1.04167
-0.595264    -1.04307
-0.59346    -1.04446
-0.591653    -1.04585
-0.589843    -1.04724
-0.588031    -1.04862
-0.586215    -1.04999
-0.584396    -1.05136
-0.582574    -1.05273
-0.58075    -1.05409
-0.578922    -1.05544
-0.577091    -1.05679
-0.575258    -1.05814
-0.573422    -1.05948
-0.571582    -1.06082
-0.56974    -1.06215
-0.567895    -1.06348
-0.566047    -1.0648
-0.564196    -1.06612
-0.562342    -1.06743
-0.560486    -1.06874
-0.558626    -1.07005
-0.556764    -1.07135
-0.554899    -1.07264
-0.553031    -1.07393
-0.551161    -1.07521
-0.549287    -1.07649
-0.547411    -1.07777
-0.545532    -1.07904
-0.54365    -1.08031
-0.541765    -1.08157
-0.539878    -1.08282
-0.537988    -1.08407
-0.536095    -1.08532
-0.5342    -1.08656
-0.532301    -1.0878
-0.5304    -1.08903
-0.528497    -1.09026
-0.52659    -1.09148
-0.524681    -1.09269
-0.52277    -1.09391
-0.520855    -1.09511
-0.518938    -1.09631
-0.517019    -1.09751
-0.515096    -1.0987
-0.513172    -1.09989
-0.511244    -1.10107
-0.509314    -1.10225
-0.507381    -1.10342
-0.505446    -1.10459
-0.503508    -1.10575
-0.501568    -1.10691
-0.499625    -1.10806
-0.497679    -1.10921
-0.495731    -1.11035
-0.493781    -1.11149
-0.491828    -1.11262
-0.489872    -1.11375
-0.487914    -1.11487
-0.485954    -1.11598
-0.483991    -1.11709
-0.482026    -1.1182
-0.480058    -1.1193
-0.478088    -1.1204
-0.476115    -1.12149
-0.47414    -1.12258
-0.472162    -1.12366
-0.470182    -1.12473
-0.4682    -1.1258
-0.466215    -1.12687
-0.464228    -1.12793
-0.462239    -1.12898
-0.460247    -1.13003
-0.458253    -1.13108
-0.456257    -1.13212
-0.454259    -1.13315
-0.452258    -1.13418
-0.450254    -1.13521
-0.448249    -1.13622
-0.446241    -1.13724
-0.444231    -1.13825
-0.442219    -1.13925
-0.440205    -1.14025
-0.438188    -1.14124
-0.436169    -1.14223
-0.434148    -1.14321
-0.432125    -1.14418
-0.430099    -1.14516
-0.428072    -1.14612
-0.426042    -1.14708
-0.42401    -1.14804
-0.421976    -1.14899
-0.41994    -1.14993
-0.417902    -1.15087
-0.415862    -1.15181
-0.41382    -1.15273
-0.411775    -1.15366
-0.409729    -1.15458
-0.40768    -1.15549
-0.40563    -1.1564
-0.403577    -1.1573
-0.401523    -1.15819
-0.399466    -1.15908
-0.397408    -1.15997
-0.395347    -1.16085
-0.393285    -1.16173
-0.391221    -1.1626
-0.389154    -1.16346
-0.387086    -1.16432
-0.385016    -1.16517
-0.382944    -1.16602
-0.38087    -1.16686
-0.378794    -1.1677
-0.376717    -1.16853
-0.374637    -1.16936
-0.372556    -1.17018
-0.370473    -1.17099
-0.368388    -1.1718
-0.366301    -1.1726
-0.364213    -1.1734
-0.362123    -1.1742
-0.36003    -1.17498
-0.357937    -1.17577
-0.355841    -1.17654
-0.353744    -1.17731
-0.351645    -1.17808
-0.349544    -1.17884
-0.347442    -1.17959
-0.345338    -1.18034
-0.343232    -1.18108
-0.341125    -1.18182
-0.339016    -1.18255
-0.336906    -1.18328
-0.334793    -1.184
-0.33268    -1.18472
-0.330564    -1.18543
-0.328447    -1.18613
-0.326329    -1.18683
-0.324209    -1.18752
-0.322087    -1.18821
-0.319964    -1.18889
-0.31784    -1.18957
-0.315714    -1.19024
-0.313586    -1.1909
-0.311457    -1.19156
-0.309327    -1.19222
-0.307195    -1.19287
-0.305062    -1.19351
-0.302927    -1.19415
-0.300791    -1.19478
-0.298654    -1.1954
-0.296515    -1.19602
-0.294375    -1.19664
-0.292233    -1.19724
-0.29009    -1.19785
-0.287946    -1.19844
-0.2858    -1.19904
-0.283654    -1.19962
-0.281506    -1.2002
-0.279356    -1.20078
-0.277206    -1.20134
-0.275054    -1.20191
-0.272901    -1.20247
-0.270747    -1.20302
-0.268591    -1.20356
-0.266435    -1.2041
-0.264277    -1.20464
-0.262118    -1.20517
-0.259958    -1.20569
-0.257797    -1.20621
-0.255634    -1.20672
-0.253471    -1.20722
-0.251306    -1.20772
-0.249141    -1.20822
-0.246974    -1.20871
-0.244806    -1.20919
-0.242638    -1.20967
-0.240468    -1.21014
-0.238297    -1.2106
-0.236125    -1.21106
-0.233953    -1.21152
-0.231779    -1.21196
-0.229604    -1.21241
-0.227429    -1.21284
-0.225252    -1.21327
-0.223075    -1.2137
-0.220897    -1.21412
-0.218718    -1.21453
-0.216538    -1.21494
-0.214357    -1.21534
-0.212175    -1.21574
-0.209993    -1.21613
-0.207809    -1.21651
-0.205625    -1.21689
-0.20344    -1.21726
-0.201255    -1.21763
-0.199068    -1.21799
-0.196881    -1.21835
-0.194693    -1.2187
-0.192504    -1.21904
-0.190315    -1.21938
-0.188125    -1.21971
-0.185935    -1.22004
-0.183743    -1.22036
-0.181551    -1.22067
-0.179359    -1.22098
-0.177166    -1.22128
-0.174972    -1.22158
-0.172777    -1.22187
-0.170582    -1.22216
-0.168387    -1.22244
-0.166191    -1.22271
-0.163994    -1.22298
-0.161797    -1.22324
-0.1596    -1.2235
-0.157402    -1.22375
-0.155203    -1.22399
-0.153004    -1.22423
-0.150805    -1.22446
-0.148605    -1.22469
-0.146405    -1.22491
-0.144204    -1.22513
-0.142003    -1.22533
-0.139802    -1.22554
-0.1376    -1.22574
-0.135398    -1.22593
-0.133196    -1.22611
-0.130993    -1.22629
-0.12879    -1.22647
-0.126586    -1.22663
-0.124383    -1.2268
-0.122179    -1.22695
-0.119975    -1.2271
-0.117771    -1.22725
-0.115566    -1.22739
-0.113361    -1.22752
-0.111157    -1.22765
-0.108952    -1.22777
-0.106746    -1.22788
-0.104541    -1.22799
-0.102335    -1.2281
-0.10013    -1.22819
-0.0979242    -1.22829
-0.0957184    -1.22837
-0.0935126    -1.22845
-0.0913067    -1.22853
-0.0891008    -1.22859
-0.0868948    -1.22866
-0.0846889    -1.22871
-0.0824829    -1.22876
-0.080277    -1.22881
-0.078071    -1.22885
-0.0758652    -1.22888
-0.0736594    -1.22891
-0.0714536    -1.22893
-0.069248    -1.22894
-0.0670425    -1.22895
-0.064837    -1.22896
-0.0626318    -1.22895
-0.0604266    -1.22894
-0.0582216    -1.22893
-0.0560168    -1.22891
-0.0538122    -1.22888
-0.0516078    -1.22885
-0.0494036    -1.22882
-0.0471996    -1.22877
-0.0449959    -1.22872
-0.0427925    -1.22867
-0.0405893    -1.22861
-0.0383864    -1.22854
-0.0361838    -1.22847
-0.0339815    -1.22839
-0.0317796    -1.2283
-0.029578    -1.22821
-0.0273768    -1.22812
-0.0251759    -1.22801
-0.0229754    -1.22791
-0.0207754    -1.22779
-0.0185757    -1.22767
-0.0163765    -1.22755
-0.0141777    -1.22741
-0.0119794    -1.22728
-0.00978158    -1.22713
-0.00758423    -1.22698
-0.00538738    -1.22683
-0.00319104    -1.22667
-0.00099524    -1.2265
0.00120002    -1.22633
0.00339472    -1.22615
0.00558885    -1.22597
0.00778239    -1.22578
0.00997534    -1.22558
0.0121677    -1.22538
0.0143594    -1.22517
0.0165504    -1.22496
0.0187408    -1.22474
0.0209306    -1.22451
0.0231196    -1.22428
0.025308    -1.22405
0.0274956    -1.2238
0.0296825    -1.22356
0.0318687    -1.2233
0.0340541    -1.22304
0.0362387    -1.22278
0.0384226    -1.2225
0.0406057    -1.22223
0.042788    -1.22194
0.0449694    -1.22165
0.04715    -1.22136
0.0493298    -1.22106
0.0515086    -1.22075
0.0536867    -1.22044
0.0558638    -1.22012
0.05804    -1.2198
0.0602153    -1.21947
0.0623897    -1.21913
0.0645631    -1.21879
0.0667355    -1.21845
0.068907    -1.21809
0.0710775    -1.21773
0.073247    -1.21737
0.0754155    -1.217
0.077583    -1.21663
0.0797494    -1.21624
0.0819147    -1.21586
0.084079    -1.21546
0.0862422    -1.21507
0.0884043    -1.21466
0.0905653    -1.21425
0.0927252    -1.21383
0.094884    -1.21341
0.0970416    -1.21299
0.099198    -1.21255
0.101353    -1.21211
0.103507    -1.21167
0.10566    -1.21122
0.107812    -1.21076
0.109962    -1.2103
0.112112    -1.20983
0.114259    -1.20936
0.116406    -1.20888
0.118552    -1.2084
0.120696    -1.20791
0.122838    -1.20741
0.12498    -1.20691
0.12712    -1.20641
0.129259    -1.20589
0.131396    -1.20537
0.133532    -1.20485
0.135667    -1.20432
0.1378    -1.20379
0.139932    -1.20324
0.142063    -1.2027
0.144192    -1.20215
0.146319    -1.20159
0.148445    -1.20102
0.15057    -1.20046
0.152693    -1.19988
0.154815    -1.1993
0.156935    -1.19872
0.159053    -1.19812
0.16117    -1.19753
0.163286    -1.19692
0.1654    -1.19632
0.167512    -1.1957
0.169623    -1.19508
0.171732    -1.19446
0.17384    -1.19383
0.175946    -1.19319
0.17805    -1.19255
0.180153    -1.1919
0.182254    -1.19125
0.184353    -1.19059
0.186451    -1.18993
0.188547    -1.18926
0.190641    -1.18859
0.192733    -1.18791
0.194824    -1.18722
0.196913    -1.18653
0.199    -1.18583
0.201086    -1.18513
0.203169    -1.18442
0.205251    -1.18371
0.207331    -1.18299
0.20941    -1.18227
0.211486    -1.18154
0.213561    -1.1808
0.215634    -1.18006
0.217704    -1.17932
0.219774    -1.17856
0.221841    -1.17781
0.223906    -1.17704
0.225969    -1.17628
0.228031    -1.1755
0.23009    -1.17473
0.232147    -1.17394
0.234203    -1.17315
0.236257    -1.17236
0.238308    -1.17156
0.240358    -1.17075
0.242405    -1.16994
0.244451    -1.16913
0.246494    -1.16831
0.248536    -1.16748
0.250575    -1.16665
0.252613    -1.16581
0.254648    -1.16497
0.256681    -1.16412
0.258713    -1.16327
0.260742    -1.16241
0.262768    -1.16154
0.264793    -1.16067
0.266816    -1.1598
0.268836    -1.15892
0.270855    -1.15803
0.272871    -1.15714
0.274885    -1.15625
0.276897    -1.15535
0.278906    -1.15444
0.280914    -1.15353
0.282919    -1.15261
0.284922    -1.15169
0.286922    -1.15076
0.288921    -1.14983
0.290917    -1.14889
0.292911    -1.14795
0.294902    -1.147
0.296892    -1.14605
0.298879    -1.14509
0.300863    -1.14413
0.302846    -1.14316
0.304826    -1.14219
0.306803    -1.14121
0.308778    -1.14023
0.310751    -1.13924
0.312722    -1.13824
0.31469    -1.13724
0.316656    -1.13624
0.318619    -1.13523
0.32058    -1.13421
0.322538    -1.13319
0.324494    -1.13217
0.326448    -1.13114
0.328399    -1.13011
0.330348    -1.12907
0.332294    -1.12802
0.334238    -1.12697
0.336179    -1.12592
0.338117    -1.12486
0.340054    -1.12379
0.341987    -1.12272
0.343918    -1.12165
0.345847    -1.12057
0.347773    -1.11948
0.349696    -1.11839
0.351617    -1.1173
0.353535    -1.1162
0.355451    -1.11509
0.357364    -1.11398
0.359275    -1.11287
0.361182    -1.11175
0.363088    -1.11062
0.36499    -1.10949
0.36689    -1.10836
0.368787    -1.10722
0.370682    -1.10607
0.372574    -1.10493
0.374463    -1.10377
0.37635    -1.10261
0.378234    -1.10145
0.380115    -1.10028
0.381993    -1.09911
0.383869    -1.09793
0.385742    -1.09675
0.387612    -1.09556
0.389479    -1.09437
0.391344    -1.09317
0.393206    -1.09197
0.395065    -1.09076
0.396922    -1.08955
0.398775    -1.08833
0.400626    -1.08711
0.402474    -1.08588
0.404319    -1.08465
0.406162    -1.08342
0.408001    -1.08218
0.409838    -1.08093
0.411671    -1.07968
0.413502    -1.07843
0.415331    -1.07717
0.417156    -1.07591
0.418978    -1.07464
0.420797    -1.07337
0.422614    -1.07209
0.424428    -1.07081
0.426238    -1.06952
0.428046    -1.06823
0.429851    -1.06693
0.431653    -1.06563
0.433452    -1.06433
0.435248    -1.06302
0.437041    -1.0617
0.438831    -1.06038
0.440618    -1.05906
0.442403    -1.05773
0.444184    -1.0564
0.445962    -1.05506
0.447737    -1.05372
0.449509    -1.05237
0.451279    -1.05102
0.453045    -1.04967
0.454808    -1.04831
0.456568    -1.04695
0.458325    -1.04558
0.460079    -1.0442
0.46183    -1.04283
0.463578    -1.04144
0.465323    -1.04006
0.467064    -1.03867
0.468803    -1.03727
0.470539    -1.03587
0.472271    -1.03447
0.474    -1.03306
0.475727    -1.03165
0.47745    -1.03023
0.47917    -1.02881
0.480887    -1.02738
0.482601    -1.02595
0.484311    -1.02452
0.486019    -1.02308
0.487723    -1.02164
0.489424    -1.02019
0.491122    -1.01874
0.492817    -1.01728
0.494509    -1.01582
0.496197    -1.01436
0.497882    -1.01289
0.499565    -1.01141
0.501243    -1.00994
0.502919    -1.00846
0.504592    -1.00697
0.506261    -1.00548
0.507927    -1.00399
0.50959    -1.00249
0.511249    -1.00098
0.512906    -0.999478
0.514559    -0.997967
0.516209    -0.996452
0.517855    -0.994933
0.519498    -0.99341
0.521139    -0.991883
0.522775    -0.990351
0.524409    -0.988816
0.526039    -0.987276
0.527666    -0.985732
0.52929    -0.984184
0.53091    -0.982632
0.532527    -0.981076
0.534141    -0.979516
0.535751    -0.977952
0.537358    -0.976384
0.538962    -0.974812
0.540563    -0.973236
0.54216    -0.971656
0.543754    -0.970072
0.545344    -0.968484
0.546931    -0.966891
0.548515    -0.965295
0.550096    -0.963695
0.551673    -0.962092
0.553246    -0.960484
0.554817    -0.958872
0.556384    -0.957256
0.557947    -0.955637
0.559508    -0.954013
0.561064    -0.952386
0.562618    -0.950754
0.564168    -0.949119
0.565715    -0.94748
0.567258    -0.945838
0.568798    -0.944191
0.570334    -0.94254
0.571867    -0.940886
0.573397    -0.939228
0.574923    -0.937566
0.576446    -0.9359
0.577965    -0.934231
0.579481    -0.932558
0.580994    -0.930881
0.582503    -0.9292
0.584008    -0.927516
0.58551    -0.925827
0.587009    -0.924135
0.588504    -0.92244
0.589996    -0.92074
0.591485    -0.919037
0.59297    -0.917331
0.594451    -0.91562
0.595929    -0.913906
0.597403    -0.912189
0.598874    -0.910467
0.600342    -0.908742
0.601806    -0.907014
0.603267    -0.905282
0.604724    -0.903546
0.606177    -0.901806
0.607627    -0.900063
0.609074    -0.898317
0.610517    -0.896567
0.611957    -0.894813
0.613393    -0.893056
0.614826    -0.891295
0.616255    -0.889531
0.61768    -0.887763
0.619102    -0.885992
0.620521    -0.884217
0.621936    -0.882439
0.623347    -0.880657
0.624755    -0.878872
0.62616    -0.877083
0.627561    -0.875291
0.628958    -0.873495
0.630352    -0.871696
0.631742    -0.869894
0.633129    -0.868088
0.634512    -0.866279
0.635892    -0.864466
0.637268    -0.86265
0.638641    -0.860831
0.64001    -0.859008
0.641376    -0.857182
0.642738    -0.855353
0.644096    -0.85352
0.645451    -0.851684
0.646802    -0.849845
0.64815    -0.848002
0.649494    -0.846156
0.650835    -0.844307
0.652172    -0.842454
0.653505    -0.840599
0.654835    -0.838739
0.656162    -0.836877
0.657484    -0.835012
0.658804    -0.833143
0.660119    -0.831271
0.661431    -0.829396
0.66274    -0.827518
0.664045    -0.825636
0.665346    -0.823751
0.666644    -0.821864
0.667938    -0.819973
0.669229    -0.818078
0.670516    -0.816181
0.671799    -0.814281
0.673079    -0.812377
0.674355    -0.810471
0.675628    -0.808561
0.676897    -0.806648
0.678162    -0.804732
0.679424    -0.802813
0.680683    -0.800891
0.681937    -0.798966
0.683188    -0.797038
0.684436    -0.795107
0.68568    -0.793173
0.68692    -0.791235
0.688157    -0.789295
0.68939    -0.787352
0.69062    -0.785406
0.691846    -0.783457
0.693068    -0.781505
0.694287    -0.77955
0.695502    -0.777592
0.696713    -0.775631
0.697921    -0.773667
0.699126    -0.7717
0.700327    -0.769731
0.701524    -0.767758
0.702717    -0.765783
0.703907    -0.763804
0.705094    -0.761823
0.706276    -0.759839
0.707456    -0.757852
0.708631    -0.755863
0.709803    -0.75387
0.710972    -0.751875
0.712136    -0.749877
0.713298    -0.747876
0.714455    -0.745872
0.715609    -0.743865
0.71676    -0.741856
0.717906    -0.739844
0.71905    -0.737829
0.720189    -0.735812
0.721325    -0.733791
0.722458    -0.731768
0.723586    -0.729743
0.724712    -0.727714
0.725833    -0.725683
0.726951    -0.723649
0.728066    -0.721613
0.729177    -0.719574
0.730284    -0.717532
0.731387    -0.715487
0.732488    -0.71344
0.733584    -0.711391
0.734677    -0.709338
0.735766    -0.707283
0.736852    -0.705226
0.737934    -0.703166
0.739013    -0.701103
0.740088    -0.699038
0.741159    -0.69697
0.742227    -0.694899
0.743291    -0.692827
0.744352    -0.690751
0.745409    -0.688673
0.746462    -0.686593
0.747512    -0.68451
0.748558    -0.682424
0.749601    -0.680336
0.75064    -0.678246
0.751676    -0.676153
0.752708    -0.674057
0.753736    -0.671959
0.754761    -0.669859
0.755783    -0.667756
0.7568    -0.665651
0.757815    -0.663544
0.758825    -0.661434
0.759832    -0.659321
0.760836    -0.657207
0.761836    -0.65509
0.762832    -0.65297
0.763825    -0.650848
0.764814    -0.648724
0.7658    -0.646598
0.766782    -0.644469
0.767761    -0.642338
0.768736    -0.640204
0.769708    -0.638068
0.770676    -0.63593
0.77164    -0.63379
0.772601    -0.631647
0.773559    -0.629502
0.774513    -0.627355
0.775463    -0.625206
0.77641    -0.623054
0.777353    -0.6209
0.778293    -0.618744
0.779229    -0.616586
0.780162    -0.614426
0.781091    -0.612263
0.782017    -0.610098
0.782939    -0.607931
0.783858    -0.605762
0.784773    -0.603591
0.785685    -0.601417
0.786593    -0.599242
0.787498    -0.597064
0.788399    -0.594884
0.789297    -0.592702
0.790191    -0.590518
0.791082    -0.588332
0.791969    -0.586144
0.792853    -0.583953
0.793733    -0.581761
0.79461    -0.579566
0.795483    -0.57737
0.796353    -0.575171
0.797219    -0.572971
0.798082    -0.570768
0.798942    -0.568564
0.799798    -0.566357
0.80065    -0.564149
0.801499    -0.561938
0.802345    -0.559726
0.803187    -0.557511
0.804026    -0.555295
0.804861    -0.553076
0.805693    -0.550856
0.806521    -0.548634
0.807346    -0.54641
0.808168    -0.544183
0.808986    -0.541955
0.8098    -0.539726
0.810612    -0.537494
0.811419    -0.53526
0.812224    -0.533025
0.813025    -0.530787
0.813822    -0.528548
0.814617    -0.526307
0.815407    -0.524064
0.816195    -0.521819
0.816979    -0.519573
0.817759    -0.517325
0.818537    -0.515075
0.81931    -0.512823
0.820081    -0.510569
0.820848    -0.508314
0.821612    -0.506056
0.822372    -0.503797
0.823129    -0.501537
0.823882    -0.499274
0.824633    -0.49701
0.825379    -0.494744
0.826123    -0.492477
0.826863    -0.490207
0.8276    -0.487936
0.828333    -0.485664
0.829064    -0.483389
0.82979    -0.481113
0.830514    -0.478836
0.831234    -0.476556
0.831951    -0.474275
0.832665    -0.471993
0.833375    -0.469709
0.834082    -0.467423
0.834785    -0.465135
0.835486    -0.462846
0.836183    -0.460556
0.836876    -0.458264
0.837567    -0.45597
0.838254    -0.453675
0.838938    -0.451378
0.839618    -0.449079
0.840296    -0.44678
0.84097    -0.444478
0.84164    -0.442175
0.842308    -0.439871
0.842972    -0.437565
0.843633    -0.435257
0.844291    -0.432948
0.844946    -0.430638
0.845597    -0.428326
0.846245    -0.426013
0.84689    -0.423698
0.847531    -0.421381
0.84817    -0.419064
0.848805    -0.416745
0.849437    -0.414424
0.850066    -0.412102
0.850691    -0.409779
0.851314    -0.407454
0.851933    -0.405128
0.852549    -0.402801
0.853162    -0.400472
0.853772    -0.398142
0.854378    -0.39581
0.854981    -0.393477
0.855581    -0.391143
0.856178    -0.388808
0.856772    -0.386471
0.857363    -0.384133
0.857951    -0.381793
0.858535    -0.379452
0.859116    -0.37711
0.859694    -0.374767
0.86027    -0.372422
0.860841    -0.370077
0.86141    -0.36773
0.861976    -0.365381
0.862539    -0.363032
0.863098    -0.360681
0.863655    -0.358329
0.864208    -0.355976
0.864758    -0.353621
0.865305    -0.351266
0.865849    -0.348909
0.86639    -0.346551
0.866928    -0.344192
0.867463    -0.341832
0.867995    -0.339471
0.868524    -0.337108
0.86905    -0.334744
0.869573    -0.33238
0.870092    -0.330014
0.870609    -0.327647
0.871123    -0.325279
0.871634    -0.322909
0.872141    -0.320539
0.872646    -0.318168
0.873148    -0.315795
0.873646    -0.313422
0.874142    -0.311047
0.874635    -0.308672
0.875125    -0.306295
0.875611    -0.303918
0.876095    -0.301539
0.876576    -0.299159
0.877054    -0.296779
0.877529    -0.294397
0.878001    -0.292014
0.87847    -0.289631
0.878936    -0.287246
0.8794    -0.284861
0.87986    -0.282474
0.880317    -0.280087
0.880772    -0.277698
0.881224    -0.275309
0.881672    -0.272919
0.882118    -0.270528
0.882561    -0.268136
0.883001    -0.265743
0.883439    -0.263349
0.883873    -0.260954
0.884305    -0.258559
0.884733    -0.256162
0.885159    -0.253765
0.885582    -0.251367
0.886002    -0.248968
0.88642    -0.246568
0.886834    -0.244167
0.887246    -0.241766
0.887655    -0.239363
0.888061    -0.23696
0.888464    -0.234557
0.888865    -0.232152
0.889263    -0.229746
0.889658    -0.22734
0.89005    -0.224933
0.890439    -0.222526
0.890826    -0.220117
0.89121    -0.217708
0.891591    -0.215298
0.89197    -0.212887
0.892345    -0.210476
0.892718    -0.208064
0.893089    -0.205651
0.893456    -0.203238
0.893821    -0.200823
0.894183    -0.198409
0.894543    -0.195993
0.8949    -0.193577
0.895254    -0.19116
0.895605    -0.188743
0.895954    -0.186325
0.8963    -0.183906
0.896644    -0.181487
0.896985    -0.179067
0.897323    -0.176646
0.897658    -0.174225
0.897991    -0.171803
0.898322    -0.169381
0.898649    -0.166958
0.898974    -0.164535
0.899297    -0.162111
0.899617    -0.159686
0.899934    -0.157261
0.900249    -0.154835
0.900561    -0.152409
0.900871    -0.149982
0.901178    -0.147555
0.901482    -0.145127
0.901784    -0.142699
0.902084    -0.14027
0.902381    -0.137841
0.902675    -0.135412
0.902967    -0.132981
0.903256    -0.130551
0.903543    -0.12812
0.903828    -0.125688
0.90411    -0.123256
0.904389    -0.120824
0.904666    -0.118391
0.90494    -0.115958
0.905212    -0.113524
0.905482    -0.11109
0.905749    -0.108656
0.906014    -0.106221
0.906276    -0.103786
0.906536    -0.10135
0.906793    -0.0989145
0.907048    -0.0964783
0.907301    -0.0940417
0.907551    -0.0916048
0.907799    -0.0891675
0.908044    -0.0867299
0.908288    -0.084292
0.908528    -0.0818538
0.908767    -0.0794152
0.909003    -0.0769764
0.909236    -0.0745373
0.909468    -0.0720979
0.909697    -0.0696583
0.909923    -0.0672183
0.910148    -0.0647782
0.91037    -0.0623377
0.91059    -0.059897
0.910807    -0.0574561
0.911022    -0.055015
0.911235    -0.0525736
0.911446    -0.050132
0.911654    -0.0476903
0.911861    -0.0452483
0.912065    -0.0428061
0.912266    -0.0403637
0.912466    -0.0379212
0.912663    -0.0354785
0.912858    -0.0330356
0.913051    -0.0305926
0.913241    -0.0281494
0.91343    -0.0257061
0.913616    -0.0232627
0.9138    -0.0208191
0.913982    -0.0183754
0.914162    -0.0159316
0.914339    -0.0134877
0.914515    -0.0110437
0.914688    -0.00859958
0.914859    -0.00615539
0.915029    -0.00371114
0.915195    -0.00126681
0.91536    0.00117758
0.915523    0.00362202
0.915684    0.00606651
0.915842    0.00851104
0.915999    0.0109556
0.916153    0.0134002
0.916306    0.0158448
0.916456    0.0182894
0.916604    0.0207341
0.916751    0.0231787
0.916895    0.0256233
0.917037    0.0280679
0.917178    0.0305125
0.917316    0.032957
0.917452    0.0354015
0.917586    0.037846
0.917719    0.0402904
0.917849    0.0427347
0.917977    0.045179
0.918104    0.0476232
0.918228    0.0500673
0.918351    0.0525114
0.918471    0.0549553
0.91859    0.0573992
0.918707    0.0598429
0.918822    0.0622865
0.918935    0.06473
0.919046    0.0671734
0.919155    0.0696166
0.919262    0.0720597
0.919368    0.0745027
0.919472    0.0769455
0.919573    0.0793881
0.919673    0.0818305
0.919771    0.0842728
0.919868    0.0867149
0.919962    0.0891568
0.920055    0.0915985
0.920146    0.09404
0.920235    0.0964813
0.920322    0.0989224
0.920408    0.101363
0.920492    0.103804
0.920574    0.106244
0.920654    0.108684
0.920733    0.111124
0.92081    0.113564
0.920885    0.116003
0.920958    0.118442
0.92103    0.120881
0.9211    0.12332
0.921168    0.125758
0.921235    0.128196
0.9213    0.130633
0.921364    0.133071
0.921425    0.135508
0.921485    0.137944
0.921544    0.140381
0.921601    0.142817
0.921656    0.145252
0.92171    0.147687
0.921762    0.150122
0.921812    0.152557
0.921861    0.154991
0.921908    0.157425
0.921954    0.159858
0.921998    0.162291
0.922041    0.164724
0.922082    0.167156
0.922121    0.169588
0.92216    0.172019
0.922196    0.17445
0.922231    0.176881
0.922265    0.179311
0.922297    0.181741
0.922327    0.18417
0.922356    0.186599
0.922384    0.189027
0.92241    0.191455
0.922435    0.193882
0.922459    0.196309
0.922481    0.198735
0.922501    0.201161
0.92252    0.203586
0.922538    0.206011
0.922554    0.208435
0.922569    0.210859
0.922583    0.213283
0.922595    0.215705
0.922606    0.218127
0.922616    0.220549
0.922624    0.22297
0.922631    0.225391
0.922637    0.227811
0.922641    0.23023
0.922644    0.232649
0.922646    0.235067
0.922646    0.237485
0.922645    0.239902
0.922643    0.242318
0.92264    0.244734
0.922635    0.247149
0.92263    0.249564
0.922623    0.251978
0.922614    0.254391
0.922605    0.256804
0.922594    0.259216
0.922583    0.261627
0.92257    0.264038
0.922555    0.266448
0.92254    0.268857
0.922524    0.271266
0.922506    0.273674
0.922488    0.276081
0.922468    0.278488
0.922447    0.280893
0.922425    0.283299
0.922402    0.285703
0.922377    0.288107
0.922352    0.29051
0.922326    0.292912
0.922298    0.295314
0.92227    0.297714
0.922241    0.300114
0.92221    0.302514
0.922179    0.304912
0.922146    0.30731
0.922112    0.309707
0.922078    0.312103
0.922042    0.314498
0.922006    0.316893
0.921969    0.319287
0.92193    0.32168
0.921891    0.324072
0.921851    0.326463
0.92181    0.328854
0.921767    0.331244
0.921724    0.333632
0.921681    0.33602
0.921636    0.338408
0.92159    0.340794
0.921544    0.343179
0.921496    0.345564
0.921448    0.347948
0.921399    0.350331
0.921349    0.352712
0.921299    0.355094
0.921247    0.357474
0.921195    0.359853
0.921142    0.362231
0.921088    0.364609
0.921033    0.366985
0.920978    0.369361
0.920922    0.371736
0.920865    0.374109
0.920807    0.376482
0.920749    0.378854
0.92069    0.381225
0.92063    0.383595
0.920569    0.385964
0.920508    0.388332
0.920446    0.390699
0.920384    0.393065
0.920321    0.39543
0.920257    0.397794
0.920193    0.400157
0.920127    0.402519
0.920062    0.40488
0.919996    0.40724
0.919929    0.409599
0.919861    0.411957
0.919793    0.414314
0.919725    0.41667
0.919655    0.419025
0.919586    0.421379
0.919515    0.423732
0.919445    0.426083
0.919373    0.428434
0.919301    0.430784
0.919229    0.433132
0.919156    0.43548
0.919083    0.437826
0.919009    0.440171
0.918935    0.442515
0.91886    0.444858
0.918785    0.4472
0.91871    0.449541
0.918634    0.451881
0.918557    0.45422
0.91848    0.456557
0.918403    0.458893
0.918326    0.461229
0.918248    0.463563
0.918169    0.465896
0.918091    0.468227
0.918012    0.470558
0.917932    0.472887
0.917853    0.475215
0.917773    0.477543
0.917692    0.479868
0.917612    0.482193
0.917531    0.484517
0.91745    0.486839
0.917368    0.48916
0.917287    0.49148
0.917205    0.493799
0.917123    0.496116
0.91704    0.498432
0.916958    0.500747
0.916875    0.503061
0.916792    0.505374
0.916709    0.507685
0.916625    0.509995
0.916542    0.512304
0.916458    0.514611
0.916374    0.516917
0.91629    0.519222
0.916206    0.521526
0.916122    0.523828
0.916038    0.52613
0.915953    0.528429
0.915869    0.530728
0.915784    0.533025
0.915699    0.535321
0.915615    0.537616
0.91553    0.539909
0.915445    0.542201
0.91536    0.544492
0.915275    0.546781
0.915191    0.549069
0.915106    0.551356
0.915021    0.553641
0.914936    0.555925
0.914851    0.558208
