-1.01713    0.822261
-1.01732    0.820097
-1.01751    0.817931
-1.01769    0.815764
-1.01788    0.813595
-1.01807    0.811424
-1.01826    0.809252
-1.01845    0.807078
-1.01864    0.804902
-1.01883    0.802725
-1.01902    0.800546
-1.01922    0.798365
-1.01941    0.796182
-1.01961    0.793998
-1.0198    0.791812
-1.02    0.789625
-1.02019    0.787436
-1.02039    0.785245
-1.02059    0.783052
-1.02078    0.780858
-1.02098    0.778662
-1.02118    0.776465
-1.02138    0.774266
-1.02158    0.772065
-1.02178    0.769863
-1.02198    0.767659
-1.02219    0.765453
-1.02239    0.763246
-1.02259    0.761037
-1.02279    0.758827
-1.023    0.756615
-1.0232    0.754401
-1.02341    0.752186
-1.02361    0.749969
-1.02382    0.74775
-1.02402    0.74553
-1.02423    0.743309
-1.02444    0.741085
-1.02464    0.73886
-1.02485    0.736634
-1.02506    0.734406
-1.02527    0.732177
-1.02547    0.729945
-1.02568    0.727713
-1.02589    0.725479
-1.0261    0.723243
-1.02631    0.721005
-1.02652    0.718767
-1.02673    0.716526
-1.02694    0.714284
-1.02715    0.712041
-1.02736    0.709796
-1.02758    0.707549
-1.02779    0.705301
-1.028    0.703052
-1.02821    0.7008
-1.02842    0.698548
-1.02864    0.696294
-1.02885    0.694038
-1.02906    0.691781
-1.02927    0.689522
-1.02949    0.687262
-1.0297    0.685001
-1.02991    0.682738
-1.03013    0.680473
-1.03034    0.678207
-1.03055    0.67594
-1.03077    0.673671
-1.03098    0.6714
-1.0312    0.669128
-1.03141    0.666855
-1.03162    0.66458
-1.03184    0.662304
-1.03205    0.660026
-1.03227    0.657747
-1.03248    0.655467
-1.03269    0.653185
-1.03291    0.650902
-1.03312    0.648617
-1.03334    0.646331
-1.03355    0.644043
-1.03377    0.641754
-1.03398    0.639464
-1.03419    0.637172
-1.03441    0.634878
-1.03462    0.632584
-1.03483    0.630288
-1.03505    0.62799
-1.03526    0.625692
-1.03547    0.623392
-1.03569    0.62109
-1.0359    0.618787
-1.03611    0.616483
-1.03632    0.614177
-1.03654    0.61187
-1.03675    0.609562
-1.03696    0.607253
-1.03717    0.604942
-1.03738    0.602629
-1.0376    0.600316
-1.03781    0.598001
-1.03802    0.595684
-1.03823    0.593367
-1.03844    0.591048
-1.03865    0.588728
-1.03886    0.586406
-1.03907    0.584083
-1.03928    0.581759
-1.03949    0.579434
-1.03969    0.577107
-1.0399    0.574779
-1.04011    0.57245
-1.04032    0.570119
-1.04052    0.567788
-1.04073    0.565455
-1.04094    0.56312
-1.04114    0.560785
-1.04135    0.558448
-1.04155    0.55611
-1.04176    0.55377
-1.04196    0.55143
-1.04217    0.549088
-1.04237    0.546745
-1.04257    0.544401
-1.04277    0.542056
-1.04298    0.539709
-1.04318    0.537361
-1.04338    0.535012
-1.04358    0.532662
-1.04378    0.53031
-1.04398    0.527958
-1.04418    0.525604
-1.04437    0.523249
-1.04457    0.520893
-1.04477    0.518535
-1.04496    0.516177
-1.04516    0.513817
-1.04536    0.511456
-1.04555    0.509094
-1.04574    0.506731
-1.04594    0.504367
-1.04613    0.502001
-1.04632    0.499635
-1.04651    0.497267
-1.0467    0.494898
-1.04689    0.492528
-1.04708    0.490157
-1.04727    0.487785
-1.04746    0.485412
-1.04765    0.483037
-1.04783    0.480662
-1.04802    0.478285
-1.0482    0.475908
-1.04839    0.473529
-1.04857    0.471149
-1.04875    0.468768
-1.04893    0.466386
-1.04911    0.464003
-1.04929    0.461619
-1.04947    0.459234
-1.04965    0.456848
-1.04983    0.454461
-1.05001    0.452073
-1.05018    0.449684
-1.05036    0.447293
-1.05053    0.444902
-1.0507    0.44251
-1.05088    0.440116
-1.05105    0.437722
-1.05122    0.435327
-1.05139    0.43293
-1.05156    0.430533
-1.05172    0.428135
-1.05189    0.425736
-1.05206    0.423335
-1.05222    0.420934
-1.05238    0.418532
-1.05255    0.416129
