0.914766    0.560489
0.914682    0.562769
0.914597    0.565047
0.914512    0.567324
0.914428    0.5696
0.914344    0.571874
0.914259    0.574147
0.914175    0.576419
0.914091    0.578689
0.914007    0.580958
0.913923    0.583225
0.913839    0.585491
0.913756    0.587756
0.913673    0.590019
0.91359    0.592281
0.913507    0.594541
0.913424    0.5968
0.913341    0.599057
0.913259    0.601313
0.913177    0.603567
0.913095    0.60582
0.913013    0.608072
0.912932    0.610322
0.912851    0.612571
0.91277    0.614818
0.91269    0.617063
0.912609    0.619307
0.912529    0.62155
0.91245    0.623791
0.912371    0.626031
0.912292    0.628269
0.912213    0.630506
0.912135    0.632741
0.912057    0.634974
0.91198    0.637207
0.911903    0.639437
0.911826    0.641666
0.91175    0.643894
0.911674    0.64612
0.911599    0.648344
0.911524    0.650567
0.911449    0.652788
0.911375    0.655008
0.911301    0.657226
0.911228    0.659443
0.911156    0.661658
0.911084    0.663871
0.911012    0.666083
0.910941    0.668293
0.91087    0.670502
0.9108    0.672709
0.910731    0.674915
0.910662    0.677119
0.910594    0.679321
0.910526    0.681522
0.910459    0.683721
0.910392    0.685918
0.910326    0.688114
0.910261    0.690308
0.910196    0.692501
0.910132    0.694691
0.910069    0.696881
0.910006    0.699068
0.909944    0.701254
0.909883    0.703438
0.909822    0.705621
0.909762    0.707802
0.909703    0.709981
0.909644    0.712159
0.909586    0.714335
0.909529    0.716509
0.909473    0.718682
0.909417    0.720852
0.909362    0.723022
0.909308    0.725189
0.909255    0.727355
0.909203    0.729519
0.909151    0.731681
0.9091    0.733842
0.90905    0.736
0.909001    0.738158
0.908953    0.740313
0.908905    0.742467
0.908859    0.744619
0.908813    0.746769
0.908768    0.748917
0.908724    0.751064
0.908681    0.753209
0.908639    0.755352
0.908598    0.757493
0.908558    0.759633
0.908519    0.761771
0.90848    0.763907
0.908443    0.766041
0.908407    0.768174
0.908372    0.770304
0.908337    0.772433
0.908304    0.77456
0.908272    0.776685
0.90824    0.778809
0.90821    0.780931
0.908181    0.78305
0.908153    0.785168
0.908126    0.787285
0.9081    0.789399
0.908075    0.791511
0.908051    0.793622
0.908028    0.795731
0.908007    0.797838
0.907986    0.799943
0.907967    0.802046
0.907949    0.804148
0.907932    0.806247
0.907916    0.808345
0.907902    0.810441
0.907888    0.812535
0.907876    0.814627
0.907865    0.816717
0.907855    0.818805
0.907847    0.820891
0.907839    0.822976
0.907833    0.825058
0.907828    0.827139
0.907825    0.829218
0.907823    0.831295
0.907822    0.83337
0.907822    0.835443
0.907824    0.837514
0.907827    0.839583
0.907831    0.84165
0.907837    0.843715
0.907844    0.845778
0.907852    0.84784
0.907862    0.849899
0.907873    0.851957
0.907885    0.854012
0.907899    0.856066
0.907914    0.858117
0.907931    0.860167
0.907949    0.862214
0.907969    0.86426
0.90799    0.866304
0.908012    0.868345
0.908036    0.870385
0.908061    0.872423
0.908088    0.874458
0.908117    0.876492
0.908147    0.878523
0.908178    0.880553
0.908211    0.882581
0.908246    0.884606
0.908282    0.88663
0.908319    0.888651
0.908358    0.890671
0.908399    0.892688
0.908442    0.894703
0.908485    0.896717
0.908531    0.898728
0.908578    0.900737
0.908627    0.902744
0.908677    0.904749
0.908729    0.906752
0.908783    0.908753
0.908838    0.910752
0.908896    0.912749
0.908954    0.914744
0.909015    0.916736
0.909077    0.918727
0.909141    0.920715
0.909206    0.922701
0.909274    0.924686
0.909343    0.926668
0.909414    0.928648
0.909486    0.930626
0.90956    0.932601
0.909637    0.934575
0.909715    0.936546
0.909794    0.938516
0.909876    0.940483
