-0.538406    1.05
-0.537222    1.04878
-0.536041    1.04757
-0.534863    1.04635
-0.533687    1.04513
-0.532515    1.0439
-0.531346    1.04267
-0.53018    1.04144
-0.529017    1.0402
-0.527856    1.03896
-0.526699    1.03771
-0.525545    1.03646
-0.524394    1.03521
-0.523246    1.03395
-0.522101    1.03269
-0.520958    1.03143
-0.519819    1.03016
-0.518683    1.02889
-0.51755    1.02761
-0.51642    1.02633
-0.515292    1.02505
-0.514168    1.02376
-0.513047    1.02247
-0.511929    1.02118
-0.510813    1.01988
-0.509701    1.01858
-0.508592    1.01727
-0.507485    1.01597
-0.506382    1.01465
-0.505282    1.01334
-0.504184    1.01202
-0.50309    1.0107
-0.501998    1.00937
-0.50091    1.00804
-0.499824    1.00671
-0.498741    1.00537
-0.497662    1.00403
-0.496585    1.00268
-0.495511    1.00134
-0.494441    0.999984
-0.493373    0.998629
-0.492308    0.99727
-0.491246    0.995908
-0.490187    0.994542
-0.489131    0.993173
-0.488077    0.991801
-0.487027    0.990424
-0.48598    0.989045
-0.484935    0.987662
-0.483894    0.986275
-0.482856    0.984885
-0.48182    0.983491
-0.480787    0.982094
-0.479757    0.980693
-0.478731    0.979289
-0.477707    0.977882
-0.476685    0.976471
-0.475667    0.975057
-0.474652    0.973639
-0.47364    0.972218
-0.47263    0.970793
-0.471624    0.969365
-0.47062    0.967934
-0.469619    0.966499
-0.468621    0.96506
-0.467626    0.963619
-0.466634    0.962174
-0.465645    0.960725
-0.464658    0.959274
-0.463675    0.957819
-0.462694    0.95636
-0.461716    0.954898
-0.460741    0.953433
-0.459769    0.951965
-0.4588    0.950493
-0.457833    0.949018
-0.45687    0.947539
-0.455909    0.946057
-0.454951    0.944572
-0.453996    0.943084
-0.453044    0.941592
-0.452095    0.940097
-0.451148    0.938599
-0.450204    0.937098
-0.449263    0.935593
-0.448325    0.934085
-0.44739    0.932574
-0.446457    0.931059
-0.445528    0.929541
-0.444601    0.92802
-0.443677    0.926496
-0.442755    0.924968
-0.441837    0.923438
-0.440921    0.921904
-0.440008    0.920367
-0.439098    0.918826
-0.43819    0.917283
-0.437286    0.915736
-0.436384    0.914186
-0.435485    0.912633
-0.434588    0.911077
-0.433695    0.909517
-0.432804    0.907955
-0.431916    0.906389
-0.431031    0.90482
-0.430148    0.903248
-0.429268    0.901673
-0.428391    0.900095
-0.427517    0.898513
-0.426645    0.896929
-0.425776    0.895341
-0.42491    0.89375
-0.424046    0.892156
-0.423185    0.89056
-0.422327    0.888959
-0.421472    0.887356
-0.420619    0.88575
-0.419769    0.884141
-0.418922    0.882529
-0.418077    0.880913
-0.417235    0.879295
-0.416396    0.877673
-0.415559    0.876049
-0.414725    0.874421
-0.413894    0.87279
-0.413065    0.871157
-0.412239    0.86952
-0.411415    0.867881
-0.410595    0.866238
-0.409777    0.864592
-0.408961    0.862944
-0.408148    0.861292
-0.407338    0.859637
-0.406531    0.85798
-0.405726    0.856319
-0.404923    0.854655
-0.404123    0.852989
-0.403326    0.851319
-0.402532    0.849647
-0.40174    0.847972
-0.40095    0.846293
-0.400164    0.844612
-0.399379    0.842928
-0.398598    0.841241
-0.397819    0.839551
-0.397042    0.837858
-0.396268    0.836162
-0.395497    0.834463
-0.394728    0.832762
-0.393962    0.831057
-0.393198    0.82935
-0.392437    0.827639
-0.391678    0.825926
-0.390922    0.82421
-0.390168    0.822491
-0.389417    0.82077
-0.388669    0.819045
-0.387922    0.817318
-0.387179    0.815587
-0.386438    0.813854
-0.385699    0.812118
-0.384963    0.810379
-0.384229    0.808638
-0.383498    0.806894
-0.382769    0.805146
-0.382043    0.803396
-0.381319    0.801644
-0.380598    0.799888
-0.379879    0.79813
-0.379163    0.796369
-0.378449    0.794605
-0.377737    0.792838
-0.377028    0.791069
-0.376321    0.789296
-0.375617    0.787521
-0.374915    0.785744
-0.374216    0.783963
-0.373519    0.78218
-0.372824    0.780394
-0.372132    0.778606
-0.371442    0.776814
-0.370754    0.77502
-0.370069    0.773224
-0.369386    0.771424
-0.368706    0.769622
-0.368028    0.767817
-0.367352    0.76601
-0.366679    0.7642
-0.366008    0.762387
-0.365339    0.760571
-0.364673    0.758753
-0.364009    0.756932
-0.363347    0.755109
-0.362688    0.753283
-0.362031    0.751454
-0.361376    0.749623
-0.360723    0.747789
-0.360073    0.745952
-0.359425    0.744113
-0.35878    0.742271
-0.358136    0.740426
-0.357495    0.738579
-0.356856    0.736729
-0.35622    0.734877
-0.355585    0.733022
-0.354953    0.731165
-0.354323    0.729305
-0.353696    0.727442
-0.35307    0.725577
-0.352447    0.723709
-0.351826    0.721839
-0.351208    0.719966
-0.350591    0.718091
-0.349977    0.716213
-0.349364    0.714333
-0.348755    0.71245
-0.348147    0.710564
-0.347541    0.708676
-0.346938    0.706786
-0.346336    0.704893
-0.345737    0.702997
-0.34514    0.701099
-0.344545    0.699199
-0.343953    0.697296
-0.343362    0.69539
-0.342774    0.693482
-0.342187    0.691572
-0.341603    0.689659
-0.341021    0.687744
-0.340441    0.685826
-0.339863    0.683906
-0.339287    0.681983
-0.338713    0.680058
-0.338142    0.678131
-0.337572    0.676201
-0.337004    0.674269
-0.336439    0.672334
-0.335876    0.670397
-0.335314    0.668457
-0.334755    0.666515
-0.334197    0.664571
-0.333642    0.662624
-0.333089    0.660675
-0.332537    0.658724
-0.331988    0.65677
-0.331441    0.654814
-0.330895    0.652855
-0.330352    0.650894
-0.329811    0.648931
-0.329271    0.646965
-0.328734    0.644998
-0.328198    0.643027
-0.327665    0.641055
-0.327133    0.63908
-0.326604    0.637103
-0.326076    0.635123
-0.32555    0.633141
-0.325026    0.631157
-0.324504    0.629171
-0.323984    0.627182
-0.323466    0.625191
-0.32295    0.623198
-0.322436    0.621203
-0.321923    0.619205
-0.321412    0.617205
-0.320904    0.615203
-0.320397    0.613198
-0.319892    0.611191
-0.319388    0.609182
-0.318887    0.607171
-0.318388    0.605158
-0.31789    0.603142
-0.317394    0.601124
-0.3169    0.599104
-0.316408    0.597082
-0.315917    0.595057
-0.315428    0.593031
-0.314941    0.591002
-0.314456    0.588971
-0.313973    0.586938
-0.313491    0.584902
-0.313011    0.582865
-0.312533    0.580825
-0.312057    0.578783
-0.311582    0.576739
-0.311109    0.574693
-0.310638    0.572645
-0.310168    0.570595
-0.309701    0.568542
-0.309235    0.566488
-0.30877    0.564431
-0.308307    0.562372
-0.307846    0.560311
-0.307387    0.558248
-0.306929    0.556183
-0.306473    0.554116
-0.306019    0.552047
-0.305566    0.549975
-0.305115    0.547902
-0.304665    0.545826
-0.304217    0.543749
-0.303771    0.541669
-0.303326    0.539588
-0.302883    0.537504
-0.302442    0.535419
-0.302002    0.533331
-0.301564    0.531241
-0.301127    0.52915
-0.300692    0.527056
-0.300258    0.52496
-0.299826    0.522862
-0.299395    0.520763
-0.298966    0.518661
-0.298539    0.516557
-0.298113    0.514452
-0.297688    0.512344
-0.297265    0.510235
-0.296844    0.508123
-0.296424    0.50601
-0.296005    0.503894
-0.295588    0.501777
-0.295172    0.499658
-0.294758    0.497537
-0.294345    0.495414
-0.293934    0.493289
-0.293524    0.491162
-0.293116    0.489033
-0.292709    0.486902
-0.292303    0.48477
-0.291899    0.482635
-0.291496    0.480499
-0.291095    0.478361
-0.290695    0.476221
-0.290296    0.474079
-0.289899    0.471935
-0.289503    0.469789
-0.289109    0.467642
-0.288715    0.465493
-0.288324    0.463342
-0.287933    0.461189
-0.287544    0.459034
-0.287156    0.456877
-0.286769    0.454719
-0.286384    0.452559
-0.286    0.450397
-0.285617    0.448233
-0.285235    0.446068
-0.284855    0.443901
-0.284476    0.441732
-0.284099    0.439561
-0.283722    0.437388
-0.283347    0.435214
-0.282973    0.433038
-0.2826    0.43086
-0.282228    0.428681
-0.281858    0.4265
-0.281489    0.424317
-0.281121    0.422132
-0.280754    0.419946
-0.280388    0.417758
-0.280024    0.415568
-0.279661    0.413377
-0.279298    0.411184
-0.278937    0.408989
-0.278577    0.406792
-0.278219    0.404594
-0.277861    0.402395
-0.277504    0.400193
-0.277149    0.39799
-0.276794    0.395786
-0.276441    0.39358
-0.276089    0.391372
-0.275738    0.389162
-0.275388    0.386951
-0.275039    0.384739
-0.274691    0.382524
-0.274344    0.380308
-0.273998    0.378091
-0.273653    0.375872
-0.273309    0.373652
-0.272966    0.371429
-0.272624    0.369206
-0.272283    0.366981
-0.271943    0.364754
-0.271604    0.362526
-0.271266    0.360296
-0.270929    0.358064
-0.270593    0.355832
-0.270258    0.353597
-0.269923    0.351361
-0.26959    0.349124
-0.269258    0.346885
-0.268926    0.344645
-0.268596    0.342403
-0.268266    0.34016
-0.267937    0.337915
-0.267609    0.335669
-0.267282    0.333422
-0.266956    0.331173
-0.26663    0.328922
-0.266306    0.32667
-0.265982    0.324417
-0.265659    0.322162
-0.265337    0.319906
-0.265016    0.317649
-0.264695    0.31539
-0.264375    0.31313
-0.264056    0.310868
-0.263738    0.308605
-0.263421    0.306341
-0.263104    0.304075
-0.262788    0.301808
-0.262473    0.299539
-0.262159    0.29727
-0.261845    0.294999
-0.261532    0.292726
-0.26122    0.290452
-0.260908    0.288177
-0.260597    0.285901
-0.260287    0.283624
-0.259978    0.281345
-0.259669    0.279065
-0.259361    0.276783
-0.259053    0.2745
-0.258746    0.272216
-0.25844    0.269931
-0.258134    0.267645
-0.257829    0.265357
-0.257525    0.263068
-0.257221    0.260778
-0.256917    0.258487
-0.256615    0.256194
-0.256313    0.2539
-0.256011    0.251606
-0.25571    0.249309
-0.25541    0.247012
-0.25511    0.244714
-0.25481    0.242414
-0.254511    0.240113
-0.254213    0.237811
-0.253915    0.235508
-0.253618    0.233204
-0.253321    0.230899
-0.253024    0.228592
-0.252729    0.226285
-0.252433    0.223976
-0.252138    0.221666
-0.251843    0.219356
-0.251549    0.217044
-0.251256    0.214731
-0.250962    0.212417
-0.250669    0.210102
-0.250377    0.207785
-0.250085    0.205468
-0.249793    0.20315
-0.249502    0.200831
-0.249211    0.19851
-0.24892    0.196189
-0.24863    0.193867
-0.24834    0.191543
-0.24805    0.189219
-0.247761    0.186894
-0.247472    0.184568
-0.247183    0.18224
-0.246895    0.179912
-0.246607    0.177583
-0.246319    0.175253
-0.246031    0.172922
-0.245744    0.17059
-0.245457    0.168257
-0.24517    0.165923
-0.244884    0.163589
-0.244598    0.161253
-0.244311    0.158917
-0.244026    0.156579
-0.24374    0.154241
-0.243454    0.151902
-0.243169    0.149562
-0.242884    0.147221
-0.242599    0.14488
-0.242314    0.142537
-0.24203    0.140194
-0.241745    0.13785
-0.241461    0.135505
-0.241176    0.133159
-0.240892    0.130812
-0.240608    0.128465
-0.240324    0.126117
-0.24004    0.123768
-0.239757    0.121418
-0.239473    0.119068
-0.239189    0.116717
-0.238906    0.114365
-0.238622    0.112012
-0.238339    0.109659
-0.238055    0.107305
-0.237772    0.10495
-0.237488    0.102594
-0.237205    0.100238
-0.236921    0.0978814
-0.236638    0.0955239
-0.236354    0.0931656
-0.236071    0.0908067
-0.235787    0.0884472
-0.235503    0.086087
-0.23522    0.0837262
-0.234936    0.0813647
-0.234652    0.0790026
-0.234368    0.07664
-0.234084    0.0742767
-0.2338    0.0719128
-0.233516    0.0695483
-0.233231    0.0671832
-0.232947    0.0648176
-0.232662    0.0624514
-0.232377    0.0600846
-0.232092    0.0577173
-0.231807    0.0553495
-0.231522    0.0529811
-0.231236    0.0506122
-0.230951    0.0482428
-0.230665    0.0458729
-0.230379    0.0435024
-0.230092    0.0411315
-0.229806    0.0387601
-0.229519    0.0363883
-0.229232    0.0340159
-0.228945    0.0316431
-0.228657    0.0292699
-0.228369    0.0268962
-0.228081    0.0245221
-0.227793    0.0221476
-0.227504    0.0197726
-0.227215    0.0173972
-0.226926    0.0150215
-0.226636    0.0126453
-0.226346    0.0102688
-0.226056    0.00789188
-0.225765    0.0055146
-0.225474    0.00313696
-0.225183    0.000758974
-0.224891    -0.00161935
-0.224599    -0.00399801
-0.224307    -0.006377
-0.224014    -0.0087563
-0.22372    -0.0111359
-0.223426    -0.0135158
-0.223132    -0.015896
-0.222838    -0.0182765
-0.222542    -0.0206572
-0.222247    -0.0230383
-0.221951    -0.0254195
-0.221654    -0.0278011
-0.221357    -0.0301828
-0.22106    -0.0325648
-0.220762    -0.034947
-0.220463    -0.0373295
-0.220164    -0.0397121
-0.219865    -0.042095
-0.219565    -0.044478
-0.219264    -0.0468612
-0.218963    -0.0492446
-0.218661    -0.0516281
-0.218359    -0.0540118
-0.218056    -0.0563957
-0.217753    -0.0587797
-0.217449    -0.0611638
-0.217144    -0.063548
-0.216839    -0.0659324
-0.216533    -0.0683168
-0.216226    -0.0707013
-0.215919    -0.073086
-0.215611    -0.0754707
-0.215303    -0.0778555
-0.214994    -0.0802403
-0.214684    -0.0826252
-0.214373    -0.0850102
-0.214062    -0.0873951
-0.21375    -0.0897801
-0.213438    -0.0921652
-0.213124    -0.0945502
-0.21281    -0.0969352
-0.212496    -0.0993202
-0.21218    -0.101705
-0.211864    -0.10409
-0.211547    -0.106475
-0.211229    -0.10886
-0.21091    -0.111245
-0.210591    -0.11363
-0.210271    -0.116014
-0.20995    -0.118399
-0.209628    -0.120784
-0.209305    -0.123168
-0.208982    -0.125553
-0.208657    -0.127937
-0.208332    -0.130321
-0.208006    -0.132705
-0.207679    -0.135089
-0.207352    -0.137473
-0.207023    -0.139856
-0.206693    -0.14224
-0.206363    -0.144623
-0.206032    -0.147006
-0.205699    -0.149389
-0.205366    -0.151771
-0.205032    -0.154154
-0.204697    -0.156536
-0.204361    -0.158918
-0.204024    -0.1613
-0.203686    -0.163681
-0.203347    -0.166063
-0.203007    -0.168444
-0.202666    -0.170825
-0.202324    -0.173205
-0.201981    -0.175585
-0.201637    -0.177965
-0.201292    -0.180345
-0.200946    -0.182724
-0.200599    -0.185103
-0.200251    -0.187482
-0.199902    -0.18986
-0.199552    -0.192238
-0.1992    -0.194616
-0.198848    -0.196993
-0.198494    -0.19937
-0.19814    -0.201746
-0.197784    -0.204123
-0.197427    -0.206498
-0.197069    -0.208874
-0.19671    -0.211248
-0.196349    -0.213623
-0.195988    -0.215997
-0.195625    -0.218371
-0.195262    -0.220744
-0.194897    -0.223116
-0.19453    -0.225489
-0.194163    -0.22786
-0.193794    -0.230232
-0.193425    -0.232602
-0.193054    -0.234973
-0.192681    -0.237342
-0.192308    -0.239712
-0.191933    -0.24208
-0.191557    -0.244449
-0.19118    -0.246816
-0.190801    -0.249183
-0.190421    -0.25155
-0.19004    -0.253916
-0.189658    -0.256281
-0.189274    -0.258646
-0.188889    -0.26101
-0.188502    -0.263374
-0.188115    -0.265737
-0.187726    -0.268099
-0.187335    -0.270461
-0.186943    -0.272822
-0.18655    -0.275182
-0.186156    -0.277542
-0.18576    -0.279901
-0.185362    -0.282259
-0.184964    -0.284617
-0.184564    -0.286974
-0.184162    -0.28933
-0.183759    -0.291686
-0.183355    -0.294041
-0.182949    -0.296395
-0.182542    -0.298748
-0.182133    -0.301101
-0.181723    -0.303453
-0.181311    -0.305804
-0.180898    -0.308154
-0.180483    -0.310504
-0.180067    -0.312853
-0.179649    -0.315201
-0.17923    -0.317548
-0.178809    -0.319894
-0.178387    -0.32224
-0.177963    -0.324585
-0.177538    -0.326928
-0.177111    -0.329271
-0.176683    -0.331614
-0.176253    -0.333955
-0.175821    -0.336295
-0.175388    -0.338635
-0.174953    -0.340973
-0.174517    -0.343311
-0.174079    -0.345648
-0.173639    -0.347984
-0.173198    -0.350319
-0.172755    -0.352653
-0.17231    -0.354986
-0.171864    -0.357318
-0.171416    -0.359649
-0.170967    -0.36198
-0.170516    -0.364309
-0.170063    -0.366637
-0.169608    -0.368964
-0.169152    -0.371291
-0.168694    -0.373616
-0.168234    -0.37594
-0.167773    -0.378263
-0.16731    -0.380585
-0.166845    -0.382906
-0.166378    -0.385226
-0.16591    -0.387545
-0.16544    -0.389863
-0.164968    -0.39218
-0.164494    -0.394496
-0.164019    -0.39681
-0.163541    -0.399124
-0.163062    -0.401436
-0.162581    -0.403747
-0.162099    -0.406057
-0.161614    -0.408366
-0.161128    -0.410674
-0.160639    -0.412981
-0.160149    -0.415286
-0.159657    -0.417591
-0.159164    -0.419894
-0.158668    -0.422196
-0.15817    -0.424496
-0.157671    -0.426796
-0.15717    -0.429094
-0.156666    -0.431391
-0.156161    -0.433687
-0.155654    -0.435982
-0.155145    -0.438275
-0.154634    -0.440567
-0.154122    -0.442858
-0.153607    -0.445147
-0.15309    -0.447435
-0.152571    -0.449722
-0.152051    -0.452008
-0.151528    -0.454292
-0.151003    -0.456575
-0.150477    -0.458857
-0.149948    -0.461137
-0.149417    -0.463416
-0.148885    -0.465693
-0.14835    -0.46797
-0.147813    -0.470245
-0.147274    -0.472518
-0.146733    -0.47479
-0.146191    -0.477061
-0.145646    -0.47933
-0.145099    -0.481598
-0.14455    -0.483864
-0.143998    -0.486129
-0.143445    -0.488393
-0.14289    -0.490655
-0.142332    -0.492915
-0.141773    -0.495175
-0.141211    -0.497432
-0.140647    -0.499688
-0.140081    -0.501943
-0.139513    -0.504196
-0.138943    -0.506448
-0.138371    -0.508698
-0.137796    -0.510947
-0.137219    -0.513194
-0.13664    -0.515439
-0.136059    -0.517683
-0.135476    -0.519926
-0.134891    -0.522167
-0.134303    -0.524406
-0.133713    -0.526644
-0.133121    -0.52888
-0.132527    -0.531114
-0.13193    -0.533347
-0.131331    -0.535579
-0.13073    -0.537808
-0.130127    -0.540036
-0.129521    -0.542263
-0.128913    -0.544487
-0.128303    -0.54671
-0.127691    -0.548932
-0.127076    -0.551151
-0.126459    -0.553369
-0.12584    -0.555586
-0.125218    -0.5578
-0.124594    -0.560013
-0.123968    -0.562225
-0.123339    -0.564434
-0.122708    -0.566642
-0.122075    -0.568848
-0.12144    -0.571052
-0.120802    -0.573254
-0.120161    -0.575455
-0.119518    -0.577654
-0.118873    -0.579851
-0.118226    -0.582046
-0.117576    -0.58424
-0.116924    -0.586432
-0.116269    -0.588621
-0.115612    -0.59081
-0.114952    -0.592996
-0.11429    -0.59518
-0.113626    -0.597363
-0.112959    -0.599543
-0.11229    -0.601722
-0.111618    -0.603899
-0.110944    -0.606074
-0.110267    -0.608247
-0.109588    -0.610418
-0.108907    -0.612588
-0.108222    -0.614755
-0.107536    -0.61692
-0.106847    -0.619084
-0.106155    -0.621245
-0.105461    -0.623405
-0.104765    -0.625563
-0.104065    -0.627718
-0.103364    -0.629872
-0.102659    -0.632024
-0.101953    -0.634173
-0.101243    -0.636321
-0.100532    -0.638467
-0.0998171    -0.640611
-0.0991002    -0.642752
-0.0983806    -0.644892
-0.0976584    -0.647029
-0.0969337    -0.649165
-0.0962064    -0.651298
-0.0954764    -0.65343
-0.0947439    -0.655559
-0.0940087    -0.657686
-0.093271    -0.659811
-0.0925306    -0.661934
-0.0917875    -0.664055
-0.0910419    -0.666174
-0.0902936    -0.66829
-0.0895426    -0.670405
-0.088789    -0.672517
-0.0880327    -0.674627
-0.0872738    -0.676735
-0.0865122    -0.678841
-0.0857479    -0.680945
-0.0849809    -0.683047
-0.0842112    -0.685146
-0.0834389    -0.687243
-0.0826638    -0.689338
-0.081886    -0.69143
-0.0811055    -0.693521
-0.0803223    -0.695609
-0.0795363    -0.697695
-0.0787477    -0.699779
-0.0779562    -0.70186
-0.0771621    -0.703939
-0.0763652    -0.706016
-0.0755655    -0.708091
-0.0747631    -0.710163
-0.0739579    -0.712233
-0.0731499    -0.714301
-0.0723392    -0.716366
-0.0715256    -0.718429
-0.0707093    -0.72049
-0.0698902    -0.722548
-0.0690683    -0.724604
-0.0682436    -0.726658
-0.067416    -0.728709
-0.0665857    -0.730758
-0.0657525    -0.732804
-0.0649165    -0.734848
-0.0640776    -0.73689
-0.063236    -0.738929
-0.0623914    -0.740966
-0.0615441    -0.743001
-0.0606938    -0.745033
-0.0598407    -0.747062
-0.0589848    -0.749089
-0.058126    -0.751114
-0.0572643    -0.753136
-0.0563997    -0.755156
-0.0555322    -0.757173
-0.0546618    -0.759188
-0.0537885    -0.7612
-0.0529124    -0.76321
-0.0520333    -0.765217
-0.0511513    -0.767221
-0.0502664    -0.769223
-0.0493785    -0.771223
-0.0484878    -0.77322
-0.0475941    -0.775214
-0.0466974    -0.777206
-0.0457979    -0.779196
-0.0448953    -0.781182
-0.0439898    -0.783166
-0.0430814    -0.785148
-0.04217    -0.787127
-0.0412556    -0.789103
-0.0403382    -0.791077
-0.0394179    -0.793048
-0.0384946    -0.795016
-0.0375683    -0.796982
-0.036639    -0.798945
-0.0357067    -0.800905
-0.0347714    -0.802863
-0.0338331    -0.804818
-0.0328918    -0.80677
-0.0319474    -0.808719
-0.0310001    -0.810666
-0.0300497    -0.81261
-0.0290963    -0.814552
-0.0281398    -0.816491
-0.0271803    -0.818426
-0.0262178    -0.82036
-0.0252522    -0.82229
-0.0242836    -0.824218
-0.0233119    -0.826142
-0.0223371    -0.828065
-0.0213593    -0.829984
-0.0203784    -0.8319
-0.0193944    -0.833814
-0.0184074    -0.835725
-0.0174172    -0.837633
-0.016424    -0.839538
-0.0154277    -0.84144
-0.0144283    -0.843339
-0.0134258    -0.845236
-0.0124201    -0.84713
-0.0114114    -0.849021
-0.0103996    -0.850908
-0.00938459    -0.852793
-0.0083665    -0.854676
-0.00734528    -0.856555
-0.00632094    -0.858431
-0.00529346    -0.860304
-0.00426284    -0.862175
-0.00322907    -0.864042
-0.00219216    -0.865907
-0.0011521    -0.867768
-0.00010889    -0.869627
0.000937482    -0.871482
0.00198702    -0.873335
0.00303972    -0.875184
0.00409559    -0.877031
0.00515463    -0.878874
0.00621685    -0.880715
0.00728225    -0.882552
0.00835084    -0.884386
0.00942262    -0.886218
0.0104976    -0.888046
0.0115757    -0.889871
0.0126571    -0.891693
0.0137417    -0.893512
0.0148294    -0.895328
0.0159204    -0.897141
0.0170146    -0.898951
0.018112    -0.900757
0.0192127    -0.902561
0.0203165    -0.904361
0.0214236    -0.906158
0.0225339    -0.907952
0.0236474    -0.909743
0.0247642    -0.911531
0.0258842    -0.913315
0.0270075    -0.915096
0.028134    -0.916874
0.0292638    -0.918649
0.0303968    -0.920421
0.0315331    -0.922189
0.0326726    -0.923955
0.0338154    -0.925716
0.0349614    -0.927475
0.0361108    -0.92923
0.0372633    -0.930983
0.0384192    -0.932731
0.0395784    -0.934477
0.0407408    -0.936219
0.0419065    -0.937958
0.0430755    -0.939694
0.0442478    -0.941426
0.0454233    -0.943155
0.0466022    -0.944881
0.0477843    -0.946603
0.0489698    -0.948322
0.0501586    -0.950037
0.0513506    -0.95175
0.052546    -0.953458
0.0537447    -0.955164
0.0549467    -0.956866
0.056152    -0.958564
0.0573606    -0.960259
0.0585725    -0.961951
0.0597878    -0.963639
0.0610064    -0.965324
0.0622283    -0.967005
0.0634535    -0.968683
0.0646821    -0.970358
0.065914    -0.972029
0.0671492    -0.973696
0.0683878    -0.97536
0.0696297    -0.97702
0.0708749    -0.978677
0.0721235    -0.98033
0.0733755    -0.98198
0.0746308    -0.983627
0.0758894    -0.985269
0.0771514    -0.986908
0.0784167    -0.988544
0.0796854    -0.990176
0.0809575    -0.991804
0.0822329    -0.993429
0.0835116    -0.99505
0.0847938    -0.996668
0.0860792    -0.998282
0.0873681    -0.999892
0.0886603    -1.0015
0.0899559    -1.0031
0.0912549    -1.0047
0.0925572    -1.0063
0.0938629    -1.00789
0.095172    -1.00948
0.0964844    -1.01106
0.0978003    -1.01264
0.0991195    -1.01422
0.100442    -1.01579
0.101768    -1.01736
0.103097    -1.01893
0.10443    -1.02049
0.105766    -1.02205
0.107106    -1.0236
0.108449    -1.02515
0.109795    -1.0267
0.111145    -1.02824
0.112498    -1.02978
0.113854    -1.03132
0.115214    -1.03285
0.116577    -1.03438
0.117944    -1.0359
0.119314    -1.03742
0.120687    -1.03894
0.122064    -1.04045
0.123444    -1.04196
0.124828    -1.04346
0.126215    -1.04496
0.127605    -1.04646
0.128999    -1.04795
0.130396    -1.04944
0.131797    -1.05093
0.133201    -1.05241
0.134608    -1.05389
0.136019    -1.05536
0.137433    -1.05683
0.13885    -1.05829
0.140271    -1.05975
0.141696    -1.06121
0.143124    -1.06266
0.144555    -1.06411
0.145989    -1.06556
0.147427    -1.067
0.148869    -1.06844
0.150314    -1.06987
0.151762    -1.0713
0.153213    -1.07272
0.154668    -1.07414
0.156127    -1.07556
0.157588    -1.07697
0.159054    -1.07838
0.160522    -1.07978
0.161994    -1.08118
0.163469    -1.08258
0.164948    -1.08397
0.16643    -1.08536
0.167916    -1.08674
0.169405    -1.08812
0.170897    -1.0895
0.172393    -1.09087
0.173892    -1.09223
0.175395    -1.0936
0.176901    -1.09495
0.17841    -1.09631
0.179923    -1.09766
0.181439    -1.099
0.182958    -1.10034
0.184481    -1.10168
0.186007    -1.10301
0.187537    -1.10434
0.18907    -1.10566
0.190606    -1.10698
0.192146    -1.1083
0.193689    -1.10961
0.195236    -1.11092
0.196786    -1.11222
0.198339    -1.11351
0.199896    -1.11481
0.201456    -1.1161
0.203019    -1.11738
0.204586    -1.11866
0.206156    -1.11994
0.207729    -1.12121
0.209306    -1.12248
0.210886    -1.12374
0.21247    -1.125
0.214057    -1.12625
0.215647    -1.1275
0.217241    -1.12874
0.218838    -1.12998
0.220438    -1.13122
0.222042    -1.13245
0.223649    -1.13367
0.225259    -1.1349
0.226873    -1.13611
0.22849    -1.13733
0.230111    -1.13853
0.231734    -1.13974
0.233361    -1.14094
0.234992    -1.14213
0.236626    -1.14332
0.238263    -1.14451
0.239903    -1.14569
0.241547    -1.14686
0.243194    -1.14803
0.244844    -1.1492
0.246498    -1.15036
0.248155    -1.15152
0.249815    -1.15267
0.251478    -1.15382
0.253145    -1.15496
0.254815    -1.1561
0.256489    -1.15724
0.258165    -1.15836
0.259845    -1.15949
0.261529    -1.16061
0.263215    -1.16172
0.264905    -1.16283
0.266598    -1.16394
0.268294    -1.16504
0.269994    -1.16613
0.271697    -1.16722
0.273403    -1.16831
0.275112    -1.16939
0.276825    -1.17047
0.278541    -1.17154
0.28026    -1.17261
0.281982    -1.17367
0.283708    -1.17472
0.285437    -1.17578
0.287169    -1.17682
0.288904    -1.17787
0.290643    -1.1789
0.292384    -1.17993
0.294129    -1.18096
0.295877    -1.18198
0.297629    -1.183
0.299383    -1.18401
0.301141    -1.18502
0.302902    -1.18602
0.304666    -1.18702
0.306433    -1.18801
0.308204    -1.189
0.309977    -1.18998
0.311754    -1.19096
0.313534    -1.19193
0.315317    -1.1929
0.317103    -1.19386
0.318893    -1.19482
0.320685    -1.19577
0.322481    -1.19672
0.324279    -1.19766
0.326081    -1.1986
0.327886    -1.19953
0.329694    -1.20046
0.331506    -1.20138
0.33332    -1.20229
0.335137    -1.20321
0.336958    -1.20411
0.338782    -1.20501
0.340608    -1.20591
0.342438    -1.2068
0.344271    -1.20768
0.346107    -1.20856
0.347946    -1.20944
0.349788    -1.21031
0.351633    -1.21117
0.353481    -1.21203
0.355332    -1.21288
0.357186    -1.21373
0.359043    -1.21457
0.360903    -1.21541
0.362766    -1.21625
0.364633    -1.21707
0.366502    -1.21789
0.368374    -1.21871
0.370249    -1.21952
0.372127    -1.22033
0.374008    -1.22113
0.375892    -1.22192
0.377779    -1.22271
0.379669    -1.2235
0.381562    -1.22428
0.383458    -1.22505
0.385357    -1.22582
0.387258    -1.22658
0.389163    -1.22734
0.39107    -1.22809
0.392981    -1.22883
0.394894    -1.22958
0.39681    -1.23031
0.398729    -1.23104
0.400651    -1.23177
0.402576    -1.23248
0.404503    -1.2332
0.406434    -1.23391
0.408367    -1.23461
0.410303    -1.2353
0.412242    -1.236
0.414184    -1.23668
0.416128    -1.23736
0.418076    -1.23804
0.420026    -1.2387
