-0.64727    1.13657
-0.645835    1.1357
-0.644402    1.13483
-0.642972    1.13395
-0.641545    1.13307
-0.640122    1.13218
-0.638701    1.13129
-0.637283    1.13039
-0.635868    1.12949
-0.634457    1.12858
-0.633048    1.12767
-0.631642    1.12676
-0.63024    1.12584
-0.62884    1.12492
-0.627443    1.12399
-0.62605    1.12306
-0.624659    1.12213
-0.623272    1.12119
-0.621887    1.12024
-0.620506    1.11929
-0.619127    1.11834
-0.617752    1.11738
-0.616379    1.11642
-0.61501    1.11546
-0.613644    1.11449
-0.61228    1.11351
-0.61092    1.11253
-0.609563    1.11155
-0.608209    1.11056
-0.606858    1.10957
-0.605509    1.10858
-0.604164    1.10758
-0.602822    1.10657
-0.601483    1.10557
-0.600147    1.10455
-0.598814    1.10354
-0.597485    1.10252
-0.596158    1.10149
-0.594834    1.10046
-0.593513    1.09943
-0.592195    1.09839
-0.590881    1.09735
-0.589569    1.09631
-0.58826    1.09526
-0.586955    1.09421
-0.585652    1.09315
-0.584353    1.09209
-0.583056    1.09102
-0.581763    1.08995
-0.580473    1.08888
-0.579185    1.0878
-0.577901    1.08672
-0.57662    1.08563
-0.575341    1.08454
-0.574066    1.08345
-0.572794    1.08235
-0.571525    1.08125
-0.570259    1.08014
-0.568996    1.07903
-0.567736    1.07792
-0.566479    1.0768
-0.565225    1.07568
-0.563974    1.07455
-0.562726    1.07342
-0.561482    1.07229
-0.56024    1.07115
-0.559001    1.07001
-0.557765    1.06886
-0.556533    1.06771
-0.555303    1.06656
-0.554077    1.0654
-0.552853    1.06424
-0.551632    1.06307
-0.550415    1.0619
-0.549201    1.06073
-0.547989    1.05955
-0.546781    1.05837
-0.545575    1.05719
-0.544373    1.056
-0.543173    1.05481
-0.541977    1.05361
-0.540784    1.05241
-0.539594    1.0512
