-0.647257    1.13708
-0.645301    1.1369
-0.643346    1.13671
-0.641394    1.13652
-0.639443    1.13633
-0.637495    1.13613
-0.635548    1.13592
-0.633603    1.13571
-0.631659    1.13549
-0.629718    1.13526
-0.627778    1.13504
-0.625841    1.1348
-0.623905    1.13456
-0.621971    1.13431
-0.620039    1.13406
-0.618109    1.13381
-0.616181    1.13354
-0.614255    1.13328
-0.612331    1.133
-0.610409    1.13272
-0.608488    1.13244
-0.60657    1.13215
-0.604654    1.13185
-0.602739    1.13155
-0.600827    1.13125
-0.598917    1.13093
-0.597008    1.13062
-0.595102    1.13029
-0.593198    1.12996
-0.591296    1.12963
-0.589396    1.12929
-0.587498    1.12895
-0.585602    1.1286
-0.583708    1.12824
-0.581816    1.12788
-0.579926    1.12751
-0.578038    1.12714
-0.576153    1.12677
-0.574269    1.12638
-0.572388    1.12599
-0.570509    1.1256
-0.568632    1.1252
-0.566757    1.1248
-0.564885    1.12439
-0.563014    1.12397
-0.561146    1.12355
-0.55928    1.12313
-0.557416    1.1227
-0.555554    1.12226
-0.553694    1.12182
-0.551837    1.12137
-0.549982    1.12092
-0.548129    1.12047
-0.546278    1.12
-0.54443    1.11953
-0.542584    1.11906
-0.54074    1.11858
-0.538898    1.1181
-0.537059    1.11761
-0.535222    1.11712
-0.533387    1.11662
-0.531555    1.11611
-0.529725    1.1156
-0.527897    1.11509
-0.526071    1.11457
-0.524248    1.11404
-0.522427    1.11351
-0.520609    1.11298
-0.518793    1.11244
-0.516979    1.11189
-0.515168    1.11134
-0.513359    1.11078
-0.511552    1.11022
-0.509748    1.10966
-0.507946    1.10908
-0.506146    1.10851
-0.504349    1.10793
-0.502555    1.10734
-0.500762    1.10675
-0.498972    1.10615
-0.497185    1.10555
-0.4954    1.10494
-0.493618    1.10433
-0.491838    1.10371
-0.49006    1.10309
-0.488285    1.10246
-0.486512    1.10183
-0.484742    1.10119
-0.482974    1.10055
-0.481209    1.0999
-0.479446    1.09925
-0.477686    1.09859
-0.475928    1.09793
-0.474173    1.09726
-0.47242    1.09659
-0.47067    1.09591
-0.468922    1.09523
-0.467177    1.09454
-0.465435    1.09385
-0.463695    1.09315
-0.461957    1.09245
-0.460222    1.09174
-0.45849    1.09103
-0.45676    1.09031
-0.455033    1.08959
-0.453308    1.08886
-0.451586    1.08813
-0.449867    1.08739
-0.44815    1.08665
-0.446436    1.08591
-0.444724    1.08515
-0.443015    1.0844
-0.441309    1.08364
-0.439605    1.08287
-0.437904    1.0821
-0.436205    1.08133
-0.434509    1.08055
-0.432816    1.07976
-0.431125    1.07897
-0.429437    1.07818
-0.427752    1.07738
-0.42607    1.07658
-0.42439    1.07577
-0.422712    1.07495
-0.421038    1.07413
-0.419366    1.07331
-0.417696    1.07248
-0.41603    1.07165
-0.414366    1.07082
-0.412705    1.06997
-0.411046    1.06913
-0.409391    1.06828
-0.407738    1.06742
-0.406087    1.06656
-0.40444    1.06569
-0.402795    1.06482
-0.401153    1.06395
-0.399513    1.06307
-0.397876    1.06219
-0.396242    1.0613
-0.394611    1.06041
-0.392983    1.05951
-0.391357    1.05861
-0.389734    1.0577
-0.388114    1.05679
-0.386497    1.05587
-0.384882    1.05495
-0.38327    1.05403
-0.381661    1.0531
-0.380055    1.05216
-0.378451    1.05123
-0.37685    1.05028
-0.375252    1.04933
-0.373657    1.04838
-0.372065    1.04743
-0.370475    1.04646
-0.368889    1.0455
-0.367305    1.04453
-0.365724    1.04355
-0.364145    1.04258
-0.36257    1.04159
-0.360997    1.0406
-0.359427    1.03961
-0.35786    1.03861
-0.356296    1.03761
-0.354735    1.03661
-0.353176    1.0356
-0.35162    1.03458
-0.350068    1.03356
-0.348518    1.03254
-0.34697    1.03151
-0.345426    1.03048
-0.343885    1.02945
-0.342346    1.0284
-0.34081    1.02736
-0.339278    1.02631
-0.337748    1.02526
-0.33622    1.0242
-0.334696    1.02314
-0.333175    1.02207
-0.331656    1.021
-0.330141    1.01992
-0.328628    1.01884
-0.327118    1.01776
-0.325611    1.01667
-0.324107    1.01558
-0.322606    1.01448
-0.321107    1.01338
-0.319612    1.01228
-0.318119    1.01117
-0.31663    1.01005
-0.315143    1.00894
-0.313659    1.00781
-0.312178    1.00669
-0.3107    1.00556
-0.309225    1.00442
-0.307753    1.00329
-0.306284    1.00214
-0.304817    1.001
-0.303354    0.999845
-0.301893    0.998689
-0.300436    0.99753
-0.298981    0.996367
-0.297529    0.995199
-0.29608    0.994027
-0.294634    0.992852
-0.293191    0.991672
-0.291751    0.990488
-0.290314    0.9893
-0.28888    0.988108
-0.287449    0.986911
-0.28602    0.985711
-0.284595    0.984507
-0.283172    0.983299
-0.281753    0.982086
-0.280336    0.98087
-0.278923    0.97965
-0.277512    0.978425
-0.276104    0.977197
-0.274699    0.975965
-0.273298    0.974728
-0.271899    0.973488
-0.270503    0.972244
-0.26911    0.970996
-0.26772    0.969743
-0.266332    0.968487
-0.264948    0.967227
-0.263567    0.965963
-0.262189    0.964695
-0.260813    0.963424
-0.259441    0.962148
-0.258072    0.960868
-0.256705    0.959585
-0.255342    0.958297
-0.253981    0.957006
-0.252624    0.955711
-0.251269    0.954412
-0.249917    0.953109
-0.248569    0.951802
-0.247223    0.950492
-0.24588    0.949178
-0.24454    0.94786
-0.243203    0.946538
-0.241869    0.945212
-0.240539    0.943882
-0.239211    0.942549
-0.237886    0.941212
-0.236563    0.939871
-0.235244    0.938526
-0.233928    0.937178
-0.232615    0.935826
-0.231305    0.93447
-0.229998    0.93311
-0.228693    0.931747
-0.227392    0.93038
-0.226094    0.929009
-0.224798    0.927634
-0.223506    0.926256
-0.222216    0.924874
-0.22093    0.923489
-0.219646    0.9221
-0.218366    0.920707
-0.217088    0.91931
-0.215813    0.91791
-0.214542    0.916506
-0.213273    0.915099
-0.212007    0.913687
-0.210744    0.912273
-0.209485    0.910854
-0.208228    0.909432
-0.206974    0.908007
-0.205723    0.906578
-0.204475    0.905145
-0.20323    0.903709
-0.201988    0.902269
-0.200748    0.900826
-0.199512    0.899379
-0.198279    0.897928
-0.197049    0.896474
-0.195821    0.895016
-0.194597    0.893555
-0.193375    0.892091
-0.192157    0.890623
-0.190941    0.889151
-0.189729    0.887676
-0.188519    0.886197
-0.187312    0.884715
-0.186109    0.88323
-0.184908    0.881741
-0.18371    0.880248
-0.182515    0.878752
-0.181323    0.877253
-0.180134    0.87575
-0.178948    0.874244
-0.177765    0.872734
-0.176584    0.871221
-0.175407    0.869705
-0.174233    0.868185
-0.173061    0.866662
-0.171893    0.865135
-0.170727    0.863606
-0.169564    0.862072
-0.168405    0.860536
-0.167248    0.858996
-0.166094    0.857452
-0.164943    0.855905
-0.163795    0.854355
-0.16265    0.852802
-0.161508    0.851245
-0.160368    0.849685
-0.159232    0.848122
-0.158099    0.846556
-0.156968    0.844986
-0.15584    0.843413
-0.154716    0.841836
-0.153594    0.840257
-0.152475    0.838674
-0.151359    0.837088
-0.150246    0.835498
-0.149135    0.833906
-0.148028    0.83231
-0.146924    0.830711
-0.145822    0.829109
-0.144723    0.827503
-0.143628    0.825894
-0.142535    0.824283
-0.141445    0.822668
-0.140358    0.821049
-0.139273    0.819428
-0.138192    0.817804
-0.137114    0.816176
-0.136038    0.814545
-0.134965    0.812911
-0.133895    0.811274
-0.132828    0.809634
-0.131764    0.80799
-0.130703    0.806344
-0.129644    0.804694
-0.128589    0.803042
-0.127536    0.801386
-0.126486    0.799727
-0.125439    0.798066
-0.124395    0.796401
-0.123354    0.794733
-0.122315    0.793062
-0.12128    0.791387
-0.120247    0.78971
-0.119217    0.78803
-0.11819    0.786347
-0.117165    0.784661
-0.116144    0.782972
-0.115125    0.78128
-0.114109    0.779584
-0.113096    0.777886
-0.112086    0.776185
-0.111079    0.774481
-0.110074    0.772774
-0.109072    0.771064
-0.108073    0.769351
-0.107077    0.767635
-0.106084    0.765916
-0.105093    0.764194
-0.104106    0.76247
-0.103121    0.760742
-0.102138    0.759012
-0.101159    0.757278
-0.100182    0.755542
-0.0992084    0.753803
-0.0982373    0.752061
-0.097269    0.750316
-0.0963034    0.748568
-0.0953406    0.746817
-0.0943806    0.745064
-0.0934234    0.743307
-0.0924688    0.741548
-0.0915171    0.739786
-0.0905681    0.738021
-0.0896218    0.736254
-0.0886783    0.734483
-0.0877375    0.73271
-0.0867995    0.730934
-0.0858642    0.729155
-0.0849316    0.727373
-0.0840017    0.725589
-0.0830746    0.723802
-0.0821502    0.722012
-0.0812285    0.720219
-0.0803095    0.718424
-0.0793932    0.716626
-0.0784796    0.714825
-0.0775688    0.713021
-0.0766606    0.711215
-0.0757551    0.709406
-0.0748523    0.707594
-0.0739522    0.70578
-0.0730548    0.703963
-0.07216    0.702143
-0.071268    0.70032
-0.0703786    0.698495
-0.0694919    0.696667
-0.0686078    0.694837
-0.0677264    0.693004
-0.0668476    0.691168
-0.0659716    0.68933
-0.0650981    0.687489
-0.0642273    0.685645
-0.0633592    0.683799
-0.0624936    0.68195
-0.0616307    0.680099
-0.0607705    0.678245
-0.0599129    0.676389
-0.0590578    0.674529
-0.0582055    0.672668
-0.0573557    0.670804
-0.0565085    0.668937
-0.0556639    0.667067
-0.054822    0.665195
-0.0539826    0.663321
-0.0531458    0.661444
-0.0523117    0.659565
-0.0514801    0.657683
-0.050651    0.655798
-0.0498246    0.653911
-0.0490007    0.652022
-0.0481794    0.65013
-0.0473607    0.648235
-0.0465445    0.646339
-0.0457309    0.644439
-0.0449198    0.642537
-0.0441112    0.640633
-0.0433053    0.638726
-0.0425018    0.636817
-0.0417009    0.634906
-0.0409025    0.632992
-0.0401066    0.631075
-0.0393133    0.629157
-0.0385224    0.627235
-0.0377341    0.625312
-0.0369483    0.623386
-0.036165    0.621458
-0.0353842    0.619527
-0.0346058    0.617594
-0.03383    0.615658
-0.0330567    0.613721
-0.0322858    0.61178
-0.0315174    0.609838
-0.0307514    0.607893
-0.029988    0.605946
-0.029227    0.603997
-0.0284684    0.602045
-0.0277123    0.600091
-0.0269586    0.598135
-0.0262074    0.596176
-0.0254586    0.594215
-0.0247123    0.592252
-0.0239684    0.590286
-0.0232269    0.588319
-0.0224878    0.586349
-0.0217511    0.584377
-0.0210168    0.582402
-0.020285    0.580426
-0.0195555    0.578447
-0.0188284    0.576466
-0.0181037    0.574482
-0.0173814    0.572497
-0.0166615    0.570509
-0.0159439    0.568519
-0.0152287    0.566527
-0.0145159    0.564533
-0.0138054    0.562536
-0.0130973    0.560538
-0.0123915    0.558537
-0.0116881    0.556534
-0.0109869    0.554529
-0.0102882    0.552522
-0.00959173    0.550513
-0.00889761    0.548502
-0.0082058    0.546488
-0.0075163    0.544472
-0.00682911    0.542455
-0.00614421    0.540435
-0.00546161    0.538413
-0.0047813    0.536389
-0.00410327    0.534363
-0.00342752    0.532335
-0.00275404    0.530305
-0.00208284    0.528273
-0.00141389    0.526239
-0.000747199    0.524202
-8.27606e-05    0.522164
0.000579432    0.520124
0.00123938    0.518081
0.0018971    0.516037
0.00255259    0.513991
0.00320585    0.511943
0.0038569    0.509892
0.00450573    0.50784
0.00515235    0.505786
0.00579678    0.50373
0.006439    0.501671
0.00707904    0.499611
0.00771689    0.497549
0.00835256    0.495485
0.00898606    0.49342
0.00961739    0.491352
0.0102466    0.489282
0.0108736    0.48721
0.0114984    0.485137
0.0121211    0.483061
0.0127417    0.480984
0.0133601    0.478905
0.0139765    0.476824
0.0145906    0.474741
0.0152027    0.472656
0.0158127    0.47057
0.0164205    0.468481
0.0170263    0.466391
0.01763    0.464299
0.0182315    0.462205
0.018831    0.460109
0.0194285    0.458011
0.0200238    0.455912
0.0206171    0.453811
0.0212083    0.451708
0.0217975    0.449603
0.0223846    0.447497
0.0229697    0.445389
0.0235528    0.443279
0.0241338    0.441167
0.0247128    0.439053
0.0252898    0.436938
0.0258648    0.434821
0.0264378    0.432702
0.0270088    0.430582
0.0275778    0.42846
0.0281448    0.426336
0.0287098    0.424211
0.0292729    0.422084
0.0298339    0.419955
0.0303931    0.417824
0.0309503    0.415692
0.0315055    0.413558
0.0320588    0.411423
0.0326101    0.409286
0.0331595    0.407147
0.033707    0.405007
0.0342526    0.402865
0.0347963    0.400721
0.035338    0.398576
0.0358779    0.396429
0.0364159    0.394281
0.036952    0.392131
0.0374862    0.389979
0.0380185    0.387826
0.038549    0.385671
0.0390776    0.383515
0.0396044    0.381357
0.0401293    0.379198
0.0406524    0.377037
0.0411736    0.374875
0.041693    0.372711
0.0422106    0.370545
0.0427264    0.368379
0.0432404    0.36621
0.0437525    0.36404
0.0442629    0.361869
0.0447715    0.359696
0.0452783    0.357522
0.0457833    0.355346
0.0462866    0.353169
0.0467881    0.35099
0.0472878    0.34881
0.0477858    0.346629
0.0482821    0.344446
0.0487766    0.342261
0.0492694    0.340076
0.0497604    0.337888
0.0502498    0.3357
0.0507374    0.33351
0.0512234    0.331319
0.0517076    0.329126
0.0521902    0.326932
0.0526711    0.324737
0.0531503    0.32254
0.0536278    0.320342
0.0541037    0.318142
0.0545779    0.315942
0.0550505    0.31374
0.0555214    0.311536
0.0559907    0.309332
0.0564584    0.307126
0.0569244    0.304918
0.0573889    0.30271
0.0578517    0.3005
0.0583129    0.298289
0.0587726    0.296077
0.0592306    0.293863
0.0596871    0.291648
0.060142    0.289432
0.0605953    0.287215
0.0610471    0.284997
0.0614974    0.282777
0.061946    0.280556
0.0623932    0.278334
0.0628388    0.27611
0.0632829    0.273886
0.0637255    0.27166
0.0641666    0.269434
0.0646062    0.267206
0.0650442    0.264976
0.0654808    0.262746
0.0659159    0.260515
0.0663496    0.258282
0.0667818    0.256048
0.0672125    0.253814
0.0676417    0.251578
0.0680696    0.249341
0.068496    0.247103
0.0689209    0.244864
0.0693444    0.242623
0.0697666    0.240382
0.0701873    0.23814
0.0706066    0.235896
0.0710245    0.233652
0.071441    0.231406
0.0718562    0.22916
0.07227    0.226912
0.0726824    0.224663
0.0730934    0.222414
0.0735031    0.220163
0.0739115    0.217912
0.0743185    0.215659
0.0747242    0.213405
0.0751286    0.211151
0.0755317    0.208895
0.0759334    0.206639
0.0763339    0.204381
0.0767331    0.202123
0.077131    0.199864
0.0775276    0.197604
0.0779229    0.195343
0.078317    0.19308
0.0787098    0.190818
0.0791014    0.188554
0.0794918    0.186289
0.0798809    0.184023
0.0802688    0.181757
0.0806554    0.17949
0.0810409    0.177221
0.0814252    0.174952
0.0818082    0.172683
0.0821901    0.170412
0.0825708    0.16814
0.0829503    0.165868
0.0833287    0.163595
0.0837059    0.161321
0.084082    0.159046
0.0844569    0.156771
0.0848307    0.154494
0.0852034    0.152217
0.0855749    0.149939
0.0859454    0.147661
0.0863147    0.145381
0.0866829    0.143101
0.0870501    0.14082
0.0874162    0.138539
0.0877812    0.136256
0.0881451    0.133973
0.088508    0.13169
0.0888698    0.129405
0.0892306    0.12712
0.0895904    0.124835
0.0899491    0.122548
0.0903068    0.120261
0.0906635    0.117973
0.0910192    0.115685
0.0913739    0.113396
0.0917276    0.111106
0.0920804    0.108816
0.0924321    0.106525
0.0927829    0.104234
0.0931328    0.101941
0.0934817    0.0996488
0.0938297    0.0973555
0.0941767    0.0950616
0.0945228    0.0927672
0.094868    0.0904722
0.0952123    0.0881767
0.0955557    0.0858806
0.0958982    0.0835839
0.0962398    0.0812868
0.0965805    0.0789891
0.0969203    0.0766909
0.0972593    0.0743921
0.0975975    0.0720929
0.0979348    0.0697932
0.0982713    0.067493
0.0986069    0.0651924
0.0989417    0.0628912
0.0992757    0.0605896
0.0996089    0.0582876
0.0999413    0.0559851
0.100273    0.0536822
0.100604    0.0513788
0.100934    0.049075
0.101263    0.0467708
0.101592    0.0444662
0.101919    0.0421612
0.102246    0.0398558
0.102573    0.0375501
0.102898    0.0352439
0.103223    0.0329374
0.103547    0.0306305
0.103871    0.0283233
0.104194    0.0260157
0.104516    0.0237078
0.104837    0.0213996
0.105158    0.019091
0.105478    0.0167822
0.105797    0.014473
0.106116    0.0121635
0.106434    0.00985376
0.106752    0.00754372
0.107069    0.00523341
0.107385    0.00292283
0.1077    0.000611998
0.108016    -0.00169909
0.10833    -0.00401041
0.108644    -0.00632198
0.108957    -0.00863376
0.10927    -0.0109458
0.109582    -0.013258
0.109894    -0.0155704
0.110205    -0.017883
0.110516    -0.0201958
0.110826    -0.0225088
0.111135    -0.024822
0.111444    -0.0271353
0.111753    -0.0294488
0.112061    -0.0317624
0.112369    -0.0340761
0.112676    -0.03639
0.112982    -0.0387041
0.113289    -0.0410182
0.113594    -0.0433325
0.1139    -0.0456468
0.114205    -0.0479612
0.114509    -0.0502758
0.114813    -0.0525904
0.115117    -0.0549051
0.11542    -0.0572198
0.115723    -0.0595346
0.116025    -0.0618494
0.116327    -0.0641643
0.116629    -0.0664792
0.116931    -0.0687942
0.117232    -0.0711091
0.117532    -0.0734241
0.117833    -0.075739
0.118133    -0.078054
0.118432    -0.0803689
0.118732    -0.0826839
0.119031    -0.0849987
0.11933    -0.0873136
0.119628    -0.0896284
0.119927    -0.0919431
0.120225    -0.0942578
0.120522    -0.0965724
0.12082    -0.098887
0.121117    -0.101201
0.121414    -0.103516
0.121711    -0.10583
0.122008    -0.108144
0.122304    -0.110458
0.1226    -0.112772
0.122896    -0.115086
0.123192    -0.1174
0.123488    -0.119713
0.123783    -0.122026
0.124078    -0.12434
0.124374    -0.126653
0.124669    -0.128965
0.124964    -0.131278
0.125258    -0.133591
0.125553    -0.135903
0.125848    -0.138215
0.126142    -0.140527
0.126436    -0.142838
0.126731    -0.14515
0.127025    -0.147461
0.127319    -0.149772
0.127613    -0.152082
0.127907    -0.154393
0.128201    -0.156703
0.128495    -0.159013
0.128789    -0.161322
0.129083    -0.163631
0.129377    -0.16594
0.129671    -0.168249
0.129965    -0.170557
0.130259    -0.172865
0.130553    -0.175173
0.130847    -0.17748
0.131142    -0.179787
0.131436    -0.182094
0.13173    -0.1844
0.132024    -0.186706
0.132319    -0.189011
0.132613    -0.191317
0.132908    -0.193621
0.133202    -0.195926
0.133497    -0.19823
0.133792    -0.200533
0.134087    -0.202836
0.134383    -0.205139
0.134678    -0.207441
0.134973    -0.209743
0.135269    -0.212044
0.135565    -0.214345
0.135861    -0.216645
0.136157    -0.218945
0.136454    -0.221245
0.13675    -0.223544
0.137047    -0.225842
0.137344    -0.22814
0.137642    -0.230438
0.137939    -0.232735
0.138237    -0.235031
0.138535    -0.237327
0.138833    -0.239622
0.139132    -0.241917
0.139431    -0.244211
0.13973    -0.246505
0.14003    -0.248798
0.140329    -0.25109
0.140629    -0.253382
0.14093    -0.255673
0.141231    -0.257964
0.141532    -0.260254
0.141833    -0.262544
0.142135    -0.264833
0.142437    -0.267121
0.14274    -0.269408
0.143043    -0.271695
0.143346    -0.273981
0.14365    -0.276267
0.143954    -0.278552
0.144259    -0.280836
0.144564    -0.28312
0.14487    -0.285403
0.145176    -0.287685
0.145482    -0.289966
0.145789    -0.292247
0.146096    -0.294527
0.146404    -0.296807
0.146712    -0.299085
0.147021    -0.301363
0.14733    -0.30364
0.14764    -0.305916
0.147951    -0.308192
0.148262    -0.310467
0.148573    -0.312741
0.148885    -0.315014
0.149198    -0.317287
0.149511    -0.319558
0.149824    -0.321829
0.150139    -0.324099
0.150453    -0.326368
0.150769    -0.328637
0.151085    -0.330904
0.151402    -0.333171
0.151719    -0.335437
0.152037    -0.337702
0.152356    -0.339966
0.152675    -0.342229
0.152995    -0.344491
0.153315    -0.346753
0.153637    -0.349013
0.153959    -0.351273
0.154281    -0.353532
0.154605    -0.35579
0.154929    -0.358046
0.155253    -0.360302
0.155579    -0.362557
0.155905    -0.364812
0.156232    -0.367065
0.15656    -0.369317
0.156888    -0.371568
0.157218    -0.373818
0.157548    -0.376068
0.157878    -0.378316
0.15821    -0.380563
0.158543    -0.382809
0.158876    -0.385055
0.15921    -0.387299
0.159545    -0.389542
0.159881    -0.391784
0.160217    -0.394026
0.160555    -0.396266
0.160893    -0.398505
0.161232    -0.400743
0.161572    -0.40298
0.161913    -0.405216
0.162255    -0.40745
0.162598    -0.409684
0.162941    -0.411917
0.163286    -0.414148
0.163631    -0.416379
0.163978    -0.418608
0.164325    -0.420836
0.164674    -0.423063
0.165023    -0.425289
0.165373    -0.427514
0.165725    -0.429738
0.166077    -0.43196
0.16643    -0.434181
0.166785    -0.436401
0.16714    -0.43862
0.167496    -0.440838
0.167854    -0.443055
0.168212    -0.44527
0.168571    -0.447484
0.168932    -0.449697
0.169294    -0.451909
0.169656    -0.45412
0.17002    -0.456329
0.170385    -0.458537
0.170751    -0.460744
0.171118    -0.462949
0.171486    -0.465154
0.171855    -0.467357
0.172226    -0.469558
0.172597    -0.471759
0.17297    -0.473958
0.173344    -0.476156
0.173719    -0.478353
0.174095    -0.480548
0.174472    -0.482742
0.174851    -0.484935
0.175231    -0.487126
0.175612    -0.489316
0.175994    -0.491505
0.176377    -0.493692
0.176762    -0.495878
0.177148    -0.498063
0.177535    -0.500246
0.177923    -0.502428
0.178313    -0.504608
0.178704    -0.506787
0.179096    -0.508965
0.17949    -0.511141
0.179884    -0.513316
0.18028    -0.51549
0.180678    -0.517662
0.181077    -0.519832
0.181477    -0.522001
0.181878    -0.524169
0.182281    -0.526336
0.182685    -0.5285
0.183091    -0.530664
0.183497    -0.532826
0.183906    -0.534986
0.184315    -0.537145
0.184726    -0.539303
0.185139    -0.541459
0.185553    -0.543613
0.185968    -0.545766
0.186384    -0.547918
0.186803    -0.550068
0.187222    -0.552216
0.187643    -0.554363
0.188066    -0.556508
0.18849    -0.558652
0.188915    -0.560794
0.189342    -0.562935
0.18977    -0.565074
0.1902    -0.567212
0.190632    -0.569348
0.191065    -0.571482
0.191499    -0.573615
0.191935    -0.575746
0.192373    -0.577876
0.192812    -0.580004
0.193252    -0.58213
0.193695    -0.584255
0.194139    -0.586378
0.194584    -0.588499
0.195031    -0.590619
0.195479    -0.592737
0.19593    -0.594854
0.196381    -0.596969
0.196835    -0.599082
0.19729    -0.601193
0.197747    -0.603303
0.198205    -0.605411
0.198665    -0.607518
0.199126    -0.609623
0.19959    -0.611726
0.200055    -0.613827
0.200521    -0.615927
0.20099    -0.618024
0.20146    -0.620121
0.201932    -0.622215
0.202405    -0.624308
0.20288    -0.626398
0.203357    -0.628488
0.203836    -0.630575
0.204316    -0.632661
0.204799    -0.634744
0.205283    -0.636826
0.205768    -0.638907
0.206256    -0.640985
0.206745    -0.643062
0.207236    -0.645136
0.207729    -0.647209
0.208224    -0.649281
0.20872    -0.65135
0.209219    -0.653417
0.209719    -0.655483
0.210221    -0.657547
0.210725    -0.659609
0.211231    -0.661669
0.211738    -0.663727
0.212248    -0.665783
0.212759    -0.667838
0.213272    -0.66989
0.213787    -0.671941
0.214304    -0.67399
0.214823    -0.676037
0.215344    -0.678082
0.215867    -0.680125
0.216392    -0.682166
0.216918    -0.684205
0.217447    -0.686242
0.217978    -0.688278
0.21851    -0.690311
0.219045    -0.692342
0.219581    -0.694372
0.22012    -0.696399
0.22066    -0.698425
0.221203    -0.700448
0.221747    -0.70247
0.222294    -0.704489
0.222842    -0.706506
0.223393    -0.708522
0.223945    -0.710535
0.2245    -0.712547
0.225057    -0.714556
0.225615    -0.716564
0.226176    -0.718569
0.226739    -0.720572
0.227304    -0.722573
0.227871    -0.724573
0.22844    -0.72657
0.229012    -0.728565
0.229585    -0.730558
0.230161    -0.732549
0.230738    -0.734537
0.231318    -0.736524
0.2319    -0.738509
0.232484    -0.740491
0.23307    -0.742471
0.233659    -0.74445
0.234249    -0.746426
0.234842    -0.7484
0.235437    -0.750371
0.236034    -0.752341
0.236633    -0.754309
0.237235    -0.756274
0.237839    -0.758237
0.238445    -0.760198
0.239053    -0.762157
0.239663    -0.764113
0.240276    -0.766068
0.240891    -0.76802
0.241508    -0.76997
0.242127    -0.771918
0.242749    -0.773863
0.243373    -0.775807
0.243999    -0.777748
0.244628    -0.779687
0.245259    -0.781623
0.245892    -0.783558
0.246528    -0.78549
0.247165    -0.78742
0.247806    -0.789347
0.248448    -0.791273
0.249093    -0.793196
0.24974    -0.795116
0.25039    -0.797035
0.251042    -0.798951
0.251696    -0.800865
0.252353    -0.802776
0.253012    -0.804685
0.253673    -0.806592
0.254337    -0.808497
0.255003    -0.810399
0.255672    -0.812299
0.256343    -0.814196
0.257016    -0.816091
0.257692    -0.817984
0.258371    -0.819875
0.259051    -0.821762
0.259735    -0.823648
0.26042    -0.825531
0.261109    -0.827412
0.261799    -0.82929
0.262492    -0.831166
0.263188    -0.83304
0.263886    -0.834911
0.264587    -0.83678
0.26529    -0.838646
0.265995    -0.84051
0.266704    -0.842371
0.267414    -0.84423
0.268127    -0.846087
0.268843    -0.84794
0.269561    -0.849792
0.270282    -0.851641
0.271006    -0.853487
0.271732    -0.855331
0.27246    -0.857173
0.273191    -0.859012
0.273925    -0.860848
0.274661    -0.862682
0.2754    -0.864514
0.276142    -0.866343
0.276886    -0.868169
0.277632    -0.869993
0.278382    -0.871814
0.279134    -0.873632
0.279888    -0.875449
0.280646    -0.877262
0.281405    -0.879073
0.282168    -0.880881
0.282933    -0.882687
0.283701    -0.88449
0.284472    -0.886291
0.285245    -0.888088
0.286021    -0.889884
0.286799    -0.891676
0.287581    -0.893466
0.288365    -0.895254
0.289151    -0.897038
0.289941    -0.89882
0.290733    -0.9006
0.291528    -0.902376
0.292325    -0.90415
0.293126    -0.905921
0.293929    -0.90769
0.294735    -0.909456
0.295543    -0.911219
0.296355    -0.91298
0.297169    -0.914737
0.297986    -0.916492
0.298805    -0.918245
0.299628    -0.919994
0.300453    -0.921741
0.301281    -0.923485
0.302112    -0.925226
0.302946    -0.926965
0.303782    -0.928701
0.304622    -0.930434
0.305464    -0.932164
0.306309    -0.933891
0.307157    -0.935616
0.308007    -0.937337
0.308861    -0.939056
0.309717    -0.940772
0.310576    -0.942486
0.311438    -0.944196
0.312303    -0.945904
0.313171    -0.947608
0.314042    -0.94931
0.314916    -0.951009
0.315792    -0.952705
0.316672    -0.954399
0.317554    -0.956089
0.318439    -0.957776
0.319327    -0.959461
0.320219    -0.961143
0.321113    -0.962821
0.32201    -0.964497
0.322909    -0.96617
0.323812    -0.96784
0.324718    -0.969507
0.325627    -0.971171
0.326539    -0.972832
0.327453    -0.97449
0.328371    -0.976145
0.329292    -0.977797
0.330215    -0.979446
0.331142    -0.981093
0.332071    -0.982736
0.333004    -0.984376
0.333939    -0.986013
0.334878    -0.987647
0.33582    -0.989278
0.336764    -0.990906
0.337712    -0.992531
0.338663    -0.994153
0.339616    -0.995772
0.340573    -0.997387
0.341533    -0.999
0.342496    -1.00061
0.343461    -1.00222
0.34443    -1.00382
0.345402    -1.00542
0.346377    -1.00702
0.347356    -1.00861
0.348337    -1.0102
0.349321    -1.01179
0.350308    -1.01337
0.351299    -1.01496
0.352292    -1.01653
0.353289    -1.01811
0.354289    -1.01968
0.355292    -1.02125
0.356298    -1.02282
0.357307    -1.02438
0.358319    -1.02594
0.359334    -1.02749
0.360353    -1.02905
0.361374    -1.03059
0.362399    -1.03214
0.363427    -1.03368
0.364458    -1.03522
0.365492    -1.03676
0.36653    -1.03829
0.36757    -1.03982
0.368614    -1.04135
0.369661    -1.04287
0.370711    -1.04439
0.371764    -1.04591
0.37282    -1.04742
0.37388    -1.04893
0.374943    -1.05044
0.376009    -1.05194
0.377078    -1.05344
0.37815    -1.05494
0.379226    -1.05643
0.380304    -1.05792
0.381386    -1.05941
0.382472    -1.06089
0.38356    -1.06237
0.384652    -1.06385
0.385747    -1.06532
0.386845    -1.06679
0.387946    -1.06826
0.389051    -1.06972
0.390159    -1.07118
0.39127    -1.07264
0.392384    -1.07409
0.393502    -1.07554
0.394622    -1.07698
0.395747    -1.07843
0.396874    -1.07986
0.398005    -1.0813
0.399138    -1.08273
0.400276    -1.08416
0.401416    -1.08558
0.40256    -1.087
0.403707    -1.08842
0.404857    -1.08983
0.406011    -1.09124
0.407168    -1.09265
0.408328    -1.09405
0.409492    -1.09545
0.410659    -1.09685
0.411829    -1.09824
0.413002    -1.09963
0.414179    -1.10101
0.415359    -1.1024
0.416542    -1.10377
0.417729    -1.10515
0.418919    -1.10652
0.420113    -1.10788
0.421309    -1.10925
0.422509    -1.11061
0.423713    -1.11196
0.42492    -1.11331
0.42613    -1.11466
0.427343    -1.11601
0.42856    -1.11735
0.42978    -1.11869
0.431004    -1.12002
0.432231    -1.12135
0.433461    -1.12267
0.434694    -1.124
0.435931    -1.12531
0.437172    -1.12663
0.438415    -1.12794
0.439662    -1.12925
0.440913    -1.13055
0.442167    -1.13185
0.443424    -1.13314
0.444684    -1.13444
0.445948    -1.13572
0.447216    -1.13701
0.448486    -1.13829
0.449761    -1.13956
0.451038    -1.14084
0.452319    -1.1421
0.453603    -1.14337
0.454891    -1.14463
0.456182    -1.14589
0.457477    -1.14714
0.458775    -1.14839
0.460076    -1.14963
0.461381    -1.15087
0.462689    -1.15211
0.464    -1.15334
0.465315    -1.15457
0.466634    -1.1558
0.467955    -1.15702
0.469281    -1.15823
0.470609    -1.15945
0.471941    -1.16066
0.473277    -1.16186
0.474616    -1.16306
0.475958    -1.16426
0.477304    -1.16545
0.478653    -1.16664
0.480006    -1.16782
0.481362    -1.16901
0.482721    -1.17018
0.484084    -1.17135
0.48545    -1.17252
0.48682    -1.17369
0.488193    -1.17485
0.48957    -1.176
0.49095    -1.17715
0.492333    -1.1783
0.49372    -1.17944
0.495111    -1.18058
0.496505    -1.18172
0.497902    -1.18285
0.499303    -1.18397
0.500707    -1.1851
0.502114    -1.18621
0.503525    -1.18733
0.50494    -1.18844
0.506358    -1.18954
0.507779    -1.19064
0.509204    -1.19174
0.510632    -1.19283
0.512064    -1.19392
0.513499    -1.195
0.514938    -1.19608
0.51638    -1.19716
0.517825    -1.19823
0.519274    -1.19929
0.520727    -1.20035
