-0.65212    1.13363
-0.651029    1.13233
-0.649941    1.13102
-0.648857    1.12971
-0.647777    1.1284
-0.6467    1.12708
-0.645626    1.12576
-0.644556    1.12443
-0.64349    1.1231
-0.642427    1.12177
-0.641367    1.12043
-0.640311    1.11909
-0.639259    1.11774
-0.63821    1.1164
-0.637164    1.11504
-0.636123    1.11369
-0.635084    1.11233
-0.634049    1.11096
-0.633018    1.1096
-0.63199    1.10823
-0.630965    1.10685
-0.629944    1.10547
-0.628926    1.10409
-0.627912    1.10271
-0.626902    1.10132
-0.625894    1.09992
-0.62489    1.09853
-0.62389    1.09713
-0.622893    1.09572
-0.6219    1.09432
-0.62091    1.0929
-0.619923    1.09149
-0.61894    1.09007
-0.61796    1.08865
-0.616984    1.08722
-0.616011    1.0858
-0.615041    1.08436
-0.614075    1.08293
-0.613112    1.08149
-0.612153    1.08004
-0.611197    1.0786
-0.610245    1.07715
-0.609295    1.07569
-0.60835    1.07424
-0.607407    1.07278
-0.606468    1.07131
-0.605532    1.06984
-0.6046    1.06837
-0.603671    1.0669
-0.602745    1.06542
-0.601823    1.06394
-0.600904    1.06245
-0.599988    1.06097
-0.599076    1.05947
-0.598167    1.05798
-0.597262    1.05648
-0.596359    1.05498
-0.59546    1.05347
-0.594564    1.05196
-0.593672    1.05045
-0.592783    1.04894
-0.591897    1.04742
-0.591014    1.0459
-0.590135    1.04437
-0.589259    1.04284
-0.588386    1.04131
-0.587517    1.03977
-0.586651    1.03823
-0.585788    1.03669
-0.584928    1.03514
-0.584072    1.0336
-0.583218    1.03204
-0.582368    1.03049
-0.581522    1.02893
-0.580678    1.02737
-0.579838    1.0258
-0.579001    1.02423
-0.578167    1.02266
-0.577336    1.02109
-0.576509    1.01951
-0.575684    1.01793
-0.574863    1.01634
-0.574045    1.01475
-0.573231    1.01316
-0.572419    1.01157
-0.571611    1.00997
-0.570805    1.00837
-0.570003    1.00676
-0.569204    1.00516
-0.568408    1.00355
-0.567616    1.00193
-0.566826    1.00031
-0.56604    0.998695
-0.565256    0.997072
-0.564476    0.995445
-0.563699    0.993816
-0.562925    0.992183
-0.562154    0.990548
-0.561386    0.988909
-0.560622    0.987267
-0.55986    0.985622
-0.559102    0.983974
-0.558346    0.982322
-0.557594    0.980668
-0.556844    0.979011
-0.556098    0.97735
-0.555355    0.975687
-0.554614    0.97402
-0.553877    0.97235
-0.553143    0.970678
-0.552412    0.969002
-0.551684    0.967323
-0.550958    0.965641
-0.550236    0.963957
-0.549517    0.962269
-0.548801    0.960578
-0.548088    0.958884
-0.547378    0.957187
-0.54667    0.955488
-0.545966    0.953785
-0.545265    0.952079
-0.544567    0.95037
-0.543871    0.948659
-0.543179    0.946944
-0.542489    0.945226
-0.541802    0.943506
-0.541119    0.941783
-0.540438    0.940056
-0.53976    0.938327
-0.539085    0.936595
-0.538413    0.934859
-0.537744    0.933121
-0.537078    0.93138
-0.536414    0.929637
-0.535754    0.92789
-0.535096    0.92614
-0.534441    0.924388
-0.533789    0.922632
-0.53314    0.920874
-0.532494    0.919113
-0.53185    0.917349
-0.53121    0.915582
-0.530572    0.913813
-0.529937    0.91204
-0.529305    0.910265
-0.528675    0.908487
-0.528049    0.906706
-0.527425    0.904922
-0.526804    0.903136
-0.526185    0.901347
-0.52557    0.899555
-0.524957    0.89776
-0.524347    0.895962
-0.52374    0.894162
-0.523135    0.892358
-0.522533    0.890553
-0.521934    0.888744
-0.521338    0.886932
-0.520744    0.885118
-0.520153    0.883301
-0.519565    0.881482
-0.51898    0.879659
-0.518397    0.877834
-0.517816    0.876006
-0.517239    0.874176
-0.516664    0.872343
-0.516092    0.870507
-0.515522    0.868668
-0.514955    0.866827
-0.514391    0.864983
-0.513829    0.863136
-0.51327    0.861287
-0.512714    0.859435
-0.51216    0.857581
-0.511608    0.855723
-0.51106    0.853863
-0.510514    0.852001
-0.50997    0.850136
-0.509429    0.848268
-0.508891    0.846398
-0.508355    0.844525
-0.507822    0.842649
-0.507291    0.840771
-0.506763    0.83889
-0.506237    0.837007
-0.505714    0.835121
-0.505193    0.833232
-0.504675    0.831341
-0.504159    0.829447
-0.503646    0.827551
-0.503136    0.825652
-0.502627    0.823751
-0.502122    0.821847
-0.501618    0.81994
-0.501117    0.818031
-0.500619    0.81612
-0.500123    0.814206
-0.499629    0.812289
-0.499138    0.81037
-0.49865    0.808449
-0.498163    0.806525
-0.497679    0.804598
-0.497198    0.802669
-0.496719    0.800738
-0.496242    0.798804
-0.495768    0.796867
-0.495296    0.794928
-0.494826    0.792987
-0.494359    0.791043
-0.493894    0.789097
-0.493431    0.787148
-0.492971    0.785197
-0.492513    0.783243
-0.492057    0.781287
-0.491603    0.779329
-0.491152    0.777368
-0.490703    0.775405
-0.490257    0.773439
-0.489813    0.771471
-0.489371    0.769501
-0.488931    0.767528
-0.488493    0.765553
-0.488058    0.763575
-0.487625    0.761595
-0.487194    0.759613
-0.486765    0.757628
-0.486339    0.755641
-0.485915    0.753652
-0.485493    0.75166
-0.485073    0.749666
-0.484655    0.74767
-0.48424    0.745671
-0.483826    0.74367
-0.483415    0.741667
-0.483006    0.739661
-0.482599    0.737654
-0.482194    0.735643
-0.481791    0.733631
-0.481391    0.731616
-0.480992    0.729599
-0.480596    0.72758
-0.480202    0.725558
-0.479809    0.723534
-0.479419    0.721508
-0.479031    0.71948
-0.478645    0.717449
-0.478261    0.715416
-0.477879    0.713381
-0.477499    0.711344
-0.477121    0.709305
-0.476746    0.707263
-0.476372    0.705219
-0.476    0.703173
-0.47563    0.701125
-0.475262    0.699074
-0.474896    0.697021
-0.474532    0.694966
-0.47417    0.692909
-0.47381    0.69085
-0.473452    0.688789
-0.473096    0.686725
-0.472741    0.684659
-0.472389    0.682592
-0.472038    0.680522
-0.47169    0.678449
-0.471343    0.676375
-0.470998    0.674299
-0.470655    0.67222
-0.470314    0.67014
-0.469975    0.668057
-0.469638    0.665972
-0.469302    0.663885
-0.468969    0.661796
-0.468637    0.659705
-0.468307    0.657612
-0.467979    0.655516
-0.467652    0.653419
-0.467327    0.65132
-0.467005    0.649218
-0.466683    0.647115
-0.466364    0.645009
-0.466046    0.642902
-0.465731    0.640792
-0.465417    0.63868
-0.465104    0.636567
-0.464793    0.634451
-0.464485    0.632333
-0.464177    0.630214
-0.463872    0.628092
-0.463568    0.625968
-0.463266    0.623842
-0.462965    0.621715
-0.462666    0.619585
-0.462369    0.617454
-0.462074    0.61532
-0.46178    0.613184
-0.461487    0.611047
-0.461197    0.608908
-0.460908    0.606766
-0.46062    0.604623
-0.460334    0.602478
-0.46005    0.60033
-0.459767    0.598181
-0.459486    0.59603
-0.459206    0.593878
-0.458928    0.591723
-0.458652    0.589566
-0.458377    0.587407
-0.458103    0.585247
-0.457832    0.583085
-0.457561    0.58092
-0.457292    0.578754
-0.457025    0.576586
-0.456759    0.574417
-0.456494    0.572245
-0.456231    0.570072
-0.455969    0.567896
-0.455709    0.565719
-0.455451    0.56354
-0.455193    0.561359
-0.454937    0.559177
-0.454683    0.556992
-0.45443    0.554806
-0.454178    0.552618
-0.453928    0.550428
-0.453679    0.548237
-0.453431    0.546044
-0.453185    0.543848
-0.45294    0.541652
-0.452697    0.539453
-0.452454    0.537253
-0.452213    0.53505
-0.451974    0.532847
-0.451736    0.530641
-0.451499    0.528434
-0.451263    0.526225
-0.451028    0.524014
-0.450795    0.521801
-0.450563    0.519587
-0.450333    0.517371
-0.450103    0.515154
-0.449875    0.512935
-0.449648    0.510714
-0.449422    0.508491
-0.449198    0.506267
-0.448974    0.504041
-0.448752    0.501813
-0.448531    0.499584
-0.448311    0.497353
-0.448092    0.495121
-0.447875    0.492887
-0.447658    0.490651
-0.447443    0.488414
-0.447229    0.486175
-0.447016    0.483934
-0.446804    0.481692
-0.446593    0.479448
-0.446383    0.477203
-0.446174    0.474956
-0.445967    0.472707
-0.44576    0.470457
-0.445554    0.468206
-0.44535    0.465953
-0.445146    0.463698
-0.444944    0.461442
-0.444742    0.459184
-0.444542    0.456924
-0.444342    0.454664
-0.444144    0.452401
-0.443946    0.450137
-0.44375    0.447872
-0.443554    0.445605
-0.44336    0.443337
-0.443166    0.441067
-0.442973    0.438796
-0.442781    0.436523
-0.44259    0.434249
-0.4424    0.431973
-0.442211    0.429696
-0.442023    0.427417
-0.441835    0.425137
-0.441649    0.422856
-0.441463    0.420573
-0.441278    0.418288
-0.441094    0.416003
-0.440911    0.413716
-0.440728    0.411427
-0.440547    0.409137
-0.440366    0.406846
-0.440186    0.404553
-0.440007    0.402259
-0.439828    0.399964
-0.439651    0.397667
-0.439474    0.395369
-0.439297    0.393069
-0.439122    0.390768
-0.438947    0.388466
-0.438773    0.386163
-0.4386    0.383858
-0.438427    0.381552
-0.438255    0.379244
-0.438084    0.376935
-0.437913    0.374625
-0.437743    0.372314
-0.437574    0.370002
-0.437405    0.367688
-0.437237    0.365373
-0.43707    0.363056
-0.436903    0.360739
-0.436737    0.35842
-0.436571    0.3561
-0.436406    0.353778
-0.436241    0.351456
-0.436078    0.349132
-0.435914    0.346807
-0.435751    0.344481
-0.435589    0.342153
-0.435427    0.339825
-0.435266    0.337495
-0.435105    0.335164
-0.434945    0.332832
-0.434785    0.330498
-0.434626    0.328164
-0.434467    0.325828
-0.434309    0.323491
-0.434151    0.321154
-0.433994    0.318815
-0.433837    0.316474
-0.43368    0.314133
-0.433524    0.311791
-0.433368    0.309447
-0.433213    0.307103
-0.433058    0.304757
-0.432903    0.30241
-0.432749    0.300063
-0.432595    0.297714
-0.432441    0.295364
-0.432288    0.293013
-0.432135    0.290661
-0.431982    0.288308
-0.43183    0.285954
-0.431678    0.283599
-0.431527    0.281242
-0.431375    0.278885
-0.431224    0.276527
-0.431073    0.274168
-0.430923    0.271808
-0.430772    0.269447
-0.430622    0.267085
-0.430472    0.264722
-0.430322    0.262358
-0.430173    0.259993
-0.430024    0.257627
-0.429874    0.25526
-0.429725    0.252892
-0.429577    0.250524
-0.429428    0.248154
-0.42928    0.245783
-0.429131    0.243412
-0.428983    0.24104
-0.428835    0.238667
-0.428687    0.236292
-0.428539    0.233917
-0.428391    0.231542
-0.428244    0.229165
-0.428096    0.226787
-0.427948    0.224409
-0.427801    0.22203
-0.427653    0.21965
-0.427506    0.217269
-0.427359    0.214887
-0.427211    0.212505
-0.427064    0.210122
-0.426916    0.207738
-0.426769    0.205353
-0.426622    0.202967
-0.426474    0.200581
-0.426327    0.198194
-0.426179    0.195806
-0.426031    0.193417
-0.425884    0.191028
-0.425736    0.188637
-0.425588    0.186247
-0.42544    0.183855
-0.425292    0.181463
-0.425144    0.17907
-0.424996    0.176676
-0.424847    0.174282
-0.424699    0.171887
-0.42455    0.169491
-0.424401    0.167095
-0.424252    0.164698
-0.424103    0.1623
-0.423953    0.159902
-0.423804    0.157503
-0.423654    0.155103
-0.423504    0.152703
-0.423353    0.150302
-0.423203    0.147901
-0.423052    0.145499
-0.422901    0.143096
-0.422749    0.140693
-0.422598    0.138289
-0.422446    0.135885
-0.422294    0.13348
-0.422141    0.131074
-0.421988    0.128668
-0.421835    0.126262
-0.421682    0.123855
-0.421528    0.121447
-0.421374    0.119039
-0.421219    0.116631
-0.421064    0.114222
-0.420909    0.111812
-0.420754    0.109402
-0.420597    0.106991
-0.420441    0.10458
-0.420284    0.102169
-0.420127    0.0997572
-0.419969    0.0973448
-0.419811    0.094932
-0.419652    0.0925188
-0.419493    0.0901052
-0.419333    0.0876912
-0.419173    0.0852768
-0.419013    0.0828619
-0.418852    0.0804467
-0.41869    0.0780311
-0.418528    0.0756151
-0.418365    0.0731988
-0.418202    0.0707821
-0.418038    0.068365
-0.417874    0.0659476
-0.417709    0.0635299
-0.417544    0.0611119
-0.417378    0.0586935
-0.417211    0.0562748
-0.417044    0.0538558
-0.416876    0.0514366
-0.416708    0.049017
-0.416539    0.0465972
-0.416369    0.0441771
-0.416199    0.0417567
-0.416028    0.039336
-0.415856    0.0369152
-0.415684    0.034494
-0.415511    0.0320727
-0.415337    0.0296511
-0.415162    0.0272293
-0.414987    0.0248073
-0.414811    0.0223851
-0.414635    0.0199627
-0.414457    0.0175401
-0.414279    0.0151174
-0.4141    0.0126945
-0.413921    0.0102714
-0.41374    0.00784814
-0.413559    0.00542476
-0.413377    0.00300124
-0.413194    0.000577586
-0.41301    -0.00184618
-0.412826    -0.00427007
-0.412641    -0.00669406
-0.412454    -0.00911814
-0.412267    -0.0115423
-0.41208    -0.0139666
-0.411891    -0.0163909
-0.411701    -0.0188153
-0.411511    -0.0212398
-0.411319    -0.0236643
-0.411127    -0.0260888
-0.410934    -0.0285134
-0.41074    -0.030938
-0.410545    -0.0333626
-0.410349    -0.0357872
-0.410152    -0.0382119
-0.409954    -0.0406365
-0.409755    -0.0430611
-0.409555    -0.0454857
-0.409354    -0.0479103
-0.409152    -0.0503348
-0.408949    -0.0527593
-0.408745    -0.0551837
-0.40854    -0.0576081
-0.408334    -0.0600324
-0.408127    -0.0624566
-0.407919    -0.0648807
-0.40771    -0.0673047
-0.4075    -0.0697287
-0.407289    -0.0721525
-0.407077    -0.0745762
-0.406863    -0.0769997
-0.406649    -0.0794232
-0.406433    -0.0818465
-0.406216    -0.0842696
-0.405998    -0.0866926
-0.405779    -0.0891154
-0.405559    -0.0915381
-0.405338    -0.0939606
-0.405115    -0.0963828
-0.404891    -0.0988049
-0.404667    -0.101227
-0.404441    -0.103648
-0.404213    -0.10607
-0.403985    -0.108491
-0.403755    -0.110912
-0.403524    -0.113333
-0.403292    -0.115753
-0.403059    -0.118173
-0.402824    -0.120593
-0.402588    -0.123013
-0.402351    -0.125432
-0.402112    -0.127851
-0.401873    -0.13027
-0.401631    -0.132689
-0.401389    -0.135107
-0.401145    -0.137525
-0.4009    -0.139942
-0.400654    -0.142359
-0.400406    -0.144776
-0.400157    -0.147192
-0.399907    -0.149608
-0.399655    -0.152024
-0.399402    -0.154439
-0.399148    -0.156854
-0.398892    -0.159269
-0.398634    -0.161683
-0.398376    -0.164097
-0.398115    -0.16651
-0.397854    -0.168923
-0.397591    -0.171335
-0.397326    -0.173747
-0.39706    -0.176159
-0.396793    -0.17857
-0.396524    -0.18098
-0.396254    -0.18339
-0.395982    -0.1858
-0.395709    -0.188209
-0.395434    -0.190617
-0.395158    -0.193025
-0.39488    -0.195433
-0.394601    -0.19784
-0.39432    -0.200246
-0.394037    -0.202652
-0.393753    -0.205058
-0.393468    -0.207463
-0.39318    -0.209867
-0.392892    -0.212271
-0.392601    -0.214674
-0.39231    -0.217076
-0.392016    -0.219478
-0.391721    -0.221879
-0.391424    -0.22428
-0.391126    -0.22668
-0.390826    -0.22908
-0.390524    -0.231478
-0.390221    -0.233876
-0.389916    -0.236274
-0.389609    -0.238671
-0.389301    -0.241067
-0.388991    -0.243462
-0.388679    -0.245857
-0.388366    -0.248251
-0.388051    -0.250645
-0.387734    -0.253037
-0.387415    -0.255429
-0.387095    -0.25782
-0.386773    -0.260211
-0.386449    -0.262601
-0.386124    -0.26499
-0.385796    -0.267378
-0.385467    -0.269765
-0.385136    -0.272152
-0.384803    -0.274538
-0.384469    -0.276923
-0.384133    -0.279307
-0.383795    -0.281691
-0.383455    -0.284073
-0.383113    -0.286455
-0.382769    -0.288836
-0.382424    -0.291216
-0.382076    -0.293596
-0.381727    -0.295974
-0.381376    -0.298352
-0.381023    -0.300728
-0.380668    -0.303104
-0.380312    -0.305479
-0.379953    -0.307853
-0.379593    -0.310226
-0.37923    -0.312599
-0.378866    -0.31497
-0.378499    -0.31734
-0.378131    -0.31971
-0.377761    -0.322078
-0.377389    -0.324446
-0.377015    -0.326813
-0.376638    -0.329178
-0.37626    -0.331543
-0.37588    -0.333907
-0.375498    -0.336269
-0.375114    -0.338631
-0.374728    -0.340992
-0.37434    -0.343351
-0.37395    -0.34571
-0.373557    -0.348067
-0.373163    -0.350424
-0.372767    -0.35278
-0.372368    -0.355134
-0.371968    -0.357487
-0.371566    -0.35984
-0.371161    -0.362191
-0.370754    -0.364541
-0.370345    -0.36689
-0.369935    -0.369238
-0.369522    -0.371585
-0.369106    -0.373931
-0.368689    -0.376275
-0.36827    -0.378619
-0.367848    -0.380961
-0.367425    -0.383302
-0.366999    -0.385642
-0.366571    -0.387981
-0.366141    -0.390319
-0.365708    -0.392656
-0.365274    -0.394991
-0.364837    -0.397325
-0.364398    -0.399658
-0.363957    -0.40199
-0.363514    -0.40432
-0.363068    -0.406649
-0.36262    -0.408977
-0.36217    -0.411304
-0.361718    -0.41363
-0.361263    -0.415954
-0.360807    -0.418277
-0.360348    -0.420599
-0.359886    -0.422919
-0.359423    -0.425238
-0.358957    -0.427556
-0.358488    -0.429873
-0.358018    -0.432188
-0.357545    -0.434502
-0.35707    -0.436814
-0.356592    -0.439126
-0.356113    -0.441435
-0.35563    -0.443744
-0.355146    -0.446051
-0.354659    -0.448357
-0.35417    -0.450661
-0.353678    -0.452964
-0.353184    -0.455266
-0.352688    -0.457566
-0.352189    -0.459865
-0.351688    -0.462162
-0.351185    -0.464458
-0.350679    -0.466753
-0.350171    -0.469046
-0.34966    -0.471338
-0.349147    -0.473628
-0.348631    -0.475917
-0.348113    -0.478204
-0.347592    -0.48049
-0.347069    -0.482774
-0.346544    -0.485057
-0.346016    -0.487338
-0.345486    -0.489618
-0.344953    -0.491896
-0.344417    -0.494173
-0.34388    -0.496448
-0.343339    -0.498722
-0.342796    -0.500994
-0.342251    -0.503264
-0.341703    -0.505533
-0.341153    -0.507801
-0.3406    -0.510067
-0.340044    -0.512331
-0.339486    -0.514594
-0.338925    -0.516855
-0.338362    -0.519114
-0.337797    -0.521372
-0.337228    -0.523628
-0.336657    -0.525883
-0.336084    -0.528135
-0.335508    -0.530387
-0.334929    -0.532636
-0.334348    -0.534884
-0.333764    -0.53713
-0.333177    -0.539375
-0.332588    -0.541618
-0.331996    -0.543859
-0.331402    -0.546099
-0.330805    -0.548336
-0.330205    -0.550572
-0.329602    -0.552807
-0.328997    -0.555039
-0.32839    -0.55727
-0.327779    -0.559499
-0.327166    -0.561726
-0.32655    -0.563952
-0.325932    -0.566176
-0.32531    -0.568398
-0.324687    -0.570618
-0.32406    -0.572836
-0.323431    -0.575053
-0.322798    -0.577268
-0.322164    -0.57948
-0.321526    -0.581692
-0.320886    -0.583901
-0.320243    -0.586108
-0.319597    -0.588314
-0.318948    -0.590517
-0.318297    -0.592719
-0.317643    -0.594919
-0.316986    -0.597117
-0.316326    -0.599314
-0.315664    -0.601508
-0.314998    -0.6037
-0.31433    -0.605891
-0.31366    -0.608079
-0.312986    -0.610266
-0.312309    -0.61245
-0.31163    -0.614633
-0.310948    -0.616814
-0.310263    -0.618992
-0.309575    -0.621169
-0.308884    -0.623344
-0.30819    -0.625517
-0.307494    -0.627688
-0.306795    -0.629857
-0.306092    -0.632023
-0.305387    -0.634188
-0.304679    -0.636351
-0.303968    -0.638512
-0.303255    -0.64067
-0.302538    -0.642827
-0.301819    -0.644982
-0.301096    -0.647134
-0.300371    -0.649285
-0.299642    -0.651433
-0.298911    -0.653579
-0.298177    -0.655723
-0.29744    -0.657866
-0.2967    -0.660005
-0.295957    -0.662143
-0.295211    -0.664279
-0.294462    -0.666413
-0.29371    -0.668544
-0.292955    -0.670673
-0.292197    -0.6728
-0.291436    -0.674925
-0.290673    -0.677048
-0.289906    -0.679169
-0.289136    -0.681287
-0.288363    -0.683403
-0.287587    -0.685517
-0.286808    -0.687629
-0.286027    -0.689739
-0.285242    -0.691846
-0.284454    -0.693951
-0.283663    -0.696054
-0.282869    -0.698154
-0.282072    -0.700253
-0.281272    -0.702349
-0.280469    -0.704442
-0.279662    -0.706534
-0.278853    -0.708623
-0.278041    -0.71071
-0.277226    -0.712795
-0.276407    -0.714877
-0.275585    -0.716957
-0.274761    -0.719034
-0.273933    -0.721109
-0.273102    -0.723182
-0.272268    -0.725253
-0.271431    -0.727321
-0.270591    -0.729387
-0.269748    -0.73145
-0.268902    -0.733511
-0.268052    -0.73557
-0.267199    -0.737626
-0.266344    -0.73968
-0.265485    -0.741731
-0.264623    -0.74378
-0.263758    -0.745827
-0.262889    -0.747871
-0.262018    -0.749912
-0.261143    -0.751951
-0.260265    -0.753988
-0.259384    -0.756022
-0.2585    -0.758054
-0.257613    -0.760083
-0.256722    -0.76211
-0.255829    -0.764134
-0.254932    -0.766156
-0.254032    -0.768175
-0.253128    -0.770191
-0.252222    -0.772205
-0.251312    -0.774217
-0.250399    -0.776226
-0.249483    -0.778232
-0.248564    -0.780236
-0.247641    -0.782237
-0.246715    -0.784236
-0.245786    -0.786232
-0.244854    -0.788225
-0.243918    -0.790216
-0.24298    -0.792204
-0.242038    -0.79419
-0.241092    -0.796173
-0.240144    -0.798153
-0.239192    -0.80013
-0.238237    -0.802105
-0.237279    -0.804078
-0.236317    -0.806047
-0.235352    -0.808014
-0.234384    -0.809978
-0.233413    -0.81194
-0.232438    -0.813898
-0.23146    -0.815854
-0.230479    -0.817808
-0.229494    -0.819758
-0.228506    -0.821706
-0.227515    -0.823651
-0.226521    -0.825593
-0.225523    -0.827533
-0.224522    -0.82947
-0.223518    -0.831404
-0.22251    -0.833335
-0.221499    -0.835263
-0.220484    -0.837189
-0.219467    -0.839111
-0.218446    -0.841031
-0.217421    -0.842948
-0.216393    -0.844862
-0.215362    -0.846774
-0.214328    -0.848682
-0.21329    -0.850588
-0.212249    -0.85249
-0.211205    -0.85439
-0.210157    -0.856287
-0.209106    -0.858181
-0.208051    -0.860072
-0.206993    -0.861961
-0.205932    -0.863846
-0.204867    -0.865728
-0.203799    -0.867607
-0.202728    -0.869484
-0.201653    -0.871357
-0.200575    -0.873228
-0.199493    -0.875095
-0.198408    -0.87696
-0.19732    -0.878821
-0.196228    -0.88068
-0.195133    -0.882535
-0.194034    -0.884388
-0.192932    -0.886237
-0.191827    -0.888083
-0.190718    -0.889927
-0.189606    -0.891767
-0.18849    -0.893604
-0.187371    -0.895438
-0.186249    -0.897269
-0.185123    -0.899097
-0.183994    -0.900922
-0.182861    -0.902744
-0.181725    -0.904562
-0.180585    -0.906378
-0.179442    -0.90819
-0.178296    -0.909999
-0.177146    -0.911805
-0.175993    -0.913608
-0.174836    -0.915408
-0.173676    -0.917205
-0.172512    -0.918998
-0.171345    -0.920788
-0.170175    -0.922575
-0.169001    -0.924359
-0.167823    -0.926139
-0.166642    -0.927917
-0.165458    -0.929691
-0.16427    -0.931461
-0.163079    -0.933229
-0.161884    -0.934993
-0.160686    -0.936754
-0.159484    -0.938512
-0.158279    -0.940266
-0.15707    -0.942017
-0.155858    -0.943765
-0.154643    -0.94551
-0.153424    -0.947251
-0.152201    -0.948989
-0.150975    -0.950723
-0.149746    -0.952454
-0.148513    -0.954182
-0.147277    -0.955907
-0.146037    -0.957628
-0.144793    -0.959345
-0.143547    -0.961059
-0.142296    -0.96277
-0.141042    -0.964478
-0.139785    -0.966182
-0.138524    -0.967882
-0.13726    -0.969579
-0.135992    -0.971273
-0.134721    -0.972963
-0.133446    -0.97465
-0.132168    -0.976333
-0.130886    -0.978013
-0.129601    -0.979689
-0.128312    -0.981362
-0.12702    -0.983031
-0.125724    -0.984697
-0.124425    -0.986359
-0.123122    -0.988018
-0.121816    -0.989673
-0.120506    -0.991324
-0.119193    -0.992972
-0.117876    -0.994617
-0.116556    -0.996258
-0.115232    -0.997895
-0.113905    -0.999529
-0.112574    -1.00116
-0.11124    -1.00278
-0.109902    -1.00441
-0.108561    -1.00603
-0.107216    -1.00764
-0.105868    -1.00925
-0.104516    -1.01086
-0.103161    -1.01247
-0.101802    -1.01407
-0.10044    -1.01566
-0.099074    -1.01726
-0.0977047    -1.01885
-0.0963319    -1.02043
-0.0949555    -1.02202
-0.0935757    -1.02359
-0.0921924    -1.02517
-0.0908055    -1.02674
-0.0894152    -1.02831
-0.0880214    -1.02987
-0.086624    -1.03143
-0.0852231    -1.03299
-0.0838188    -1.03454
-0.0824109    -1.03609
-0.0809996    -1.03763
-0.0795847    -1.03917
-0.0781663    -1.04071
-0.0767445    -1.04224
-0.0753191    -1.04377
-0.0738902    -1.0453
-0.0724579    -1.04682
-0.071022    -1.04833
-0.0695827    -1.04985
-0.0681398    -1.05136
-0.0666935    -1.05286
-0.0652436    -1.05436
-0.0637903    -1.05586
-0.0623334    -1.05736
-0.0608731    -1.05885
-0.0594093    -1.06033
-0.057942    -1.06181
-0.0564712    -1.06329
-0.0549969    -1.06477
-0.0535192    -1.06624
-0.0520379    -1.0677
-0.0505532    -1.06916
-0.049065    -1.07062
-0.0475733    -1.07208
-0.0460781    -1.07353
-0.0445795    -1.07497
-0.0430774    -1.07641
-0.0415718    -1.07785
-0.0400627    -1.07928
-0.0385502    -1.08071
-0.0370342    -1.08214
-0.0355147    -1.08356
-0.0339918    -1.08498
-0.0324654    -1.08639
-0.0309355    -1.0878
-0.0294022    -1.0892
-0.0278654    -1.0906
-0.0263252    -1.092
-0.0247815    -1.09339
-0.0232344    -1.09478
-0.0216838    -1.09617
-0.0201298    -1.09754
-0.0185723    -1.09892
-0.0170114    -1.10029
-0.015447    -1.10166
-0.0138792    -1.10302
-0.012308    -1.10438
-0.0107333    -1.10573
-0.00915522    -1.10708
-0.0075737    -1.10843
-0.00598876    -1.10977
-0.00440039    -1.11111
-0.00280861    -1.11244
-0.0012134    -1.11377
0.000385213    -1.11509
0.00198724    -1.11641
0.00359268    -1.11773
0.00520152    -1.11904
0.00681376    -1.12035
0.0084294    -1.12165
0.0100484    -1.12295
0.0116709    -1.12424
0.0132967    -1.12553
0.0149259    -1.12681
0.0165585    -1.12809
0.0181945    -1.12937
0.0198338    -1.13064
0.0214765    -1.13191
0.0231226    -1.13317
0.0247721    -1.13443
0.0264249    -1.13568
0.0280811    -1.13693
0.0297406    -1.13817
0.0314035    -1.13941
0.0330697    -1.14065
0.0347393    -1.14188
0.0364122    -1.14311
0.0380885    -1.14433
0.039768    -1.14555
0.041451    -1.14676
0.0431372    -1.14797
0.0448268    -1.14917
0.0465196    -1.15037
0.0482158    -1.15156
0.0499153    -1.15275
0.0516181    -1.15394
0.0533242    -1.15512
0.0550336    -1.1563
0.0567463    -1.15747
0.0584623    -1.15863
0.0601815    -1.1598
0.061904    -1.16095
0.0636298    -1.16211
0.0653589    -1.16325
0.0670912    -1.1644
0.0688268    -1.16553
0.0705657    -1.16667
0.0723077    -1.1678
0.0740531    -1.16892
0.0758017    -1.17004
0.0775535    -1.17115
0.0793085    -1.17226
0.0810668    -1.17337
0.0828282    -1.17447
0.0845929    -1.17557
0.0863608    -1.17666
0.0881319    -1.17774
0.0899062    -1.17882
0.0916837    -1.1799
0.0934644    -1.18097
0.0952482    -1.18204
0.0970353    -1.1831
0.0988255    -1.18415
0.100619    -1.18521
0.102415    -1.18625
0.104215    -1.1873
0.106018    -1.18833
0.107824    -1.18936
0.109633    -1.19039
0.111445    -1.19141
0.11326    -1.19243
0.115079    -1.19344
0.1169    -1.19445
0.118725    -1.19545
0.120553    -1.19645
0.122384    -1.19744
0.124218    -1.19843
0.126055    -1.19941
0.127895    -1.20039
0.129738    -1.20136
0.131584    -1.20233
0.133434    -1.20329
0.135286    -1.20425
0.137141    -1.2052
0.139    -1.20615
0.140861    -1.20709
0.142726    -1.20803
0.144593    -1.20896
0.146463    -1.20988
0.148337    -1.2108
0.150213    -1.21172
0.152093    -1.21263
0.153975    -1.21354
0.155861    -1.21444
0.157749    -1.21533
0.15964    -1.21622
0.161534    -1.21711
0.163432    -1.21799
0.165332    -1.21886
0.167235    -1.21973
0.169141    -1.2206
0.17105    -1.22146
0.172961    -1.22231
0.174876    -1.22316
0.176794    -1.224
0.178714    -1.22484
0.180637    -1.22567
0.182564    -1.2265
0.184493    -1.22732
0.186424    -1.22814
0.188359    -1.22895
0.190297    -1.22976
0.192237    -1.23056
0.19418    -1.23135
0.196126    -1.23214
0.198075    -1.23293
0.200026    -1.23371
0.201981    -1.23448
0.203938    -1.23525
0.205898    -1.23601
0.20786    -1.23677
0.209826    -1.23752
0.211794    -1.23827
0.213765    -1.23901
0.215738    -1.23974
0.217715    -1.24048
0.219694    -1.2412
0.221675    -1.24192
0.22366    -1.24263
0.225647    -1.24334
0.227636    -1.24405
0.229629    -1.24474
0.231624    -1.24543
0.233621    -1.24612
0.235621    -1.2468
0.237624    -1.24748
0.23963    -1.24815
0.241638    -1.24881
0.243649    -1.24947
0.245662    -1.25012
0.247678    -1.25077
0.249696    -1.25141
0.251717    -1.25205
0.25374    -1.25268
0.255766    -1.25331
0.257795    -1.25392
0.259826    -1.25454
0.261859    -1.25515
0.263895    -1.25575
0.265934    -1.25635
0.267975    -1.25694
0.270018    -1.25752
0.272064    -1.2581
0.274112    -1.25868
0.276163    -1.25925
0.278216    -1.25981
0.280272    -1.26037
0.28233    -1.26092
0.28439    -1.26146
0.286453    -1.262
0.288518    -1.26254
0.290585    -1.26306
0.292655    -1.26359
0.294727    -1.2641
0.296802    -1.26461
0.298879    -1.26512
0.300958    -1.26562
0.303039    -1.26611
0.305122    -1.2666
0.307208    -1.26708
0.309296    -1.26756
0.311387    -1.26803
0.313479    -1.26849
0.315574    -1.26895
0.317671    -1.26941
