-0.414426    -1.2414
-0.412874    -1.24037
-0.411326    -1.23934
-0.409781    -1.2383
-0.40824    -1.23726
-0.406703    -1.23621
-0.405169    -1.23516
-0.403638    -1.23411
-0.402112    -1.23305
-0.400589    -1.23198
-0.399069    -1.23091
-0.397553    -1.22984
-0.396041    -1.22876
-0.394532    -1.22768
-0.393027    -1.22659
-0.391526    -1.2255
-0.390028    -1.22441
-0.388534    -1.22331
-0.387043    -1.2222
-0.385556    -1.22109
-0.384073    -1.21998
-0.382593    -1.21886
-0.381117    -1.21774
-0.379644    -1.21661
-0.378175    -1.21548
-0.37671    -1.21435
-0.375248    -1.21321
-0.37379    -1.21206
-0.372335    -1.21091
-0.370884    -1.20976
-0.369437    -1.20861
-0.367993    -1.20744
-0.366553    -1.20628
-0.365116    -1.20511
-0.363684    -1.20394
-0.362254    -1.20276
-0.360829    -1.20158
-0.359407    -1.20039
-0.357988    -1.1992
-0.356573    -1.198
-0.355162    -1.1968
-0.353755    -1.1956
-0.352351    -1.19439
-0.35095    -1.19318
-0.349553    -1.19197
-0.34816    -1.19075
-0.346771    -1.18952
-0.345385    -1.1883
-0.344002    -1.18706
-0.342624    -1.18583
-0.341249    -1.18459
-0.339877    -1.18334
-0.338509    -1.18209
-0.337145    -1.18084
-0.335784    -1.17958
-0.334427    -1.17832
-0.333074    -1.17706
-0.331724    -1.17579
-0.330378    -1.17452
-0.329035    -1.17324
-0.327696    -1.17196
-0.32636    -1.17067
-0.325029    -1.16939
-0.3237    -1.16809
-0.322376    -1.1668
-0.321055    -1.1655
-0.319737    -1.16419
-0.318423    -1.16288
-0.317113    -1.16157
-0.315806    -1.16025
-0.314503    -1.15893
-0.313203    -1.15761
-0.311908    -1.15628
-0.310615    -1.15495
-0.309326    -1.15361
-0.308041    -1.15227
-0.306759    -1.15093
-0.305481    -1.14958
-0.304207    -1.14823
-0.302936    -1.14688
-0.301669    -1.14552
-0.300405    -1.14415
-0.299145    -1.14279
-0.297888    -1.14142
-0.296635    -1.14004
-0.295386    -1.13866
-0.29414    -1.13728
-0.292897    -1.1359
-0.291658    -1.13451
-0.290423    -1.13312
-0.289191    -1.13172
-0.287963    -1.13032
-0.286738    -1.12891
-0.285517    -1.12751
-0.2843    -1.12609
-0.283086    -1.12468
-0.281875    -1.12326
-0.280668    -1.12184
-0.279465    -1.12041
-0.278265    -1.11898
-0.277069    -1.11755
-0.275876    -1.11611
-0.274687    -1.11467
-0.273501    -1.11323
-0.272319    -1.11178
-0.27114    -1.11033
-0.269965    -1.10887
-0.268793    -1.10741
-0.267625    -1.10595
-0.26646    -1.10448
-0.265299    -1.10301
-0.264141    -1.10154
-0.262987    -1.10007
-0.261836    -1.09858
-0.260689    -1.0971
-0.259545    -1.09561
-0.258405    -1.09412
-0.257268    -1.09263
-0.256135    -1.09113
-0.255005    -1.08963
-0.253879    -1.08813
-0.252756    -1.08662
-0.251636    -1.08511
-0.25052    -1.08359
-0.249408    -1.08207
-0.248299    -1.08055
-0.247193    -1.07902
-0.246091    -1.0775
-0.244992    -1.07596
-0.243897    -1.07443
-0.242805    -1.07289
-0.241717    -1.07135
-0.240632    -1.0698
-0.23955    -1.06825
-0.238472    -1.0667
-0.237397    -1.06514
-0.236326    -1.06358
-0.235258    -1.06202
-0.234194    -1.06046
-0.233132    -1.05889
-0.232075    -1.05731
-0.231021    -1.05574
-0.22997    -1.05416
-0.228922    -1.05258
-0.227878    -1.05099
-0.226837    -1.0494
-0.2258    -1.04781
-0.224766    -1.04621
-0.223735    -1.04461
-0.222708    -1.04301
-0.221684    -1.04141
-0.220664    -1.0398
-0.219647    -1.03819
-0.218633    -1.03657
-0.217622    -1.03495
-0.216615    -1.03333
-0.215611    -1.03171
-0.214611    -1.03008
-0.213614    -1.02845
-0.21262    -1.02681
-0.21163    -1.02518
-0.210642    -1.02354
-0.209659    -1.02189
-0.208678    -1.02025
-0.207701    -1.0186
-0.206727    -1.01694
-0.205756    -1.01529
-0.204789    -1.01363
-0.203825    -1.01197
-0.202864    -1.0103
-0.201906    -1.00863
-0.200952    -1.00696
-0.200001    -1.00529
-0.199053    -1.00361
-0.198109    -1.00193
-0.197168    -1.00024
-0.19623    -0.998556
-0.195295    -0.996866
-0.194364    -0.995173
-0.193435    -0.993477
-0.19251    -0.991777
-0.191588    -0.990075
-0.19067    -0.98837
-0.189754    -0.986662
-0.188842    -0.984951
-0.187933    -0.983237
-0.187028    -0.98152
-0.186125    -0.9798
-0.185226    -0.978077
-0.184329    -0.976351
-0.183436    -0.974622
-0.182547    -0.97289
-0.18166    -0.971155
-0.180776    -0.969418
-0.179896    -0.967677
-0.179019    -0.965934
-0.178145    -0.964187
-0.177274    -0.962438
-0.176406    -0.960686
-0.175541    -0.958931
-0.17468    -0.957173
-0.173821    -0.955412
-0.172966    -0.953648
-0.172114    -0.951881
-0.171265    -0.950112
-0.170419    -0.94834
-0.169576    -0.946565
-0.168736    -0.944787
-0.1679    -0.943006
-0.167066    -0.941222
-0.166236    -0.939436
-0.165408    -0.937647
-0.164584    -0.935855
-0.163762    -0.93406
-0.162944    -0.932263
-0.162129    -0.930462
-0.161317    -0.928659
-0.160507    -0.926853
-0.159701    -0.925045
-0.158898    -0.923233
-0.158098    -0.921419
-0.157301    -0.919602
-0.156507    -0.917783
-0.155716    -0.915961
-0.154928    -0.914136
-0.154142    -0.912308
-0.15336    -0.910477
-0.152581    -0.908644
-0.151805    -0.906809
-0.151032    -0.90497
-0.150261    -0.903129
-0.149494    -0.901285
-0.14873    -0.899439
-0.147968    -0.897589
-0.14721    -0.895738
-0.146454    -0.893883
-0.145702    -0.892026
-0.144952    -0.890167
-0.144205    -0.888304
-0.143461    -0.886439
-0.14272    -0.884572
-0.141982    -0.882702
-0.141247    -0.880829
-0.140515    -0.878953
-0.139785    -0.877076
-0.139058    -0.875195
-0.138335    -0.873312
-0.137614    -0.871426
-0.136896    -0.869538
-0.136181    -0.867647
-0.135468    -0.865754
-0.134759    -0.863858
-0.134052    -0.86196
-0.133348    -0.860059
-0.132647    -0.858156
-0.131949    -0.85625
-0.131253    -0.854341
-0.130561    -0.85243
-0.129871    -0.850517
-0.129184    -0.848601
-0.128499    -0.846683
-0.127818    -0.844762
-0.127139    -0.842838
-0.126463    -0.840913
-0.12579    -0.838984
-0.125119    -0.837054
-0.124451    -0.83512
-0.123786    -0.833185
-0.123124    -0.831247
-0.122464    -0.829306
-0.121807    -0.827363
-0.121153    -0.825418
-0.120501    -0.82347
-0.119853    -0.82152
-0.119206    -0.819568
-0.118563    -0.817613
-0.117922    -0.815656
-0.117284    -0.813696
-0.116648    -0.811734
-0.116016    -0.80977
-0.115385    -0.807803
-0.114758    -0.805834
-0.114133    -0.803862
-0.11351    -0.801889
-0.112891    -0.799913
-0.112274    -0.797934
-0.111659    -0.795953
-0.111047    -0.79397
-0.110438    -0.791985
-0.109831    -0.789997
-0.109227    -0.788007
-0.108625    -0.786015
-0.108026    -0.784021
-0.10743    -0.782024
-0.106836    -0.780025
-0.106244    -0.778023
-0.105655    -0.77602
-0.105069    -0.774014
-0.104485    -0.772006
-0.103904    -0.769995
-0.103325    -0.767983
-0.102749    -0.765968
-0.102175    -0.763951
-0.101603    -0.761932
-0.101034    -0.75991
-0.100468    -0.757886
-0.0999041    -0.755861
-0.0993425    -0.753833
-0.0987835    -0.751802
-0.0982268    -0.74977
-0.0976726    -0.747735
-0.0971209    -0.745698
-0.0965715    -0.74366
-0.0960246    -0.741618
-0.09548    -0.739575
-0.0949379    -0.73753
-0.0943981    -0.735482
-0.0938608    -0.733433
-0.0933258    -0.731381
-0.0927931    -0.729327
-0.0922629    -0.727271
-0.0917349    -0.725213
-0.0912094    -0.723153
-0.0906861    -0.72109
-0.0901652    -0.719026
-0.0896466    -0.716959
-0.0891303    -0.714891
-0.0886164    -0.71282
-0.0881047    -0.710748
-0.0875953    -0.708673
-0.0870883    -0.706596
-0.0865834    -0.704517
-0.0860809    -0.702436
-0.0855806    -0.700353
-0.0850826    -0.698268
-0.0845868    -0.696181
-0.0840933    -0.694092
-0.083602    -0.692001
-0.0831129    -0.689908
-0.0826261    -0.687813
-0.0821414    -0.685716
-0.081659    -0.683617
-0.0811787    -0.681516
-0.0807007    -0.679413
-0.0802248    -0.677308
-0.0797511    -0.675202
-0.0792795    -0.673093
-0.0788102    -0.670982
-0.0783429    -0.668869
-0.0778778    -0.666754
-0.0774149    -0.664638
-0.076954    -0.662519
-0.0764953    -0.660399
-0.0760387    -0.658277
-0.0755842    -0.656152
-0.0751318    -0.654026
-0.0746815    -0.651898
-0.0742332    -0.649768
-0.073787    -0.647636
-0.0733429    -0.645503
-0.0729009    -0.643367
-0.0724609    -0.641229
-0.0720229    -0.63909
-0.071587    -0.636949
-0.0711531    -0.634806
-0.0707212    -0.632661
-0.0702913    -0.630514
-0.0698634    -0.628366
-0.0694375    -0.626216
-0.0690136    -0.624063
-0.0685917    -0.621909
-0.0681717    -0.619754
-0.0677537    -0.617596
-0.0673377    -0.615437
-0.0669236    -0.613276
-0.0665115    -0.611113
-0.0661012    -0.608948
-0.0656929    -0.606782
-0.0652865    -0.604613
-0.064882    -0.602443
-0.0644794    -0.600272
-0.0640787    -0.598098
-0.0636799    -0.595923
-0.063283    -0.593746
-0.0628879    -0.591567
-0.0624947    -0.589387
-0.0621033    -0.587205
-0.0617138    -0.585021
-0.0613261    -0.582835
-0.0609402    -0.580648
-0.0605561    -0.578459
-0.0601739    -0.576269
-0.0597934    -0.574077
-0.0594148    -0.571883
-0.0590379    -0.569687
-0.0586628    -0.56749
-0.0582895    -0.565291
-0.0579179    -0.56309
-0.0575481    -0.560888
-0.05718    -0.558685
-0.0568137    -0.556479
-0.0564491    -0.554272
-0.0560862    -0.552063
-0.055725    -0.549853
-0.0553655    -0.547641
-0.0550077    -0.545428
-0.0546516    -0.543213
-0.0542972    -0.540996
-0.0539444    -0.538778
-0.0535933    -0.536558
-0.0532439    -0.534337
-0.0528961    -0.532114
-0.0525499    -0.52989
-0.0522053    -0.527664
-0.0518624    -0.525436
-0.0515211    -0.523207
-0.0511814    -0.520976
-0.0508433    -0.518744
-0.0505067    -0.516511
-0.0501718    -0.514276
-0.0498384    -0.512039
-0.0495066    -0.509801
-0.0491763    -0.507561
-0.0488476    -0.50532
-0.0485204    -0.503078
-0.0481947    -0.500834
-0.0478705    -0.498588
-0.0475479    -0.496341
-0.0472268    -0.494093
-0.0469071    -0.491843
-0.0465889    -0.489592
-0.0462723    -0.487339
-0.045957    -0.485085
-0.0456433    -0.48283
-0.0453309    -0.480573
-0.0450201    -0.478315
-0.0447106    -0.476055
-0.0444026    -0.473794
-0.044096    -0.471531
-0.0437908    -0.469267
-0.043487    -0.467002
-0.0431846    -0.464735
-0.0428836    -0.462468
-0.0425839    -0.460198
-0.0422856    -0.457928
-0.0419887    -0.455656
-0.0416931    -0.453382
-0.0413989    -0.451108
-0.041106    -0.448832
-0.0408144    -0.446554
-0.0405241    -0.444276
-0.0402351    -0.441996
-0.0399474    -0.439715
-0.039661    -0.437432
-0.0393759    -0.435149
-0.039092    -0.432864
-0.0388095    -0.430577
-0.0385281    -0.42829
-0.038248    -0.426001
-0.0379692    -0.423711
-0.0376915    -0.42142
-0.0374151    -0.419127
-0.0371399    -0.416834
-0.0368659    -0.414539
-0.0365931    -0.412243
-0.0363214    -0.409945
-0.036051    -0.407647
-0.0357817    -0.405347
-0.0355135    -0.403046
-0.0352465    -0.400744
-0.0349807    -0.398441
-0.0347159    -0.396136
-0.0344523    -0.393831
-0.0341898    -0.391524
-0.0339284    -0.389216
-0.0336681    -0.386907
-0.0334089    -0.384597
-0.0331508    -0.382286
-0.0328937    -0.379973
-0.0326377    -0.37766
-0.0323827    -0.375345
-0.0321288    -0.373029
-0.0318759    -0.370713
-0.0316241    -0.368395
-0.0313732    -0.366076
-0.0311234    -0.363756
-0.0308745    -0.361435
-0.0306267    -0.359113
-0.0303798    -0.356789
-0.0301339    -0.354465
-0.0298889    -0.35214
-0.0296449    -0.349814
-0.0294019    -0.347486
-0.0291598    -0.345158
-0.0289186    -0.342829
-0.0286783    -0.340499
-0.0284389    -0.338167
-0.0282005    -0.335835
-0.0279629    -0.333502
-0.0277262    -0.331167
-0.0274904    -0.328832
-0.0272554    -0.326496
-0.0270213    -0.324159
-0.026788    -0.321821
-0.0265556    -0.319482
-0.026324    -0.317142
-0.0260932    -0.314801
-0.0258633    -0.31246
-0.0256341    -0.310117
-0.0254057    -0.307773
-0.0251781    -0.305429
-0.0249513    -0.303084
-0.0247252    -0.300737
-0.0244999    -0.29839
-0.0242754    -0.296042
-0.0240516    -0.293694
-0.0238285    -0.291344
-0.0236061    -0.288993
-0.0233845    -0.286642
-0.0231635    -0.28429
-0.0229432    -0.281937
-0.0227237    -0.279583
-0.0225047    -0.277229
-0.0222865    -0.274873
-0.0220689    -0.272517
-0.021852    -0.27016
-0.0216357    -0.267802
-0.02142    -0.265444
-0.021205    -0.263085
-0.0209905    -0.260725
-0.0207767    -0.258364
-0.0205634    -0.256002
-0.0203508    -0.25364
-0.0201387    -0.251277
-0.0199272    -0.248913
-0.0197162    -0.246549
-0.0195058    -0.244184
-0.0192959    -0.241818
-0.0190865    -0.239452
-0.0188777    -0.237084
-0.0186694    -0.234717
-0.0184616    -0.232348
-0.0182542    -0.229979
-0.0180474    -0.227609
-0.017841    -0.225239
-0.0176351    -0.222868
-0.0174297    -0.220496
-0.0172247    -0.218123
-0.0170201    -0.215751
-0.016816    -0.213377
-0.0166123    -0.211003
-0.016409    -0.208628
-0.0162061    -0.206253
-0.0160036    -0.203877
-0.0158015    -0.2015
-0.0155997    -0.199123
-0.0153983    -0.196745
-0.0151973    -0.194367
-0.0149966    -0.191989
-0.0147963    -0.189609
-0.0145963    -0.18723
-0.0143966    -0.184849
-0.0141972    -0.182469
-0.0139981    -0.180087
-0.0137993    -0.177705
-0.0136008    -0.175323
-0.0134026    -0.17294
-0.0132046    -0.170557
-0.0130069    -0.168174
-0.0128094    -0.165789
-0.0126122    -0.163405
-0.0124152    -0.16102
-0.0122184    -0.158634
-0.0120218    -0.156248
-0.0118254    -0.153862
-0.0116293    -0.151475
-0.0114333    -0.149088
-0.0112374    -0.146701
-0.0110418    -0.144313
-0.0108463    -0.141925
-0.0106509    -0.139536
-0.0104557    -0.137147
-0.0102606    -0.134758
-0.0100656    -0.132368
-0.0098707    -0.129978
-0.00967592    -0.127587
-0.00948123    -0.125197
-0.00928663    -0.122806
-0.0090921    -0.120414
-0.00889763    -0.118023
-0.00870321    -0.115631
-0.00850884    -0.113238
-0.00831451    -0.110846
-0.0081202    -0.108453
-0.00792591    -0.10606
-0.00773163    -0.103667
-0.00753734    -0.101273
-0.00734305    -0.0988793
-0.00714873    -0.0964853
-0.00695439    -0.0940911
-0.00676001    -0.0916966
-0.00656558    -0.0893019
-0.00637109    -0.086907
-0.00617654    -0.084512
-0.00598192    -0.0821167
-0.00578721    -0.0797213
-0.00559241    -0.0773257
-0.0053975    -0.0749299
-0.00520249    -0.072534
-0.00500736    -0.0701379
-0.00481209    -0.0677417
-0.00461669    -0.0653454
-0.00442114    -0.0629489
-0.00422543    -0.0605524
-0.00402956    -0.0581557
-0.00383351    -0.0557589
-0.00363728    -0.0533621
-0.00344085    -0.0509651
-0.00324422    -0.0485681
-0.00304738    -0.046171
-0.00285032    -0.0437738
-0.00265302    -0.0413766
-0.00245549    -0.0389794
-0.00225771    -0.0365821
-0.00205968    -0.0341848
-0.00186137    -0.0317875
-0.00166279    -0.0293901
-0.00146393    -0.0269928
-0.00126477    -0.0245955
-0.00106531    -0.0221981
-0.000865534    -0.0198008
-0.000665439    -0.0174036
-0.000465014    -0.0150063
-0.000264249    -0.0126091
-6.31351e-05    -0.010212
0.000138336    -0.0078149
0.000340175    -0.00541788
0.000542389    -0.00302094
0.000744988    -0.000624088
0.000947982    0.00177268
0.00115138    0.00416934
0.00135519    0.0065659
0.00155942    0.00896233
0.00176408    0.0113587
0.00196918    0.0137548
0.00217473    0.0161509
0.00238074    0.0185468
0.00258721    0.0209425
0.00279416    0.0233381
0.0030016    0.0257335
0.00320952    0.0281287
0.00341796    0.0305238
0.0036269    0.0329186
0.00383636    0.0353132
0.00404636    0.0377077
0.00425689    0.0401019
0.00446798    0.0424958
0.00467962    0.0448896
0.00489182    0.0472831
0.0051046    0.0496763
0.00531797    0.0520693
0.00553193    0.054462
0.00574649    0.0568545
0.00596166    0.0592466
0.00617746    0.0616385
0.00639388    0.06403
0.00661094    0.0664213
0.00682865    0.0688122
0.00704702    0.0712028
0.00726605    0.0735931
0.00748575    0.0759831
0.00770614    0.0783727
0.00792722    0.0807619
0.008149    0.0831508
0.00837149    0.0855393
0.0085947    0.0879274
0.00881864    0.0903151
0.00904332    0.0927024
0.00926874    0.0950894
0.00949492    0.0974759
0.00972186    0.099862
0.00994957    0.102248
0.0101781    0.104633
0.0104073    0.107018
0.0106374    0.109402
0.0108683    0.111786
0.0111    0.114169
0.0113326    0.116552
0.0115659    0.118935
0.0118002    0.121317
0.0120352    0.123698
0.0122712    0.126079
0.012508    0.128459
0.0127456    0.130839
0.0129842    0.133219
0.0132237    0.135597
0.013464    0.137976
0.0137053    0.140353
0.0139475    0.142731
0.0141907    0.145107
0.0144347    0.147483
0.0146798    0.149858
0.0149258    0.152233
0.0151727    0.154607
0.0154207    0.156981
0.0156696    0.159354
0.0159195    0.161726
0.0161704    0.164098
0.0164223    0.166469
0.0166753    0.168839
0.0169292    0.171209
0.0171843    0.173578
0.0174403    0.175947
0.0176974    0.178314
0.0179556    0.180681
0.0182149    0.183048
0.0184752    0.185413
0.0187366    0.187778
0.0189991    0.190142
0.0192628    0.192506
0.0195275    0.194868
0.0197934    0.19723
0.0200604    0.199591
0.0203285    0.201952
0.0205978    0.204311
0.0208682    0.20667
0.0211398    0.209028
0.0214126    0.211386
0.0216866    0.213742
0.0219618    0.216098
0.0222382    0.218453
0.0225157    0.220806
0.0227945    0.22316
0.0230746    0.225512
0.0233558    0.227863
0.0236384    0.230214
0.0239221    0.232564
0.0242071    0.234913
0.0244934    0.23726
0.024781    0.239608
0.0250699    0.241954
0.02536    0.244299
0.0256515    0.246643
0.0259443    0.248987
0.0262384    0.251329
0.0265338    0.253671
0.0268306    0.256011
0.0271287    0.258351
0.0274281    0.26069
0.027729    0.263027
0.0280312    0.265364
0.0283347    0.2677
0.0286397    0.270034
0.0289461    0.272368
0.0292539    0.274701
0.029563    0.277033
0.0298737    0.279363
0.0301857    0.281693
0.0304992    0.284021
0.0308141    0.286349
0.0311305    0.288675
0.0314483    0.291001
0.0317676    0.293325
0.0320884    0.295648
0.0324107    0.297971
0.0327345    0.300292
0.0330598    0.302612
0.0333866    0.30493
0.0337149    0.307248
0.0340448    0.309565
0.0343761    0.31188
0.0347091    0.314194
0.0350436    0.316508
0.0353796    0.31882
0.0357173    0.32113
0.0360565    0.32344
0.0363972    0.325749
0.0367396    0.328056
0.0370836    0.330362
0.0374292    0.332667
0.0377764    0.33497
0.0381253    0.337273
0.0384758    0.339574
0.0388279    0.341874
0.0391817    0.344173
0.0395371    0.34647
0.0398942    0.348766
0.040253    0.351061
0.0406135    0.353355
0.0409756    0.355647
0.0413395    0.357938
0.0417051    0.360228
0.0420724    0.362516
0.0424414    0.364803
0.0428121    0.367089
0.0431846    0.369374
0.0435588    0.371657
0.0439348    0.373939
0.0443126    0.376219
0.0446921    0.378498
0.0450734    0.380776
0.0454565    0.383052
0.0458414    0.385327
0.046228    0.387601
0.0466165    0.389873
0.0470069    0.392143
0.047399    0.394413
0.047793    0.396681
0.0481888    0.398947
0.0485865    0.401212
0.048986    0.403476
0.0493874    0.405738
0.0497907    0.407998
0.0501958    0.410258
0.0506029    0.412515
0.0510118    0.414771
0.0514226    0.417026
0.0518354    0.419279
0.0522501    0.421531
0.0526667    0.423781
0.0530852    0.42603
0.0535057    0.428277
0.0539281    0.430523
0.0543525    0.432767
0.0547788    0.435009
0.0552071    0.43725
0.0556374    0.439489
0.0560697    0.441727
0.056504    0.443963
0.0569403    0.446198
0.0573786    0.448431
0.0578189    0.450662
0.0582613    0.452892
0.0587056    0.45512
0.0591521    0.457347
0.0596005    0.459572
0.0600511    0.461795
0.0605036    0.464017
0.0609583    0.466236
0.061415    0.468455
0.0618738    0.470671
0.0623347    0.472886
0.0627978    0.475099
0.0632629    0.477311
0.0637301    0.479521
0.0641995    0.481729
0.0646709    0.483935
0.0651446    0.48614
0.0656203    0.488343
0.0660982    0.490544
0.0665783    0.492743
0.0670605    0.494941
0.067545    0.497137
0.0680315    0.499331
0.0685203    0.501523
0.0690113    0.503714
0.0695045    0.505902
0.0699998    0.508089
0.0704974    0.510275
0.0709973    0.512458
0.0714993    0.514639
0.0720036    0.516819
0.0725101    0.518997
0.0730189    0.521173
0.0735299    0.523347
0.0740432    0.525519
0.0745588    0.527689
0.0750767    0.529858
0.0755968    0.532025
0.0761193    0.534189
0.076644    0.536352
0.077171    0.538513
0.0777004    0.540672
0.0782321    0.542829
0.0787661    0.544984
0.0793024    0.547137
0.0798411    0.549289
0.0803821    0.551438
0.0809255    0.553585
0.0814713    0.555731
0.0820194    0.557874
0.0825699    0.560015
0.0831227    0.562155
0.083678    0.564292
0.0842357    0.566428
0.0847957    0.568561
0.0853582    0.570692
0.0859231    0.572822
0.0864904    0.574949
0.0870601    0.577074
0.0876323    0.579198
0.0882069    0.581319
0.088784    0.583438
0.0893635    0.585555
0.0899455    0.58767
0.0905299    0.589783
0.0911169    0.591893
0.0917063    0.594002
0.0922982    0.596109
0.0928926    0.598213
0.0934895    0.600315
0.0940889    0.602416
0.0946908    0.604514
0.0952952    0.60661
0.0959022    0.608703
0.0965117    0.610795
0.0971238    0.612884
0.0977383    0.614972
0.0983555    0.617057
0.0989752    0.619139
0.0995975    0.62122
0.100222    0.623299
0.10085    0.625375
0.10148    0.627449
0.102112    0.629521
0.102747    0.63159
0.103385    0.633658
0.104026    0.635723
0.104669    0.637786
0.105314    0.639846
0.105963    0.641904
0.106613    0.64396
0.107267    0.646014
0.107923    0.648066
0.108582    0.650115
0.109244    0.652162
0.109908    0.654206
0.110575    0.656248
0.111244    0.658288
0.111916    0.660326
0.112591    0.662361
0.113269    0.664394
0.113949    0.666424
0.114632    0.668452
0.115318    0.670478
0.116006    0.672501
0.116697    0.674522
0.117391    0.676541
0.118088    0.678557
0.118787    0.68057
0.119489    0.682582
0.120194    0.684591
0.120901    0.686597
0.121612    0.688601
0.122325    0.690603
0.123041    0.692602
0.123759    0.694598
0.124481    0.696592
0.125205    0.698584
0.125932    0.700573
0.126662    0.70256
0.127395    0.704544
0.12813    0.706526
0.128869    0.708505
0.12961    0.710482
0.130354    0.712456
0.1311    0.714427
0.13185    0.716396
0.132603    0.718363
0.133358    0.720327
0.134116    0.722288
0.134877    0.724247
0.135641    0.726203
0.136408    0.728156
0.137178    0.730107
0.13795    0.732056
0.138726    0.734002
0.139504    0.735945
0.140285    0.737885
0.141069    0.739823
0.141856    0.741758
0.142646    0.743691
0.143439    0.745621
0.144235    0.747548
0.145034    0.749473
0.145836    0.751395
0.14664    0.753314
0.147448    0.75523
0.148258    0.757144
0.149072    0.759055
0.149888    0.760964
0.150708    0.762869
0.15153    0.764772
0.152356    0.766672
0.153184    0.76857
0.154015    0.770464
0.15485    0.772356
0.155687    0.774245
0.156527    0.776132
0.157371    0.778015
0.158217    0.779896
0.159066    0.781774
0.159919    0.783649
0.160774    0.785522
0.161633    0.787391
0.162494    0.789258
0.163359    0.791122
0.164226    0.792983
0.165097    0.794841
0.16597    0.796696
0.166847    0.798548
0.167727    0.800398
0.16861    0.802245
0.169496    0.804088
0.170385    0.805929
0.171277    0.807767
0.172172    0.809602
0.17307    0.811434
0.173971    0.813263
0.174876    0.81509
0.175783    0.816913
0.176694    0.818733
0.177608    0.82055
0.178525    0.822365
0.179445    0.824176
0.180368    0.825985
0.181294    0.82779
0.182223    0.829592
0.183156    0.831392
0.184091    0.833188
0.18503    0.834982
0.185972    0.836772
0.186917    0.838559
0.187865    0.840343
0.188817    0.842125
0.189771    0.843903
0.190729    0.845678
0.19169    0.84745
0.192654    0.849219
0.193621    0.850984
0.194591    0.852747
0.195565    0.854507
0.196542    0.856263
0.197522    0.858016
0.198505    0.859767
0.199491    0.861514
0.200481    0.863258
0.201474    0.864998
0.20247    0.866736
0.203469    0.86847
0.204471    0.870201
0.205477    0.871929
0.206486    0.873654
0.207498    0.875376
0.208513    0.877094
0.209532    0.878809
0.210554    0.880521
0.211579    0.88223
0.212607    0.883935
0.213639    0.885638
0.214673    0.887337
0.215711    0.889032
0.216753    0.890725
0.217797    0.892414
0.218845    0.8941
0.219896    0.895782
0.220951    0.897461
0.222008    0.899137
0.223069    0.90081
0.224134    0.902479
0.225201    0.904145
0.226272    0.905807
0.227346    0.907466
0.228423    0.909122
0.229504    0.910775
0.230588    0.912424
0.231675    0.914069
0.232766    0.915712
0.23386    0.91735
0.234957    0.918986
0.236057    0.920618
0.237161    0.922246
0.238268    0.923871
0.239379    0.925493
0.240493    0.927111
0.24161    0.928726
0.24273    0.930337
0.243854    0.931945
0.244981    0.933549
0.246111    0.93515
0.247245    0.936747
0.248382    0.938341
0.249523    0.939931
0.250666    0.941518
0.251814    0.943101
0.252964    0.944681
0.254118    0.946257
0.255275    0.94783
0.256436    0.949398
0.2576    0.950964
0.258767    0.952526
0.259938    0.954084
0.261112    0.955638
0.262289    0.957189
0.26347    0.958736
0.264654    0.96028
0.265841    0.96182
0.267032    0.963357
0.268226    0.964889
0.269424    0.966418
0.270625    0.967944
0.271829    0.969465
0.273037    0.970983
0.274248    0.972498
0.275463    0.974008
0.276681    0.975515
0.277902    0.977018
0.279127    0.978518
0.280355    0.980013
0.281586    0.981505
0.282821    0.982993
0.28406    0.984478
0.285301    0.985958
0.286546    0.987435
0.287795    0.988908
0.289047    0.990378
0.290302    0.991843
0.291561    0.993305
0.292823    0.994762
0.294088    0.996216
0.295357    0.997666
0.29663    0.999112
0.297906    1.00055
0.299185    1.00199
0.300467    1.00343
0.301753    1.00486
0.303043    1.00629
