0.286302    0.987021
0.28755    0.988495
0.2888    0.989965
0.290054    0.991432
0.291312    0.992894
0.292573    0.994353
0.293837    0.995808
0.295105    0.99726
0.296376    0.998707
0.297651    1.00015
0.298929    1.00159
0.300211    1.00303
0.301495    1.00446
0.302784    1.00589
0.304075    1.00731
0.305371    1.00873
0.306669    1.01015
0.307971    1.01156
0.309276    1.01297
0.310585    1.01437
0.311897    1.01577
0.313213    1.01717
0.314532    1.01856
0.315855    1.01995
0.317181    1.02133
0.31851    1.02271
0.319843    1.02409
0.321179    1.02546
0.322518    1.02683
0.323861    1.0282
0.325208    1.02956
0.326558    1.03091
0.327911    1.03226
0.329268    1.03361
0.330628    1.03496
0.331992    1.0363
0.333359    1.03763
0.334729    1.03896
0.336103    1.04029
0.33748    1.04162
0.338861    1.04293
0.340245    1.04425
0.341633    1.04556
0.343024    1.04687
0.344418    1.04817
0.345816    1.04947
0.347217    1.05076
0.348622    1.05205
0.35003    1.05334
0.351442    1.05462
0.352857    1.0559
0.354275    1.05717
0.355697    1.05844
0.357122    1.05971
0.358551    1.06097
0.359983    1.06222
0.361419    1.06347
0.362858    1.06472
0.3643    1.06597
0.365746    1.0672
0.367195    1.06844
0.368648    1.06967
0.370104    1.0709
0.371563    1.07212
0.373026    1.07333
0.374492    1.07455
0.375962    1.07576
0.377435    1.07696
0.378912    1.07816
0.380391    1.07936
0.381875    1.08055
0.383362    1.08173
0.384852    1.08292
0.386345    1.08409
0.387842    1.08527
0.389342    1.08644
0.390846    1.0876
0.392353    1.08876
0.393864    1.08991
0.395378    1.09107
0.396895    1.09221
0.398416    1.09335
0.39994    1.09449
0.401468    1.09562
0.402998    1.09675
0.404533    1.09788
0.40607    1.09899
0.407611    1.10011
0.409156    1.10122
0.410704    1.10232
0.412255    1.10343
0.413809    1.10452
0.415367    1.10561
0.416928    1.1067
0.418493    1.10778
0.420061    1.10886
0.421632    1.10993
0.423207    1.111
0.424785    1.11206
0.426367    1.11312
0.427951    1.11418
0.429539    1.11523
0.431131    1.11627
0.432726    1.11731
0.434324    1.11835
0.435925    1.11938
0.43753    1.1204
0.439138    1.12142
0.44075    1.12244
0.442364    1.12345
0.443983    1.12446
0.445604    1.12546
0.447229    1.12646
0.448857    1.12745
0.450488    1.12844
0.452123    1.12942
0.453761    1.1304
0.455402    1.13137
0.457047    1.13234
0.458694    1.1333
0.460346    1.13426
0.462    1.13521
0.463658    1.13616
0.465319    1.13711
0.466983    1.13804
0.468651    1.13898
0.470321    1.13991
0.471995    1.14083
0.473673    1.14175
0.475353    1.14266
0.477037    1.14357
0.478724    1.14448
0.480415    1.14537
0.482108    1.14627
0.483805    1.14716
0.485505    1.14804
0.487208    1.14892
0.488915    1.14979
0.490624    1.15066
0.492337    1.15153
0.494053    1.15238
0.495773    1.15324
0.497495    1.15409
0.499221    1.15493
0.50095    1.15577
0.502682    1.1566
0.504417    1.15743
0.506156    1.15825
0.507897    1.15907
0.509642    1.15988
0.51139    1.16069
0.513141    1.16149
0.514895    1.16229
0.516653    1.16308
0.518413    1.16386
0.520177    1.16465
0.521944    1.16542
0.523714    1.16619
0.525487    1.16696
0.527263    1.16772
0.529042    1.16847
0.530825    1.16922
0.53261    1.16997
0.534399    1.1707
0.53619    1.17144
0.537985    1.17217
0.539783    1.17289
0.541584    1.17361
0.543388    1.17432
0.545195    1.17503
0.547005    1.17573
0.548818    1.17642
0.550634    1.17711
0.552453    1.1778
0.554275    1.17848
0.5561    1.17915
0.557929    1.17982
0.55976    1.18049
0.561594    1.18115
