-1.21394    0.489189
-1.21436    0.486659
-1.21478    0.484127
-1.21519    0.481595
-1.2156    0.479061
-1.21601    0.476526
-1.21642    0.47399
-1.21683    0.471453
-1.21724    0.468914
-1.21764    0.466375
-1.21805    0.463835
-1.21845    0.461293
-1.21885    0.45875
-1.21925    0.456207
-1.21964    0.453662
-1.22004    0.451116
-1.22043    0.448569
-1.22082    0.446021
-1.22121    0.443472
-1.2216    0.440922
-1.22199    0.438371
-1.22237    0.435819
-1.22275    0.433265
-1.22313    0.430711
-1.22351    0.428156
-1.22389    0.4256
-1.22427    0.423042
-1.22464    0.420484
-1.22501    0.417925
-1.22538    0.415364
-1.22575    0.412803
-1.22612    0.410241
-1.22648    0.407677
-1.22685    0.405113
-1.22721    0.402548
-1.22757    0.399981
-1.22792    0.397414
-1.22828    0.394846
-1.22863    0.392277
-1.22898    0.389707
-1.22933    0.387135
-1.22968    0.384563
-1.23003    0.381991
-1.23037    0.379417
-1.23071    0.376842
-1.23105    0.374266
-1.23139    0.371689
-1.23172    0.369112
-1.23206    0.366533
-1.23239    0.363954
-1.23272    0.361374
-1.23305    0.358793
-1.23337    0.35621
-1.2337    0.353628
-1.23402    0.351044
-1.23434    0.348459
-1.23465    0.345873
-1.23497    0.343287
-1.23528    0.3407
-1.23559    0.338112
-1.2359    0.335523
-1.23621    0.332933
-1.23651    0.330342
-1.23682    0.327751
-1.23712    0.325159
-1.23741    0.322565
-1.23771    0.319972
-1.238    0.317377
-1.23829    0.314781
-1.23858    0.312185
-1.23887    0.309588
-1.23916    0.30699
-1.23944    0.304391
-1.23972    0.301792
-1.24    0.299192
-1.24027    0.296591
-1.24055    0.293989
-1.24082    0.291387
-1.24109    0.288783
-1.24135    0.286179
-1.24162    0.283575
-1.24188    0.280969
-1.24214    0.278363
-1.24239    0.275756
-1.24265    0.273149
-1.2429    0.27054
-1.24315    0.267931
-1.2434    0.265322
-1.24364    0.262712
-1.24389    0.2601
-1.24413    0.257489
-1.24437    0.254876
-1.2446    0.252263
-1.24483    0.24965
-1.24506    0.247035
-1.24529    0.24442
-1.24552    0.241805
-1.24574    0.239189
-1.24596    0.236572
-1.24618    0.233954
-1.2464    0.231336
-1.24661    0.228717
-1.24682    0.226098
-1.24703    0.223478
-1.24723    0.220858
-1.24744    0.218237
-1.24764    0.215615
-1.24784    0.212993
-1.24803    0.21037
-1.24822    0.207746
-1.24841    0.205123
-1.2486    0.202498
-1.24879    0.199873
-1.24897    0.197248
-1.24915    0.194621
-1.24933    0.191995
-1.2495    0.189368
-1.24967    0.18674
-1.24984    0.184112
-1.25001    0.181483
-1.25017    0.178854
-1.25033    0.176225
-1.25049    0.173595
-1.25064    0.170964
-1.2508    0.168333
-1.25095    0.165702
-1.25109    0.16307
-1.25124    0.160437
-1.25138    0.157805
-1.25152    0.155171
-1.25166    0.152538
-1.25179    0.149904
-1.25192    0.147269
-1.25205    0.144634
-1.25217    0.141999
-1.25229    0.139363
-1.25241    0.136727
-1.25253    0.134091
-1.25264    0.131454
-1.25275    0.128817
-1.25286    0.126179
-1.25297    0.123542
-1.25307    0.120903
-1.25317    0.118265
-1.25326    0.115626
-1.25336    0.112987
-1.25345    0.110347
-1.25354    0.107707
-1.25362    0.105067
-1.2537    0.102427
-1.25378    0.0997859
-1.25386    0.0971449
-1.25393    0.0945036
-1.254    0.091862
-1.25407    0.0892202
-1.25413    0.0865781
-1.25419    0.0839358
-1.25425    0.0812932
-1.2543    0.0786504
-1.25435    0.0760074
-1.2544    0.0733641
-1.25445    0.0707207
-1.25449    0.068077
-1.25453    0.0654331
-1.25457    0.0627891
-1.2546    0.0601448
-1.25463    0.0575004
-1.25466    0.0548558
-1.25468    0.0522111
-1.2547    0.0495662
-1.25472    0.0469211
-1.25473    0.0442759
-1.25475    0.0416306
-1.25475    0.0389851
-1.25476    0.0363396
-1.25476    0.0336939
-1.25476    0.0310481
-1.25475    0.0284022
-1.25475    0.0257563
-1.25474    0.0231102
-1.25472    0.0204641
-1.25471    0.0178179
-1.25468    0.0151717
-1.25466    0.0125254
-1.25463    0.00987902
-1.2546    0.00723264
-1.25457    0.00458624
-1.25453    0.00193981
-1.25449    -0.000706635
-1.25445    -0.00335308
-1.2544    -0.00599953
-1.25435    -0.00864597
-1.2543    -0.0112924
-1.25424    -0.0139388
-1.25418    -0.0165851
-1.25412    -0.0192315
-1.25406    -0.0218777
-1.25399    -0.024524
-1.25391    -0.0271701
-1.25384    -0.0298162
-1.25376    -0.0324622
-1.25367    -0.0351081
-1.25359    -0.0377539
-1.2535    -0.0403997
-1.2534    -0.0430453
-1.25331    -0.0456908
-1.25321    -0.0483361
-1.2531    -0.0509814
-1.253    -0.0536264
-1.25288    -0.0562714
-1.25277    -0.0589162
-1.25265    -0.0615608
-1.25253    -0.0642052
-1.25241    -0.0668495
-1.25228    -0.0694935
-1.25215    -0.0721374
-1.25201    -0.074781
-1.25188    -0.0774245
-1.25173    -0.0800677
-1.25159    -0.0827107
-1.25144    -0.0853534
-1.25129    -0.0879959
-1.25113    -0.0906382
-1.25097    -0.0932802
-1.25081    -0.0959219
-1.25064    -0.0985633
-1.25047    -0.101204
-1.2503    -0.103845
-1.25012    -0.106486
-1.24994    -0.109126
-1.24976    -0.111766
-1.24957    -0.114405
-1.24938    -0.117045
-1.24918    -0.119684
-1.24898    -0.122322
-1.24878    -0.12496
-1.24858    -0.127598
-1.24837    -0.130235
-1.24815    -0.132872
-1.24794    -0.135509
-1.24772    -0.138145
-1.24749    -0.140781
-1.24726    -0.143416
-1.24703    -0.146051
-1.2468    -0.148686
-1.24656    -0.15132
-1.24631    -0.153953
-1.24607    -0.156587
-1.24582    -0.159219
-1.24556    -0.161851
-1.24531    -0.164483
-1.24505    -0.167114
-1.24478    -0.169745
-1.24451    -0.172375
-1.24424    -0.175005
-1.24396    -0.177634
-1.24368    -0.180262
-1.2434    -0.18289
-1.24311    -0.185517
-1.24282    -0.188144
-1.24253    -0.19077
-1.24223    -0.193396
-1.24192    -0.196021
-1.24162    -0.198646
-1.24131    -0.201269
-1.24099    -0.203892
-1.24067    -0.206515
-1.24035    -0.209137
-1.24003    -0.211758
-1.2397    -0.214379
-1.23936    -0.216999
-1.23903    -0.219618
-1.23869    -0.222236
-1.23834    -0.224854
-1.23799    -0.227471
-1.23764    -0.230088
-1.23728    -0.232703
-1.23692    -0.235318
-1.23656    -0.237932
-1.23619    -0.240546
-1.23582    -0.243159
-1.23544    -0.24577
-1.23506    -0.248381
-1.23468    -0.250992
-1.23429    -0.253601
-1.2339    -0.25621
-1.2335    -0.258818
-1.2331    -0.261425
-1.2327    -0.264031
-1.23229    -0.266636
-1.23188    -0.269241
-1.23146    -0.271844
-1.23104    -0.274447
-1.23062    -0.277049
-1.23019    -0.27965
-1.22976    -0.28225
-1.22932    -0.284849
-1.22888    -0.287447
-1.22844    -0.290045
-1.22799    -0.292641
-1.22754    -0.295236
-1.22708    -0.297831
-1.22663    -0.300424
-1.22616    -0.303016
-1.22569    -0.305608
-1.22522    -0.308198
-1.22475    -0.310788
-1.22427    -0.313376
-1.22378    -0.315963
-1.22329    -0.31855
-1.2228    -0.321135
-1.2223    -0.323719
-1.2218    -0.326302
-1.2213    -0.328884
-1.22079    -0.331465
-1.22028    -0.334045
-1.21976    -0.336623
-1.21924    -0.339201
-1.21872    -0.341777
-1.21819    -0.344353
-1.21765    -0.346927
-1.21712    -0.3495
-1.21657    -0.352072
-1.21603    -0.354642
-1.21548    -0.357212
-1.21492    -0.35978
-1.21437    -0.362347
-1.2138    -0.364913
-1.21324    -0.367477
-1.21267    -0.37004
-1.21209    -0.372602
-1.21151    -0.375163
-1.21093    -0.377723
-1.21034    -0.380281
-1.20975    -0.382838
-1.20916    -0.385393
-1.20856    -0.387947
-1.20795    -0.3905
-1.20734    -0.393052
-1.20673    -0.395602
-1.20611    -0.398151
-1.20549    -0.400699
-1.20487    -0.403245
-1.20424    -0.405789
-1.2036    -0.408333
-1.20297    -0.410875
-1.20233    -0.413415
-1.20168    -0.415954
-1.20103    -0.418492
-1.20037    -0.421028
-1.19971    -0.423563
-1.19905    -0.426096
-1.19838    -0.428627
-1.19771    -0.431158
-1.19704    -0.433686
-1.19635    -0.436214
-1.19567    -0.438739
-1.19498    -0.441263
-1.19429    -0.443786
-1.19359    -0.446307
-1.19289    -0.448826
-1.19218    -0.451344
-1.19147    -0.45386
-1.19076    -0.456375
-1.19004    -0.458888
-1.18932    -0.461399
-1.18859    -0.463909
-1.18786    -0.466417
-1.18712    -0.468924
-1.18638    -0.471428
-1.18563    -0.473931
-1.18489    -0.476433
-1.18413    -0.478932
-1.18337    -0.48143
-1.18261    -0.483927
-1.18185    -0.486421
-1.18107    -0.488914
-1.1803    -0.491405
-1.17952    -0.493894
-1.17874    -0.496381
-1.17795    -0.498867
-1.17716    -0.501351
-1.17636    -0.503833
-1.17556    -0.506313
-1.17475    -0.508791
-1.17394    -0.511268
-1.17313    -0.513742
-1.17231    -0.516215
-1.17149    -0.518686
-1.17066    -0.521155
-1.16983    -0.523622
-1.16899    -0.526087
-1.16815    -0.52855
-1.16731    -0.531011
-1.16646    -0.533471
-1.1656    -0.535928
-1.16474    -0.538383
-1.16388    -0.540837
-1.16301    -0.543288
-1.16214    -0.545738
-1.16127    -0.548185
-1.16039    -0.55063
-1.1595    -0.553073
-1.15861    -0.555515
-1.15772    -0.557954
-1.15682    -0.560391
-1.15592    -0.562826
-1.15502    -0.565259
-1.1541    -0.567689
-1.15319    -0.570118
-1.15227    -0.572544
-1.15135    -0.574969
-1.15042    -0.577391
-1.14948    -0.579811
-1.14855    -0.582229
-1.14761    -0.584644
-1.14666    -0.587058
-1.14571    -0.589469
-1.14475    -0.591878
-1.14379    -0.594285
-1.14283    -0.596689
-1.14186    -0.599091
-1.14089    -0.601491
-1.13991    -0.603889
-1.13893    -0.606284
-1.13795    -0.608677
-1.13696    -0.611068
-1.13596    -0.613456
-1.13496    -0.615842
-1.13396    -0.618226
-1.13295    -0.620607
-1.13194    -0.622986
-1.13092    -0.625362
-1.1299    -0.627736
-1.12887    -0.630108
-1.12784    -0.632477
-1.12681    -0.634844
-1.12577    -0.637208
-1.12473    -0.63957
-1.12368    -0.641929
-1.12263    -0.644286
-1.12157    -0.64664
-1.12051    -0.648992
-1.11944    -0.651341
-1.11837    -0.653688
-1.1173    -0.656032
-1.11622    -0.658374
-1.11514    -0.660713
-1.11405    -0.66305
-1.11296    -0.665383
-1.11186    -0.667715
-1.11076    -0.670043
-1.10965    -0.672369
-1.10854    -0.674692
-1.10743    -0.677013
-1.10631    -0.679331
-1.10519    -0.681646
-1.10406    -0.683959
-1.10293    -0.686269
-1.10179    -0.688576
-1.10065    -0.69088
-1.09951    -0.693182
-1.09836    -0.695481
-1.0972    -0.697777
-1.09604    -0.70007
-1.09488    -0.702361
-1.09371    -0.704649
-1.09254    -0.706933
-1.09137    -0.709216
-1.09019    -0.711495
-1.089    -0.713771
-1.08781    -0.716045
-1.08662    -0.718315
-1.08542    -0.720583
-1.08422    -0.722848
-1.08301    -0.725109
-1.0818    -0.727368
-1.08058    -0.729624
-1.07936    -0.731877
-1.07814    -0.734127
-1.07691    -0.736374
-1.07567    -0.738619
-1.07444    -0.74086
-1.07319    -0.743098
-1.07195    -0.745333
-1.0707    -0.747565
-1.06944    -0.749793
-1.06818    -0.752019
-1.06692    -0.754242
-1.06565    -0.756462
-1.06438    -0.758678
-1.0631    -0.760892
-1.06182    -0.763102
-1.06053    -0.765309
-1.05924    -0.767513
-1.05795    -0.769714
-1.05665    -0.771911
-1.05534    -0.774106
