-0.308615    -1.27197
-0.306318    -1.27216
-0.304021    -1.27235
-0.301725    -1.27253
-0.299428    -1.2727
-0.297132    -1.27287
-0.294836    -1.27303
-0.29254    -1.27319
-0.290244    -1.27333
-0.287949    -1.27348
-0.285654    -1.27361
-0.283359    -1.27374
-0.281065    -1.27387
-0.278771    -1.27398
-0.276477    -1.27409
-0.274183    -1.2742
-0.27189    -1.2743
-0.269598    -1.27439
-0.267305    -1.27447
-0.265014    -1.27455
-0.262722    -1.27463
-0.260431    -1.27469
-0.258141    -1.27475
-0.255851    -1.27481
-0.253561    -1.27485
-0.251272    -1.2749
-0.248984    -1.27493
-0.246696    -1.27496
-0.244408    -1.27498
-0.242122    -1.275
-0.239836    -1.27501
-0.23755    -1.27501
-0.235265    -1.27501
-0.232981    -1.275
-0.230697    -1.27498
-0.228414    -1.27496
-0.226132    -1.27493
-0.22385    -1.2749
-0.22157    -1.27486
-0.21929    -1.27481
-0.21701    -1.27476
-0.214732    -1.2747
-0.212454    -1.27464
-0.210177    -1.27456
-0.207901    -1.27449
-0.205626    -1.2744
-0.203351    -1.27431
-0.201077    -1.27422
-0.198805    -1.27411
-0.196533    -1.274
-0.194262    -1.27389
-0.191992    -1.27377
-0.189723    -1.27364
-0.187455    -1.27351
-0.185188    -1.27336
-0.182922    -1.27322
-0.180657    -1.27307
-0.178393    -1.27291
-0.17613    -1.27274
-0.173868    -1.27257
-0.171607    -1.27239
-0.169347    -1.27221
-0.167088    -1.27202
-0.16483    -1.27182
-0.162574    -1.27162
-0.160318    -1.27141
-0.158064    -1.2712
-0.155811    -1.27098
-0.153559    -1.27075
-0.151309    -1.27052
-0.149059    -1.27028
-0.146811    -1.27003
-0.144564    -1.26978
-0.142318    -1.26952
-0.140074    -1.26926
-0.137831    -1.26899
-0.135589    -1.26871
-0.133348    -1.26843
-0.131109    -1.26814
-0.128871    -1.26785
-0.126635    -1.26755
-0.124399    -1.26724
-0.122166    -1.26693
-0.119933    -1.26661
-0.117703    -1.26629
-0.115473    -1.26596
-0.113245    -1.26562
-0.111019    -1.26527
-0.108793    -1.26493
-0.10657    -1.26457
-0.104348    -1.26421
-0.102127    -1.26384
-0.0999083    -1.26347
-0.0976908    -1.26309
-0.0954749    -1.2627
-0.0932606    -1.26231
-0.0910479    -1.26191
-0.0888368    -1.26151
-0.0866273    -1.2611
-0.0844194    -1.26069
-0.0822132    -1.26026
-0.0800087    -1.25984
-0.0778058    -1.2594
-0.0756046    -1.25896
-0.0734051    -1.25852
-0.0712073    -1.25807
-0.0690113    -1.25761
-0.066817    -1.25715
-0.0646245    -1.25668
-0.0624337    -1.2562
-0.0602447    -1.25572
-0.0580576    -1.25523
-0.0558722    -1.25474
-0.0536887    -1.25424
-0.051507    -1.25373
-0.0493271    -1.25322
-0.0471491    -1.25271
-0.044973    -1.25218
-0.0427988    -1.25166
-0.0406265    -1.25112
-0.0384561    -1.25058
-0.0362876    -1.25003
-0.0341211    -1.24948
-0.0319566    -1.24892
-0.029794    -1.24836
-0.0276334    -1.24779
-0.0254748    -1.24722
-0.0233182    -1.24663
-0.0211636    -1.24605
-0.019011    -1.24545
-0.0168605    -1.24486
-0.0147121    -1.24425
-0.0125657    -1.24364
-0.0104214    -1.24302
-0.00827925    -1.2424
-0.00613917    -1.24177
-0.00400121    -1.24114
-0.00186539    -1.2405
0.00026828    -1.23986
0.00239979    -1.23921
0.00452914    -1.23855
0.0066563    -1.23789
0.00878126    -1.23722
0.010904    -1.23655
0.0130246    -1.23587
0.0151429    -1.23518
0.0172589    -1.23449
0.0193727    -1.23379
0.0214843    -1.23309
0.0235935    -1.23238
0.0257005    -1.23167
0.0278051    -1.23095
0.0299075    -1.23023
0.0320075    -1.22949
0.0341052    -1.22876
0.0362005    -1.22802
0.0382935    -1.22727
0.0403841    -1.22652
0.0424723    -1.22576
0.0445581    -1.22499
0.0466415    -1.22422
0.0487225    -1.22345
0.0508011    -1.22267
0.0528772    -1.22188
0.0549509    -1.22109
0.0570221    -1.22029
0.0590908    -1.21949
0.061157    -1.21868
0.0632208    -1.21787
0.065282    -1.21705
0.0673408    -1.21622
0.0693969    -1.21539
0.0714506    -1.21455
0.0735017    -1.21371
0.0755502    -1.21287
0.0775962    -1.21201
0.0796396    -1.21115
0.0816804    -1.21029
0.0837186    -1.20942
0.0857542    -1.20855
0.0877871    -1.20767
0.0898175    -1.20678
0.0918451    -1.20589
0.0938702    -1.205
0.0958925    -1.20409
0.0979122    -1.20319
0.0999292    -1.20228
0.101943    -1.20136
0.103955    -1.20043
0.105964    -1.19951
0.10797    -1.19857
0.109974    -1.19763
0.111974    -1.19669
0.113972    -1.19574
0.115967    -1.19479
0.11796    -1.19383
0.119949    -1.19286
0.121936    -1.19189
0.12392    -1.19091
0.125901    -1.18993
0.12788    -1.18895
0.129855    -1.18795
0.131828    -1.18696
0.133798    -1.18595
0.135765    -1.18495
0.137729    -1.18393
0.13969    -1.18292
0.141648    -1.18189
0.143604    -1.18087
0.145556    -1.17983
0.147506    -1.17879
0.149453    -1.17775
0.151396    -1.1767
0.153337    -1.17565
0.155275    -1.17459
0.15721    -1.17352
0.159142    -1.17246
0.161071    -1.17138
0.162997    -1.1703
0.16492    -1.16922
0.16684    -1.16813
0.168757    -1.16703
0.170671    -1.16593
0.172582    -1.16483
0.17449    -1.16372
0.176395    -1.1626
0.178297    -1.16148
0.180196    -1.16036
0.182091    -1.15923
0.183984    -1.1581
0.185874    -1.15696
0.18776    -1.15581
0.189643    -1.15466
0.191524    -1.15351
0.193401    -1.15235
0.195275    -1.15118
0.197146    -1.15001
0.199014    -1.14884
0.200878    -1.14766
0.20274    -1.14648
0.204598    -1.14529
0.206453    -1.14409
0.208305    -1.1429
0.210154    -1.14169
0.212    -1.14048
0.213842    -1.13927
0.215681    -1.13805
0.217518    -1.13683
0.21935    -1.1356
0.22118    -1.13437
0.223006    -1.13313
0.224829    -1.13189
0.226649    -1.13064
0.228466    -1.12939
0.230279    -1.12814
0.232089    -1.12688
0.233896    -1.12561
0.2357    -1.12434
0.2375    -1.12307
0.239297    -1.12179
0.241091    -1.1205
0.242881    -1.11921
0.244668    -1.11792
0.246452    -1.11662
0.248233    -1.11532
0.25001    -1.11401
0.251784    -1.1127
0.253554    -1.11138
0.255321    -1.11006
0.257085    -1.10873
0.258845    -1.1074
0.260602    -1.10607
0.262356    -1.10473
0.264107    -1.10339
0.265853    -1.10204
0.267597    -1.10068
0.269337    -1.09933
0.271074    -1.09796
0.272807    -1.0966
0.274537    -1.09523
0.276264    -1.09385
0.277987    -1.09247
0.279707    -1.09108
0.281423    -1.0897
0.283136    -1.0883
0.284845    -1.0869
0.286551    -1.0855
0.288254    -1.08409
0.289953    -1.08268
0.291648    -1.08127
0.29334    -1.07985
0.295029    -1.07842
0.296714    -1.07699
0.298396    -1.07556
0.300074    -1.07412
0.301749    -1.07268
0.30342    -1.07124
0.305088    -1.06979
0.306752    -1.06833
0.308413    -1.06687
0.31007    -1.06541
0.311724    -1.06394
0.313374    -1.06247
0.315021    -1.06099
0.316664    -1.05951
0.318303    -1.05803
0.319939    -1.05654
0.321572    -1.05505
0.323201    -1.05355
0.324826    -1.05205
0.326448    -1.05054
0.328067    -1.04903
0.329681    -1.04752
0.331293    -1.046
0.3329    -1.04448
0.334504    -1.04295
0.336105    -1.04142
0.337702    -1.03989
0.339295    -1.03835
0.340885    -1.03681
0.342471    -1.03526
0.344054    -1.03371
0.345632    -1.03216
0.347208    -1.0306
0.34878    -1.02903
0.350348    -1.02747
0.351912    -1.0259
0.353473    -1.02432
0.355031    -1.02274
0.356584    -1.02116
0.358134    -1.01957
0.359681    -1.01798
0.361224    -1.01639
0.362763    -1.01479
0.364298    -1.01319
0.36583    -1.01158
0.367359    -1.00997
0.368883    -1.00835
0.370404    -1.00674
0.371922    -1.00511
0.373435    -1.00349
0.374945    -1.00186
0.376452    -1.00022
0.377954    -0.998587
0.379453    -0.996946
0.380949    -0.995301
0.382441    -0.993652
0.383929    -0.991999
0.385413    -0.990342
0.386894    -0.988682
0.388371    -0.987018
0.389844    -0.98535
0.391314    -0.983678
0.39278    -0.982003
0.394242    -0.980323
0.395701    -0.978641
0.397156    -0.976954
0.398607    -0.975264
0.400055    -0.97357
0.401499    -0.971872
0.402939    -0.970171
0.404376    -0.968466
0.405808    -0.966757
0.407238    -0.965045
0.408663    -0.963329
0.410085    -0.96161
0.411503    -0.959886
0.412917    -0.95816
0.414328    -0.956429
0.415735    -0.954695
0.417138    -0.952958
0.418537    -0.951217
0.419933    -0.949472
0.421325    -0.947724
0.422714    -0.945973
0.424098    -0.944218
0.425479    -0.942459
0.426856    -0.940697
0.42823    -0.938931
0.4296    -0.937162
0.430966    -0.935389
0.432328    -0.933613
0.433687    -0.931834
0.435042    -0.930051
0.436393    -0.928264
0.43774    -0.926475
0.439084    -0.924681
0.440424    -0.922885
0.44176    -0.921085
0.443093    -0.919281
0.444422    -0.917475
0.445747    -0.915665
0.447068    -0.913851
0.448386    -0.912034
0.4497    -0.910214
0.45101    -0.908391
0.452317    -0.906564
0.453619    -0.904734
0.454919    -0.902901
0.456214    -0.901064
0.457505    -0.899224
0.458793    -0.897381
0.460077    -0.895535
0.461358    -0.893685
0.462635    -0.891832
0.463907    -0.889976
0.465177    -0.888117
0.466442    -0.886254
0.467704    -0.884388
0.468962    -0.882519
0.470216    -0.880647
0.471467    -0.878772
0.472714    -0.876894
0.473957    -0.875012
0.475196    -0.873128
0.476432    -0.87124
0.477664    -0.869349
0.478892    -0.867455
0.480117    -0.865558
0.481338    -0.863657
0.482555    -0.861754
0.483768    -0.859848
0.484978    -0.857938
0.486184    -0.856026
0.487386    -0.854111
0.488584    -0.852192
0.489779    -0.85027
0.49097    -0.848346
0.492157    -0.846418
0.493341    -0.844488
0.494521    -0.842554
0.495697    -0.840618
0.49687    -0.838678
0.498038    -0.836736
0.499203    -0.834791
0.500365    -0.832842
0.501523    -0.830891
0.502676    -0.828937
0.503827    -0.82698
0.504973    -0.82502
0.506116    -0.823057
0.507255    -0.821092
0.508391    -0.819123
0.509522    -0.817152
0.510651    -0.815178
0.511775    -0.813201
0.512896    -0.811221
0.514013    -0.809238
0.515126    -0.807252
0.516235    -0.805264
0.517341    -0.803273
0.518444    -0.801279
0.519542    -0.799282
0.520637    -0.797283
0.521728    -0.795281
0.522816    -0.793276
0.5239    -0.791268
0.52498    -0.789258
0.526056    -0.787245
0.527129    -0.785229
0.528198    -0.783211
0.529264    -0.781189
0.530326    -0.779166
0.531384    -0.777139
0.532438    -0.77511
0.533489    -0.773078
0.534536    -0.771043
0.53558    -0.769006
0.53662    -0.766967
0.537656    -0.764924
0.538689    -0.762879
0.539718    -0.760832
0.540743    -0.758782
0.541765    -0.756729
0.542783    -0.754674
0.543797    -0.752616
0.544808    -0.750556
0.545815    -0.748493
0.546819    -0.746427
0.547819    -0.744359
0.548815    -0.742289
0.549808    -0.740216
0.550797    -0.73814
0.551783    -0.736062
0.552764    -0.733982
0.553743    -0.731899
0.554717    -0.729814
0.555688    -0.727726
0.556656    -0.725636
0.55762    -0.723543
0.55858    -0.721448
0.559537    -0.71935
0.56049    -0.71725
0.561439    -0.715148
0.562385    -0.713043
0.563328    -0.710936
0.564267    -0.708827
0.565202    -0.706715
0.566133    -0.704601
0.567061    -0.702485
0.567986    -0.700366
0.568907    -0.698245
0.569824    -0.696121
0.570738    -0.693996
0.571649    -0.691867
0.572555    -0.689737
0.573459    -0.687605
0.574358    -0.68547
0.575255    -0.683333
0.576147    -0.681193
0.577036    -0.679052
0.577922    -0.676908
0.578804    -0.674762
0.579683    -0.672613
0.580558    -0.670463
0.581429    -0.66831
0.582297    -0.666155
0.583162    -0.663998
0.584023    -0.661839
0.58488    -0.659678
0.585735    -0.657514
0.586585    -0.655348
0.587432    -0.653181
0.588276    -0.651011
0.589116    -0.648839
0.589953    -0.646664
0.590786    -0.644488
0.591616    -0.64231
0.592442    -0.640129
0.593265    -0.637947
0.594084    -0.635762
0.5949    -0.633576
0.595713    -0.631387
0.596522    -0.629196
0.597327    -0.627003
0.59813    -0.624809
0.598928    -0.622612
0.599724    -0.620413
0.600516    -0.618212
0.601304    -0.61601
0.602089    -0.613805
0.602871    -0.611598
0.603649    -0.609389
0.604424    -0.607179
0.605196    -0.604966
0.605964    -0.602752
0.606729    -0.600535
0.60749    -0.598317
0.608248    -0.596096
0.609003    -0.593874
0.609754    -0.59165
0.610502    -0.589424
0.611246    -0.587196
0.611988    -0.584967
0.612726    -0.582735
0.61346    -0.580502
0.614191    -0.578266
0.614919    -0.576029
0.615644    -0.573791
0.616365    -0.57155
0.617083    -0.569307
0.617797    -0.567063
0.618509    -0.564817
0.619217    -0.562569
0.619921    -0.560319
0.620623    -0.558068
0.621321    -0.555815
0.622016    -0.55356
0.622707    -0.551303
0.623395    -0.549045
0.62408    -0.546784
0.624762    -0.544523
0.625441    -0.542259
0.626116    -0.539994
0.626788    -0.537727
0.627457    -0.535458
0.628122    -0.533188
0.628784    -0.530916
0.629444    -0.528642
0.630099    -0.526367
0.630752    -0.52409
0.631401    -0.521811
0.632048    -0.519531
0.632691    -0.517249
0.63333    -0.514966
0.633967    -0.512681
0.6346    -0.510395
0.635231    -0.508106
0.635858    -0.505817
0.636482    -0.503525
0.637102    -0.501232
0.63772    -0.498938
0.638334    -0.496642
0.638946    -0.494345
0.639554    -0.492046
0.640159    -0.489745
0.640761    -0.487443
0.641359    -0.48514
0.641955    -0.482835
0.642548    -0.480528
0.643137    -0.47822
0.643723    -0.475911
0.644307    -0.4736
0.644887    -0.471287
0.645464    -0.468974
0.646038    -0.466658
0.646609    -0.464342
0.647177    -0.462024
0.647741    -0.459704
0.648303    -0.457383
0.648862    -0.455061
0.649417    -0.452738
0.64997    -0.450413
0.650519    -0.448086
0.651066    -0.445758
0.65161    -0.443429
0.65215    -0.441099
0.652688    -0.438767
0.653222    -0.436434
0.653754    -0.4341
0.654282    -0.431764
0.654808    -0.429427
0.65533    -0.427088
0.65585    -0.424749
0.656366    -0.422408
0.65688    -0.420066
0.657391    -0.417722
0.657899    -0.415378
0.658403    -0.413032
0.658905    -0.410684
0.659404    -0.408336
0.6599    -0.405986
0.660393    -0.403636
0.660884    -0.401283
0.661371    -0.39893
0.661855    -0.396576
0.662337    -0.39422
0.662816    -0.391863
0.663291    -0.389505
0.663764    -0.387146
0.664234    -0.384786
0.664701    -0.382424
0.665166    -0.380062
0.665627    -0.377698
0.666086    -0.375333
0.666542    -0.372968
0.666995    -0.3706
0.667445    -0.368232
0.667892    -0.365863
0.668337    -0.363493
0.668779    -0.361122
0.669218    -0.358749
0.669654    -0.356376
0.670087    -0.354001
0.670518    -0.351626
0.670946    -0.349249
0.671371    -0.346871
0.671793    -0.344493
0.672213    -0.342113
0.67263    -0.339732
0.673044    -0.337351
0.673456    -0.334968
0.673864    -0.332584
0.67427    -0.3302
0.674674    -0.327814
0.675074    -0.325428
0.675472    -0.32304
0.675868    -0.320652
0.67626    -0.318263
0.67665    -0.315873
0.677037    -0.313481
0.677422    -0.311089
0.677804    -0.308696
0.678183    -0.306303
0.67856    -0.303908
0.678934    -0.301512
0.679305    -0.299116
0.679674    -0.296718
0.68004    -0.29432
0.680404    -0.291921
0.680765    -0.289521
0.681124    -0.287121
0.68148    -0.284719
0.681833    -0.282317
0.682184    -0.279914
0.682532    -0.27751
0.682877    -0.275105
0.683221    -0.2727
0.683561    -0.270293
0.683899    -0.267886
0.684235    -0.265478
0.684568    -0.26307
0.684898    -0.260661
0.685226    -0.258251
0.685552    -0.25584
0.685875    -0.253428
0.686196    -0.251016
0.686514    -0.248603
0.686829    -0.24619
0.687143    -0.243775
0.687453    -0.24136
0.687762    -0.238945
0.688068    -0.236528
0.688371    -0.234111
0.688672    -0.231694
0.688971    -0.229276
0.689267    -0.226857
0.689561    -0.224437
0.689853    -0.222017
0.690142    -0.219596
0.690429    -0.217175
0.690713    -0.214753
0.690995    -0.21233
0.691275    -0.209907
0.691552    -0.207483
0.691827    -0.205059
0.6921    -0.202634
0.692371    -0.200209
0.692639    -0.197783
0.692905    -0.195356
0.693168    -0.192929
0.693429    -0.190502
0.693688    -0.188074
0.693945    -0.185645
0.694199    -0.183216
0.694452    -0.180787
0.694702    -0.178357
0.694949    -0.175926
0.695195    -0.173495
0.695438    -0.171064
0.695679    -0.168632
0.695918    -0.166199
0.696155    -0.163767
0.696389    -0.161333
0.696622    -0.1589
0.696852    -0.156466
0.69708    -0.154031
0.697306    -0.151596
0.697529    -0.149161
0.697751    -0.146725
0.69797    -0.144289
0.698188    -0.141853
0.698403    -0.139416
0.698616    -0.136979
0.698827    -0.134542
0.699036    -0.132104
0.699243    -0.129666
0.699447    -0.127227
0.69965    -0.124788
0.699851    -0.122349
0.700049    -0.11991
0.700246    -0.11747
0.70044    -0.11503
0.700633    -0.11259
0.700823    -0.110149
0.701012    -0.107708
0.701198    -0.105267
0.701383    -0.102826
0.701565    -0.100384
0.701746    -0.0979424
0.701924    -0.0955003
0.702101    -0.093058
0.702275    -0.0906155
0.702448    -0.0881728
0.702619    -0.0857298
0.702788    -0.0832867
0.702955    -0.0808434
0.70312    -0.0783999
0.703283    -0.0759563
0.703444    -0.0735125
0.703604    -0.0710685
0.703761    -0.0686244
0.703917    -0.0661801
0.70407    -0.0637357
0.704222    -0.0612912
0.704372    -0.0588465
0.704521    -0.0564017
0.704667    -0.0539569
0.704812    -0.0515119
0.704955    -0.0490668
0.705096    -0.0466217
0.705235    -0.0441764
0.705372    -0.0417311
0.705508    -0.0392858
0.705642    -0.0368403
0.705774    -0.0343949
0.705905    -0.0319494
0.706033    -0.0295038
0.70616    -0.0270582
0.706286    -0.0246126
0.706409    -0.022167
0.706531    -0.0197214
0.706651    -0.0172758
0.70677    -0.0148302
0.706887    -0.0123846
0.707002    -0.00993908
0.707115    -0.00749355
0.707227    -0.00504806
0.707337    -0.00260261
0.707446    -0.000157221
0.707553    0.00228811
0.707658    0.00473338
0.707762    0.00717858
0.707864    0.00962369
0.707965    0.0120687
0.708064    0.0145137
0.708161    0.0169585
0.708257    0.0194032
0.708352    0.0218478
0.708445    0.0242923
0.708536    0.0267366
0.708626    0.0291809
0.708714    0.0316249
0.708801    0.0340689
0.708886    0.0365126
0.70897    0.0389562
0.709052    0.0413996
0.709133    0.0438429
0.709212    0.0462859
0.70929    0.0487288
0.709367    0.0511715
0.709442    0.0536139
0.709515    0.0560561
0.709587    0.0584982
0.709658    0.06094
0.709728    0.0633815
0.709796    0.0658228
0.709862    0.0682639
0.709928    0.0707047
0.709992    0.0731452
0.710054    0.0755855
0.710115    0.0780255
0.710175    0.0804652
0.710234    0.0829046
0.710291    0.0853437
0.710347    0.0877826
0.710402    0.0902211
0.710455    0.0926592
0.710508    0.0950971
0.710558    0.0975346
0.710608    0.0999718
0.710656    0.102409
0.710704    0.104845
0.710749    0.107281
0.710794    0.109717
0.710838    0.112152
0.71088    0.114587
0.710921    0.117022
0.710961    0.119456
0.711    0.12189
0.711037    0.124323
0.711074    0.126757
0.711109    0.129189
0.711143    0.131621
0.711176    0.134053
0.711208    0.136484
0.711239    0.138915
0.711268    0.141345
0.711297    0.143775
0.711325    0.146205
0.711351    0.148634
0.711376    0.151062
0.711401    0.15349
0.711424    0.155918
0.711446    0.158345
0.711468    0.160771
0.711488    0.163197
0.711507    0.165623
0.711526    0.168048
0.711543    0.170472
0.711559    0.172896
0.711574    0.175319
0.711589    0.177742
0.711602    0.180164
0.711615    0.182586
0.711626    0.185007
0.711637    0.187427
0.711647    0.189847
0.711656    0.192266
0.711664    0.194685
0.711671    0.197103
0.711677    0.19952
0.711682    0.201937
0.711687    0.204353
0.711691    0.206769
0.711694    0.209184
0.711696    0.211598
0.711697    0.214012
0.711697    0.216425
0.711697    0.218837
0.711696    0.221249
0.711694    0.22366
0.711691    0.22607
0.711688    0.22848
0.711684    0.230888
0.711679    0.233297
0.711673    0.235704
0.711667    0.238111
0.71166    0.240517
0.711652    0.242922
0.711644    0.245327
0.711635    0.24773
0.711625    0.250133
0.711614    0.252536
0.711603    0.254937
0.711592    0.257338
0.711579    0.259738
0.711566    0.262137
0.711553    0.264536
0.711539    0.266933
0.711524    0.26933
0.711509    0.271726
0.711493    0.274121
0.711477    0.276516
0.71146    0.278909
0.711442    0.281302
0.711424    0.283694
0.711406    0.286085
0.711387    0.288475
0.711367    0.290865
0.711347    0.293253
0.711326    0.295641
0.711306    0.298027
0.711284    0.300413
0.711262    0.302798
0.71124    0.305182
0.711217    0.307566
0.711194    0.309948
0.71117    0.312329
0.711146    0.31471
0.711122    0.317089
0.711097    0.319468
0.711072    0.321845
0.711047    0.324222
0.711021    0.326598
0.710995    0.328973
0.710968    0.331347
0.710941    0.333719
0.710914    0.336091
0.710887    0.338462
0.710859    0.340832
0.710831    0.343201
0.710803    0.345569
0.710774    0.347936
0.710746    0.350302
0.710717    0.352667
0.710687    0.355031
0.710658    0.357394
0.710628    0.359756
0.710598    0.362117
0.710568    0.364476
0.710538    0.366835
0.710508    0.369193
0.710477    0.371549
0.710446    0.373905
0.710416    0.376259
0.710385    0.378613
0.710353    0.380965
0.710322    0.383316
0.710291    0.385666
0.71026    0.388016
0.710228    0.390363
0.710196    0.39271
0.710165    0.395056
0.710133    0.397401
0.710101    0.399744
0.71007    0.402086
0.710038    0.404427
0.710006    0.406767
0.709974    0.409106
0.709943    0.411444
0.709911    0.413781
0.709879    0.416116
0.709847    0.41845
0.709816    0.420783
0.709784    0.423115
0.709753    0.425446
0.709721    0.427775
0.70969    0.430103
0.709659    0.43243
0.709628    0.434756
0.709596    0.437081
0.709566    0.439404
0.709535    0.441726
0.709504    0.444047
0.709474    0.446367
0.709444    0.448685
0.709413    0.451002
0.709384    0.453318
0.709354    0.455633
0.709324    0.457946
0.709295    0.460258
0.709266    0.462569
0.709237    0.464878
0.709209    0.467186
0.70918    0.469493
0.709152    0.471799
0.709125    0.474103
0.709097    0.476406
0.70907    0.478708
0.709043    0.481008
0.709017    0.483307
0.708991    0.485605
0.708965    0.487901
0.708939    0.490196
0.708914    0.49249
0.708889    0.494782
0.708865    0.497073
0.708841    0.499362
0.708817    0.50165
0.708794    0.503937
0.708771    0.506223
0.708749    0.508507
0.708727    0.510789
0.708706    0.51307
0.708685    0.51535
0.708664    0.517629
0.708644    0.519906
0.708624    0.522181
0.708605    0.524455
0.708587    0.526728
0.708569    0.528999
0.708551    0.531269
0.708534    0.533537
0.708518    0.535804
0.708502    0.53807
0.708487    0.540334
0.708472    0.542596
0.708458    0.544857
0.708445    0.547117
0.708432    0.549375
0.708419    0.551632
0.708408    0.553887
0.708397    0.55614
0.708386    0.558392
0.708377    0.560643
0.708368    0.562892
0.708359    0.56514
0.708352    0.567386
0.708345    0.56963
0.708339    0.571873
0.708333    0.574115
0.708328    0.576355
0.708324    0.578593
0.708321    0.58083
0.708318    0.583065
0.708317    0.585299
0.708316    0.587531
0.708315    0.589761
0.708316    0.59199
0.708318    0.594217
0.70832    0.596443
0.708323    0.598667
0.708327    0.60089
0.708332    0.603111
0.708337    0.60533
0.708344    0.607548
0.708351    0.609764
0.708359    0.611979
0.708368    0.614192
0.708378    0.616403
0.708389    0.618612
0.708401    0.62082
0.708414    0.623027
0.708428    0.625231
0.708443    0.627434
0.708459    0.629636
0.708475    0.631835
0.708493    0.634033
0.708512    0.63623
0.708531    0.638424
0.708552    0.640617
0.708574    0.642808
0.708597    0.644998
0.708621    0.647186
0.708645    0.649372
0.708671    0.651556
0.708698    0.653739
0.708727    0.65592
0.708756    0.658099
0.708786    0.660277
0.708818    0.662453
0.70885    0.664627
0.708884    0.666799
0.708919    0.668969
0.708955    0.671138
0.708992    0.673305
0.709031    0.675471
0.70907    0.677634
0.709111    0.679796
0.709153    0.681956
0.709196    0.684114
0.70924    0.68627
0.709286    0.688425
0.709333    0.690578
0.709381    0.692729
0.709431    0.694878
0.709481    0.697025
0.709533    0.699171
0.709586    0.701315
0.709641    0.703457
0.709697    0.705597
0.709754    0.707735
0.709813    0.709871
0.709873    0.712006
0.709934    0.714139
0.709996    0.716269
0.71006    0.718398
0.710126    0.720526
0.710193    0.722651
0.710261    0.724774
0.71033    0.726896
0.710401    0.729015
0.710474    0.731133
0.710548    0.733249
0.710623    0.735363
0.7107    0.737475
0.710778    0.739585
0.710858    0.741694
0.710939    0.7438
0.711022    0.745904
0.711106    0.748007
0.711191    0.750107
0.711279    0.752206
0.711368    0.754303
0.711458    0.756398
0.71155    0.75849
0.711643    0.760581
0.711738    0.76267
0.711835    0.764757
0.711933    0.766842
0.712033    0.768925
0.712135    0.771006
0.712238    0.773085
0.712342    0.775162
0.712449    0.777237
0.712557    0.77931
0.712666    0.781382
0.712778    0.783451
0.712891    0.785518
0.713006    0.787583
0.713122    0.789646
0.71324    0.791707
0.71336    0.793766
0.713482    0.795823
0.713605    0.797878
0.71373    0.799931
0.713857    0.801982
0.713985    0.80403
0.714116    0.806077
0.714248    0.808122
0.714382    0.810165
0.714518    0.812205
0.714655    0.814244
0.714795    0.81628
0.714936    0.818315
0.715079    0.820347
0.715224    0.822377
0.715371    0.824405
0.71552    0.826431
0.71567    0.828455
0.715823    0.830477
0.715977    0.832497
0.716133    0.834514
0.716291    0.83653
0.716452    0.838543
0.716614    0.840554
0.716778    0.842563
0.716944    0.84457
0.717112    0.846575
0.717281    0.848577
0.717453    0.850578
0.717627    0.852576
0.717803    0.854572
0.717981    0.856566
0.718161    0.858558
0.718343    0.860548
0.718527    0.862535
0.718713    0.86452
0.718901    0.866503
0.719091    0.868484
0.719284    0.870463
0.719478    0.872439
0.719674    0.874414
0.719873    0.876386
0.720074    0.878356
0.720276    0.880323
0.720481    0.882289
0.720688    0.884252
0.720898    0.886213
0.721109    0.888171
0.721323    0.890128
0.721538    0.892082
0.721756    0.894034
0.721977    0.895983
0.722199    0.897931
0.722423    0.899876
0.72265    0.901819
0.722879    0.903759
0.723111    0.905698
0.723344    0.907633
0.72358    0.909567
0.723818    0.911499
0.724058    0.913428
0.724301    0.915354
0.724546    0.917279
0.724793    0.919201
0.725043    0.921121
0.725295    0.923038
0.725549    0.924953
0.725805    0.926866
0.726064    0.928777
0.726326    0.930685
0.726589    0.932591
0.726855    0.934494
0.727124    0.936395
0.727395    0.938294
0.727668    0.94019
0.727944    0.942084
0.728222    0.943976
0.728502    0.945865
0.728785    0.947752
0.729071    0.949636
0.729359    0.951518
0.729649    0.953397
0.729942    0.955275
0.730237    0.957149
0.730535    0.959022
0.730835    0.960892
0.731138    0.962759
0.731444    0.964624
0.731752    0.966487
0.732062    0.968347
0.732375    0.970205
0.732691    0.97206
0.733009    0.973913
0.733329    0.975763
0.733653    0.977611
0.733979    0.979456
0.734307    0.981299
0.734638    0.983139
0.734972    0.984977
0.735309    0.986813
0.735648    0.988645
0.735989    0.990476
0.736334    0.992304
0.736681    0.994129
0.73703    0.995952
0.737383    0.997772
0.737738    0.99959
0.738095    1.00141
0.738456    1.00322
0.738819    1.00503
0.739185    1.00684
0.739554    1.00864
0.739925    1.01044
0.740299    1.01224
0.740676    1.01404
0.741056    1.01584
0.741438    1.01763
0.741823    1.01942
0.742212    1.0212
0.742602    1.02299
0.742996    1.02477
0.743393    1.02655
0.743792    1.02833
0.744194    1.0301
0.744599    1.03187
0.745007    1.03364
0.745418    1.03541
0.745831    1.03717
0.746248    1.03893
0.746667    1.04069
0.747089    1.04244
0.747515    1.0442
0.747943    1.04595
0.748374    1.04769
0.748808    1.04944
0.749245    1.05118
0.749684    1.05292
0.750127    1.05466
0.750573    1.05639
0.751022    1.05812
0.751474    1.05985
0.751928    1.06157
0.752386    1.0633
0.752847    1.06502
0.75331    1.06674
0.753777    1.06845
