-0.301241    -1.27332
-0.299391    -1.27263
-0.297544    -1.27193
-0.2957    -1.27123
-0.293858    -1.27052
-0.29202    -1.26981
-0.290184    -1.26909
-0.288351    -1.26837
-0.28652    -1.26764
-0.284693    -1.26691
-0.282868    -1.26617
-0.281047    -1.26542
-0.279228    -1.26468
-0.277412    -1.26392
-0.275599    -1.26316
-0.273789    -1.2624
-0.271982    -1.26163
-0.270178    -1.26086
-0.268376    -1.26008
-0.266578    -1.2593
-0.264782    -1.25851
-0.26299    -1.25772
-0.2612    -1.25692
-0.259414    -1.25611
-0.25763    -1.25531
-0.255849    -1.25449
-0.254071    -1.25367
-0.252296    -1.25285
-0.250525    -1.25202
-0.248756    -1.25119
-0.24699    -1.25035
-0.245227    -1.24951
-0.243467    -1.24866
-0.24171    -1.24781
-0.239957    -1.24695
-0.238206    -1.24609
-0.236458    -1.24522
-0.234713    -1.24435
-0.232971    -1.24347
-0.231233    -1.24259
-0.229497    -1.2417
-0.227765    -1.24081
-0.226035    -1.23992
-0.224309    -1.23902
-0.222585    -1.23811
-0.220865    -1.2372
-0.219148    -1.23628
-0.217434    -1.23536
-0.215723    -1.23444
-0.214015    -1.23351
-0.21231    -1.23257
-0.210608    -1.23163
-0.208909    -1.23069
-0.207214    -1.22974
-0.205522    -1.22879
-0.203832    -1.22783
-0.202146    -1.22687
-0.200463    -1.2259
-0.198783    -1.22493
-0.197107    -1.22395
-0.195433    -1.22297
-0.193763    -1.22198
-0.192095    -1.22099
-0.190431    -1.22
-0.18877    -1.219
-0.187113    -1.21799
-0.185458    -1.21699
-0.183807    -1.21597
-0.182158    -1.21495
-0.180513    -1.21393
-0.178871    -1.2129
-0.177233    -1.21187
-0.175597    -1.21083
-0.173965    -1.20979
-0.172336    -1.20875
-0.17071    -1.2077
-0.169088    -1.20664
-0.167468    -1.20558
-0.165852    -1.20452
-0.164239    -1.20345
-0.16263    -1.20238
-0.161023    -1.2013
-0.15942    -1.20022
-0.15782    -1.19914
-0.156223    -1.19805
-0.15463    -1.19695
-0.153039    -1.19585
-0.151452    -1.19475
-0.149869    -1.19364
-0.148288    -1.19253
-0.146711    -1.19141
-0.145137    -1.19029
-0.143566    -1.18916
-0.141999    -1.18803
-0.140435    -1.1869
-0.138874    -1.18576
-0.137316    -1.18462
-0.135762    -1.18347
-0.134211    -1.18232
-0.132663    -1.18116
-0.131119    -1.18
-0.129577    -1.17884
-0.12804    -1.17767
-0.126505    -1.17649
-0.124974    -1.17532
-0.123446    -1.17414
-0.121921    -1.17295
-0.1204    -1.17176
-0.118882    -1.17056
-0.117367    -1.16937
-0.115856    -1.16816
-0.114348    -1.16696
-0.112843    -1.16574
-0.111342    -1.16453
-0.109843    -1.16331
-0.108349    -1.16209
-0.106857    -1.16086
-0.105369    -1.15963
-0.103884    -1.15839
-0.102403    -1.15715
-0.100925    -1.1559
-0.0994499    -1.15466
-0.0979785    -1.1534
-0.0965104    -1.15215
-0.0950456    -1.15088
-0.0935842    -1.14962
-0.0921261    -1.14835
-0.0906714    -1.14708
-0.08922    -1.1458
-0.087772    -1.14452
-0.0863273    -1.14323
-0.084886    -1.14194
-0.083448    -1.14065
-0.0820134    -1.13935
-0.0805822    -1.13805
-0.0791543    -1.13674
-0.0777297    -1.13543
-0.0763085    -1.13412
-0.0748907    -1.1328
-0.0734763    -1.13148
-0.0720652    -1.13016
-0.0706574    -1.12883
-0.0692531    -1.12749
-0.0678521    -1.12615
-0.0664545    -1.12481
-0.0650602    -1.12347
-0.0636693    -1.12212
-0.0622818    -1.12077
-0.0608976    -1.11941
-0.0595168    -1.11805
-0.0581394    -1.11668
-0.0567653    -1.11531
-0.0553947    -1.11394
-0.0540274    -1.11257
-0.0526634    -1.11118
-0.0513029    -1.1098
-0.0499457    -1.10841
-0.0485919    -1.10702
-0.0472414    -1.10563
-0.0458944    -1.10423
-0.0445507    -1.10282
-0.0432104    -1.10142
-0.0418734    -1.1
-0.0405399    -1.09859
-0.0392097    -1.09717
-0.0378829    -1.09575
-0.0365594    -1.09432
-0.0352394    -1.09289
-0.0339227    -1.09146
-0.0326094    -1.09002
-0.0312994    -1.08858
-0.0299928    -1.08714
-0.0286897    -1.08569
-0.0273898    -1.08424
-0.0260934    -1.08278
-0.0248003    -1.08132
-0.0235106    -1.07986
-0.0222243    -1.07839
-0.0209413    -1.07692
-0.0196617    -1.07545
-0.0183855    -1.07397
-0.0171127    -1.07249
-0.0158432    -1.071
-0.0145771    -1.06952
-0.0133144    -1.06802
-0.012055    -1.06653
-0.010799    -1.06503
-0.00954635    -1.06353
-0.00829708    -1.06202
-0.00705117    -1.06051
-0.00580863    -1.059
-0.00456945    -1.05748
-0.00333363    -1.05596
-0.00210117    -1.05443
-0.000872068    -1.0529
0.000353672    -1.05137
0.00157605    -1.04984
0.00279508    -1.0483
0.00401075    -1.04676
0.00522307    -1.04521
0.00643203    -1.04366
0.00763764    -1.04211
0.0088399    -1.04056
0.0100388    -1.039
0.0112344    -1.03743
0.0124266    -1.03587
0.0136155    -1.0343
0.014801    -1.03272
0.0159832    -1.03115
0.017162    -1.02957
0.0183375    -1.02798
0.0195097    -1.0264
0.0206785    -1.02481
0.021844    -1.02321
0.0230062    -1.02162
0.024165    -1.02001
0.0253205    -1.01841
0.0264727    -1.0168
0.0276216    -1.01519
0.0287671    -1.01358
0.0299093    -1.01196
0.0310482    -1.01034
0.0321837    -1.00872
0.033316    -1.00709
0.0344449    -1.00546
0.0355705    -1.00383
0.0366928    -1.00219
0.0378119    -1.00055
0.0389275    -0.998905
0.0400399    -0.997258
0.041149    -0.995607
0.0422548    -0.993954
0.0433573    -0.992297
0.0444565    -0.990637
0.0455524    -0.988974
0.046645    -0.987307
0.0477343    -0.985637
0.0488204    -0.983964
0.0499031    -0.982288
0.0509826    -0.980609
0.0520588    -0.978926
0.0531317    -0.97724
0.0542013    -0.975551
0.0552677    -0.973859
0.0563308    -0.972164
0.0573907    -0.970466
0.0584472    -0.968764
0.0595005    -0.967059
0.0605506    -0.965351
0.0615974    -0.96364
0.0626409    -0.961926
0.0636812    -0.960209
0.0647182    -0.958488
0.065752    -0.956765
0.0667826    -0.955038
0.0678099    -0.953308
0.068834    -0.951576
0.0698548    -0.94984
0.0708725    -0.948101
0.0718868    -0.946359
0.072898    -0.944614
0.0739059    -0.942866
0.0749107    -0.941114
0.0759122    -0.93936
0.0769105    -0.937603
0.0779055    -0.935843
0.0788974    -0.934079
0.0798861    -0.932313
0.0808716    -0.930544
0.0818539    -0.928771
0.0828329    -0.926996
0.0838088    -0.925218
0.0847815    -0.923437
0.0857511    -0.921652
0.0867174    -0.919865
0.0876806    -0.918075
0.0886406    -0.916282
0.0895974    -0.914486
0.0905511    -0.912687
0.0915016    -0.910885
0.0924489    -0.90908
0.0933931    -0.907273
0.0943341    -0.905462
0.095272    -0.903648
0.0962067    -0.901832
0.0971383    -0.900013
0.0980668    -0.89819
0.0989921    -0.896365
0.0999143    -0.894537
0.100833    -0.892706
0.101749    -0.890873
0.102662    -0.889036
0.103572    -0.887197
0.104478    -0.885355
0.105382    -0.88351
0.106282    -0.881662
0.10718    -0.879811
0.108074    -0.877957
0.108965    -0.876101
0.109853    -0.874242
0.110738    -0.87238
0.11162    -0.870515
0.112498    -0.868648
0.113374    -0.866778
0.114247    -0.864905
0.115116    -0.863029
0.115983    -0.86115
0.116846    -0.859269
0.117706    -0.857385
0.118564    -0.855498
0.119418    -0.853609
0.120269    -0.851717
0.121118    -0.849822
0.121963    -0.847924
0.122805    -0.846024
0.123644    -0.844121
0.12448    -0.842215
0.125313    -0.840307
0.126143    -0.838396
0.12697    -0.836482
0.127795    -0.834566
0.128616    -0.832647
0.129434    -0.830725
0.130249    -0.828801
0.131061    -0.826874
0.13187    -0.824944
0.132676    -0.823012
0.13348    -0.821077
0.13428    -0.81914
0.135077    -0.8172
0.135871    -0.815257
0.136663    -0.813312
0.137451    -0.811364
0.138237    -0.809413
0.139019    -0.80746
0.139799    -0.805505
0.140576    -0.803547
0.141349    -0.801586
0.14212    -0.799623
0.142888    -0.797657
0.143653    -0.795689
0.144415    -0.793718
0.145175    -0.791744
0.145931    -0.789768
0.146684    -0.78779
0.147435    -0.785809
0.148183    -0.783826
0.148928    -0.78184
0.149669    -0.779851
0.150409    -0.77786
0.151145    -0.775867
0.151878    -0.773871
0.152609    -0.771873
0.153336    -0.769872
0.154061    -0.767869
0.154783    -0.765863
0.155502    -0.763855
0.156219    -0.761844
0.156932    -0.759831
0.157643    -0.757816
0.158351    -0.755798
0.159056    -0.753778
0.159758    -0.751755
0.160458    -0.74973
0.161155    -0.747703
0.161849    -0.745673
0.16254    -0.743641
0.163228    -0.741606
0.163914    -0.739569
0.164597    -0.73753
0.165277    -0.735489
0.165954    -0.733445
0.166629    -0.731398
0.167301    -0.72935
0.16797    -0.727299
0.168637    -0.725245
0.1693    -0.72319
0.169961    -0.721132
0.17062    -0.719071
0.171275    -0.717009
0.171928    -0.714944
0.172578    -0.712877
0.173226    -0.710807
0.173871    -0.708736
0.174513    -0.706662
0.175153    -0.704586
0.175789    -0.702507
0.176424    -0.700426
0.177055    -0.698343
0.177684    -0.696258
0.17831    -0.694171
0.178934    -0.692081
0.179555    -0.689989
0.180173    -0.687895
0.180789    -0.685799
0.181402    -0.6837
0.182012    -0.681599
0.18262    -0.679496
0.183226    -0.677391
0.183828    -0.675284
0.184428    -0.673175
0.185026    -0.671063
0.185621    -0.668949
0.186213    -0.666833
0.186803    -0.664715
0.18739    -0.662595
0.187975    -0.660472
0.188557    -0.658348
0.189137    -0.656221
0.189714    -0.654093
0.190289    -0.651962
0.190861    -0.649829
0.191431    -0.647694
0.191998    -0.645556
0.192562    -0.643417
0.193124    -0.641276
0.193684    -0.639132
0.194241    -0.636987
0.194796    -0.634839
0.195348    -0.63269
0.195898    -0.630538
0.196445    -0.628384
0.19699    -0.626229
0.197532    -0.624071
0.198072    -0.621911
0.198609    -0.619749
0.199145    -0.617585
0.199677    -0.615419
0.200207    -0.613251
0.200735    -0.611082
0.201261    -0.60891
0.201784    -0.606736
0.202304    -0.60456
0.202823    -0.602382
0.203339    -0.600202
0.203852    -0.598021
0.204363    -0.595837
0.204872    -0.593651
0.205379    -0.591464
0.205883    -0.589274
0.206385    -0.587083
0.206884    -0.584889
0.207381    -0.582694
0.207876    -0.580497
0.208369    -0.578298
0.208859    -0.576097
0.209347    -0.573894
0.209833    -0.571689
0.210316    -0.569482
0.210797    -0.567274
0.211276    -0.565063
0.211752    -0.562851
0.212227    -0.560637
0.212699    -0.558421
0.213169    -0.556203
0.213636    -0.553983
0.214102    -0.551762
0.214565    -0.549538
0.215026    -0.547313
0.215485    -0.545086
0.215941    -0.542857
0.216395    -0.540627
0.216848    -0.538394
0.217298    -0.53616
0.217745    -0.533924
0.218191    -0.531686
0.218635    -0.529447
0.219076    -0.527206
0.219515    -0.524962
0.219952    -0.522718
0.220387    -0.520471
0.22082    -0.518223
0.22125    -0.515973
0.221679    -0.513721
0.222106    -0.511468
0.22253    -0.509212
0.222952    -0.506955
0.223372    -0.504697
0.223791    -0.502437
0.224207    -0.500175
0.224621    -0.497911
0.225033    -0.495646
0.225442    -0.493378
0.22585    -0.49111
0.226256    -0.488839
0.22666    -0.486567
0.227062    -0.484294
0.227462    -0.482019
0.227859    -0.479742
0.228255    -0.477463
0.228649    -0.475183
0.229041    -0.472901
0.229431    -0.470618
0.229819    -0.468333
0.230204    -0.466046
0.230588    -0.463758
0.230971    -0.461468
0.231351    -0.459177
0.231729    -0.456884
0.232105    -0.45459
0.232479    -0.452294
0.232852    -0.449996
0.233222    -0.447697
0.233591    -0.445396
0.233958    -0.443094
0.234323    -0.44079
0.234686    -0.438485
0.235047    -0.436178
0.235406    -0.43387
0.235763    -0.43156
0.236119    -0.429249
0.236473    -0.426937
0.236825    -0.424622
0.237175    -0.422307
0.237523    -0.41999
0.23787    -0.417671
0.238214    -0.415351
0.238557    -0.41303
0.238899    -0.410707
0.239238    -0.408382
0.239576    -0.406056
0.239911    -0.403729
0.240246    -0.401401
0.240578    -0.399071
0.240909    -0.396739
0.241238    -0.394407
0.241565    -0.392072
0.24189    -0.389737
0.242214    -0.3874
0.242536    -0.385062
0.242857    -0.382722
0.243175    -0.380381
0.243492    -0.378039
0.243808    -0.375695
0.244122    -0.37335
0.244434    -0.371004
0.244744    -0.368656
0.245053    -0.366307
0.24536    -0.363957
0.245666    -0.361605
0.24597    -0.359252
0.246272    -0.356898
0.246573    -0.354543
0.246872    -0.352186
0.24717    -0.349828
0.247466    -0.347469
0.24776    -0.345108
0.248053    -0.342747
0.248345    -0.340384
0.248635    -0.33802
0.248923    -0.335654
0.24921    -0.333288
0.249495    -0.33092
0.249779    -0.328551
0.250061    -0.326181
0.250342    -0.323809
0.250621    -0.321437
0.250899    -0.319063
0.251176    -0.316688
0.251451    -0.314312
0.251724    -0.311935
0.251996    -0.309557
0.252267    -0.307177
0.252536    -0.304797
0.252804    -0.302415
0.25307    -0.300032
0.253335    -0.297648
0.253599    -0.295263
0.253861    -0.292877
0.254122    -0.29049
0.254382    -0.288101
0.25464    -0.285712
0.254897    -0.283321
0.255152    -0.28093
0.255406    -0.278537
0.255659    -0.276144
0.255911    -0.273749
0.256161    -0.271353
0.25641    -0.268957
0.256657    -0.266559
0.256904    -0.26416
0.257149    -0.261761
0.257392    -0.25936
0.257635    -0.256958
0.257876    -0.254555
0.258116    -0.252152
0.258355    -0.249747
0.258593    -0.247342
0.258829    -0.244935
0.259064    -0.242528
0.259298    -0.240119
0.259531    -0.23771
0.259762    -0.2353
0.259993    -0.232889
0.260222    -0.230477
0.26045    -0.228064
0.260677    -0.22565
0.260903    -0.223235
0.261128    -0.220819
0.261351    -0.218403
0.261574    -0.215986
0.261795    -0.213567
0.262015    -0.211148
0.262235    -0.208729
0.262453    -0.206308
0.26267    -0.203886
0.262886    -0.201464
0.263101    -0.199041
0.263314    -0.196617
0.263527    -0.194192
0.263739    -0.191767
0.26395    -0.18934
0.26416    -0.186913
0.264369    -0.184485
0.264576    -0.182057
0.264783    -0.179628
0.264989    -0.177198
0.265194    -0.174767
0.265398    -0.172335
0.265601    -0.169903
0.265803    -0.16747
0.266004    -0.165036
0.266204    -0.162602
0.266404    -0.160167
0.266602    -0.157731
0.266799    -0.155295
0.266996    -0.152858
0.267192    -0.15042
0.267387    -0.147982
0.267581    -0.145543
0.267774    -0.143103
0.267966    -0.140663
0.268158    -0.138222
0.268348    -0.135781
0.268538    -0.133339
0.268727    -0.130896
0.268915    -0.128453
0.269103    -0.126009
0.269289    -0.123565
0.269475    -0.12112
0.269661    -0.118675
0.269845    -0.116229
0.270029    -0.113782
0.270212    -0.111335
0.270394    -0.108887
0.270575    -0.106439
0.270756    -0.103991
0.270936    -0.101541
0.271115    -0.0990919
0.271294    -0.0966418
0.271472    -0.0941913
0.27165    -0.0917402
0.271826    -0.0892888
0.272002    -0.0868369
0.272178    -0.0843845
0.272353    -0.0819317
0.272527    -0.0794785
0.272701    -0.0770248
0.272874    -0.0745708
0.273046    -0.0721164
0.273218    -0.0696615
0.273389    -0.0672063
0.27356    -0.0647507
0.27373    -0.0622947
0.2739    -0.0598384
0.274069    -0.0573817
0.274237    -0.0549247
0.274405    -0.0524674
0.274573    -0.0500097
0.27474    -0.0475517
0.274906    -0.0450934
0.275072    -0.0426348
0.275238    -0.0401758
0.275403    -0.0377166
0.275568    -0.0352572
0.275732    -0.0327974
0.275896    -0.0303374
0.276059    -0.0278771
0.276222    -0.0254166
0.276385    -0.0229559
0.276547    -0.0204949
0.276709    -0.0180337
0.27687    -0.0155723
0.277031    -0.0131107
0.277192    -0.0106489
0.277352    -0.00818688
0.277512    -0.0057247
0.277672    -0.00326235
0.277831    -0.000799833
0.277991    0.00166284
0.278149    0.00412565
0.278308    0.00658861
0.278466    0.00905169
0.278624    0.0115149
0.278781    0.0139782
0.278939    0.0164417
0.279096    0.0189052
0.279253    0.0213688
0.279409    0.0238325
0.279566    0.0262962
0.279722    0.0287601
0.279878    0.031224
0.280034    0.0336879
0.28019    0.0361519
0.280345    0.0386159
0.280501    0.0410799
0.280656    0.0435439
0.280811    0.046008
0.280966    0.048472
0.28112    0.050936
0.281275    0.0534
0.28143    0.055864
0.281584    0.058328
0.281739    0.0607919
0.281893    0.0632557
0.282047    0.0657195
0.282201    0.0681832
0.282355    0.0706468
0.28251    0.0731104
0.282664    0.0755738
0.282818    0.0780372
0.282972    0.0805004
0.283126    0.0829635
0.28328    0.0854265
0.283434    0.0878894
0.283588    0.0903521
0.283742    0.0928146
0.283896    0.095277
0.28405    0.0977392
0.284205    0.100201
0.284359    0.102663
0.284514    0.105125
0.284668    0.107586
0.284823    0.110047
0.284978    0.112508
0.285132    0.114969
0.285287    0.11743
0.285443    0.11989
0.285598    0.12235
0.285753    0.12481
0.285909    0.127269
0.286065    0.129729
0.286221    0.132187
0.286377    0.134646
0.286534    0.137104
0.28669    0.139562
0.286847    0.14202
0.287004    0.144477
0.287162    0.146934
0.287319    0.149391
0.287477    0.151847
0.287635    0.154303
0.287794    0.156759
0.287953    0.159214
0.288112    0.161669
0.288271    0.164123
0.288431    0.166577
0.288591    0.169031
0.288751    0.171484
0.288912    0.173937
0.289073    0.176389
0.289234    0.178841
0.289396    0.181292
0.289558    0.183743
0.289721    0.186193
0.289884    0.188643
0.290047    0.191093
0.290211    0.193542
0.290376    0.19599
0.290541    0.198438
0.290706    0.200885
0.290871    0.203332
0.291038    0.205778
0.291204    0.208224
0.291371    0.210669
0.291539    0.213114
0.291707    0.215558
0.291876    0.218001
0.292045    0.220444
0.292215    0.222887
0.292385    0.225328
0.292556    0.227769
0.292728    0.23021
0.2929    0.232649
0.293073    0.235088
0.293246    0.237527
0.29342    0.239965
0.293594    0.242402
0.293769    0.244838
0.293945    0.247274
0.294122    0.249709
0.294299    0.252143
0.294477    0.254577
0.294655    0.25701
0.294834    0.259442
0.295014    0.261873
0.295195    0.264304
0.295376    0.266734
0.295558    0.269163
0.295741    0.271592
0.295924    0.274019
0.296108    0.276446
0.296293    0.278872
0.296479    0.281297
0.296666    0.283722
0.296853    0.286145
0.297041    0.288568
0.29723    0.29099
0.29742    0.293411
0.297611    0.295831
0.297802    0.298251
0.297994    0.300669
0.298188    0.303087
0.298382    0.305503
0.298577    0.307919
0.298772    0.310334
0.298969    0.312748
0.299167    0.315161
0.299365    0.317573
0.299565    0.319984
0.299765    0.322395
0.299967    0.324804
0.300169    0.327212
0.300372    0.32962
0.300577    0.332026
0.300782    0.334431
0.300988    0.336836
0.301196    0.339239
0.301404    0.341641
0.301613    0.344043
0.301824    0.346443
0.302035    0.348842
0.302248    0.35124
0.302461    0.353638
0.302676    0.356034
0.302891    0.358429
0.303108    0.360823
0.303326    0.363215
0.303545    0.365607
0.303765    0.367998
0.303986    0.370387
0.304209    0.372776
0.304432    0.375163
0.304657    0.377549
0.304883    0.379934
0.30511    0.382318
0.305338    0.384701
0.305568    0.387082
0.305798    0.389462
0.30603    0.391842
0.306263    0.394219
0.306497    0.396596
0.306733    0.398972
0.30697    0.401346
0.307208    0.403719
0.307447    0.406091
0.307688    0.408461
0.30793    0.410831
0.308173    0.413199
0.308418    0.415566
0.308663    0.417931
0.308911    0.420295
0.309159    0.422658
0.309409    0.42502
0.30966    0.42738
0.309913    0.429739
0.310167    0.432097
0.310422    0.434453
0.310679    0.436808
0.310937    0.439162
0.311197    0.441514
0.311458    0.443865
0.31172    0.446215
0.311984    0.448563
0.312249    0.45091
0.312516    0.453255
0.312784    0.455599
0.313054    0.457942
0.313325    0.460283
0.313598    0.462622
0.313872    0.464961
0.314148    0.467297
0.314425    0.469633
0.314704    0.471967
0.314984    0.474299
0.315266    0.47663
0.31555    0.478959
0.315835    0.481287
0.316121    0.483614
0.316409    0.485939
0.316699    0.488262
0.316991    0.490584
0.317284    0.492904
0.317578    0.495223
0.317875    0.497541
0.318173    0.499856
0.318472    0.50217
0.318773    0.504483
0.319076    0.506794
0.319381    0.509103
0.319687    0.511411
0.319995    0.513717
0.320305    0.516022
0.320616    0.518325
0.32093    0.520626
0.321245    0.522926
0.321561    0.525224
0.32188    0.52752
0.3222    0.529815
0.322522    0.532108
0.322846    0.534399
0.323171    0.536689
0.323498    0.538977
0.323828    0.541263
0.324158    0.543548
0.324491    0.545831
0.324826    0.548112
0.325162    0.550392
0.325501    0.552669
0.325841    0.554945
0.326183    0.557219
0.326527    0.559492
0.326873    0.561762
0.32722    0.564031
0.32757    0.566298
0.327922    0.568564
0.328275    0.570827
0.328631    0.573089
0.328988    0.575349
0.329347    0.577607
0.329709    0.579863
0.330072    0.582117
0.330437    0.58437
0.330804    0.58662
0.331174    0.588869
0.331545    0.591116
0.331918    0.593361
0.332293    0.595604
0.332671    0.597846
0.33305    0.600085
0.333431    0.602323
0.333815    0.604558
0.3342    0.606792
0.334588    0.609023
0.334978    0.611253
0.33537    0.613481
0.335763    0.615707
0.336159    0.617931
0.336558    0.620153
0.336958    0.622372
0.33736    0.62459
0.337765    0.626806
0.338172    0.62902
0.33858    0.631232
0.338991    0.633442
0.339405    0.63565
0.33982    0.637856
0.340238    0.64006
0.340658    0.642262
0.34108    0.644461
0.341504    0.646659
0.34193    0.648855
0.342359    0.651048
0.34279    0.65324
0.343223    0.655429
0.343659    0.657616
0.344097    0.659801
0.344537    0.661984
0.344979    0.664165
0.345424    0.666344
0.345871    0.668521
0.34632    0.670695
0.346772    0.672867
0.347226    0.675038
0.347682    0.677206
0.348141    0.679372
0.348602    0.681535
0.349065    0.683697
0.349531    0.685856
0.349999    0.688013
0.35047    0.690168
0.350943    0.69232
0.351418    0.694471
0.351896    0.696619
0.352376    0.698765
0.352859    0.700909
0.353344    0.70305
0.353831    0.705189
0.354321    0.707326
0.354814    0.709461
0.355309    0.711593
0.355806    0.713723
0.356306    0.715851
0.356808    0.717976
0.357313    0.720099
0.357821    0.72222
0.358331    0.724338
0.358843    0.726454
0.359358    0.728568
0.359876    0.730679
0.360396    0.732788
0.360919    0.734895
0.361444    0.736999
0.361972    0.739101
0.362502    0.741201
0.363036    0.743298
0.363571    0.745392
0.364109    0.747485
0.36465    0.749574
0.365194    0.751662
0.36574    0.753747
0.366289    0.755829
0.36684    0.757909
0.367395    0.759987
0.367951    0.762062
0.368511    0.764135
0.369073    0.766205
0.369638    0.768272
0.370205    0.770338
0.370776    0.7724
0.371349    0.77446
0.371924    0.776518
0.372503    0.778573
0.373084    0.780626
0.373668    0.782676
0.374255    0.784723
0.374844    0.786768
0.375436    0.78881
0.376031    0.79085
0.376629    0.792887
0.37723    0.794922
0.377833    0.796954
0.378439    0.798983
0.379048    0.80101
0.37966    0.803034
0.380274    0.805056
0.380892    0.807075
0.381512    0.809091
0.382135    0.811105
0.382761    0.813116
0.38339    0.815124
0.384022    0.817129
0.384657    0.819132
0.385294    0.821133
0.385935    0.82313
0.386578    0.825125
0.387224    0.827117
0.387874    0.829106
0.388526    0.831093
0.389181    0.833077
0.389839    0.835058
0.3905    0.837037
0.391164    0.839012
0.39183    0.840985
0.3925    0.842956
0.393173    0.844923
0.393849    0.846888
0.394528    0.848849
0.395209    0.850808
0.395894    0.852765
0.396582    0.854718
0.397273    0.856668
0.397966    0.858616
0.398663    0.860561
0.399363    0.862503
0.400066    0.864442
0.400772    0.866378
0.401481    0.868312
0.402193    0.870242
0.402909    0.87217
0.403627    0.874095
0.404348    0.876017
0.405073    0.877936
0.4058    0.879852
0.406531    0.881765
0.407265    0.883675
0.408002    0.885582
0.408742    0.887486
0.409485    0.889388
0.410231    0.891286
0.410981    0.893181
0.411733    0.895074
0.412489    0.896963
0.413248    0.89885
0.41401    0.900733
0.414776    0.902613
0.415544    0.904491
0.416316    0.906365
0.417091    0.908236
0.417869    0.910105
0.41865    0.91197
0.419435    0.913832
0.420223    0.915691
0.421014    0.917547
0.421808    0.9194
0.422605    0.92125
0.423406    0.923096
0.42421    0.92494
0.425018    0.92678
0.425828    0.928618
0.426642    0.930452
0.427459    0.932283
0.428279    0.934111
0.429103    0.935936
0.42993    0.937757
0.430761    0.939576
0.431594    0.941391
0.432431    0.943203
0.433271    0.945012
0.434115    0.946818
0.434962    0.94862
0.435812    0.950419
0.436666    0.952215
0.437523    0.954008
0.438383    0.955798
0.439247    0.957584
0.440114    0.959367
0.440985    0.961147
0.441859    0.962923
0.442736    0.964696
0.443617    0.966466
0.444501    0.968233
0.445388    0.969996
0.446279    0.971756
0.447174    0.973513
0.448071    0.975266
0.448973    0.977016
0.449877    0.978762
0.450785    0.980505
0.451697    0.982245
0.452612    0.983982
0.45353    0.985715
0.454452    0.987444
0.455378    0.989171
0.456307    0.990894
0.457239    0.992613
0.458175    0.994329
0.459114    0.996042
0.460057    0.997751
0.461003    0.999456
0.461953    1.00116
0.462907    1.00286
0.463864    1.00455
0.464824    1.00624
0.465788    1.00793
0.466755    1.00962
0.467726    1.0113
0.468701    1.01298
0.469679    1.01465
0.470661    1.01632
0.471646    1.01799
0.472635    1.01965
0.473627    1.02131
0.474623    1.02297
0.475623    1.02462
0.476626    1.02627
0.477633    1.02792
0.478643    1.02956
0.479657    1.0312
0.480674    1.03283
0.481695    1.03446
0.48272    1.03609
0.483748    1.03771
0.48478    1.03933
0.485816    1.04095
0.486855    1.04256
0.487898    1.04417
0.488945    1.04578
0.489995    1.04738
0.491049    1.04898
0.492106    1.05057
0.493167    1.05216
0.494232    1.05375
0.4953    1.05533
0.496373    1.05691
0.497448    1.05849
0.498528    1.06006
0.499611    1.06162
0.500698    1.06319
0.501788    1.06475
0.502883    1.06631
0.503981    1.06786
0.505082    1.06941
0.506188    1.07095
0.507297    1.07249
0.50841    1.07403
0.509526    1.07556
0.510646    1.07709
0.51177    1.07862
0.512898    1.08014
0.514029    1.08166
0.515165    1.08317
0.516304    1.08468
0.517446    1.08619
0.518593    1.08769
0.519743    1.08919
0.520897    1.09068
0.522055    1.09217
0.523216    1.09366
0.524381    1.09514
0.52555    1.09662
0.526723    1.09809
0.5279    1.09956
0.52908    1.10103
0.530264    1.10249
0.531452    1.10395
0.532644    1.1054
0.533839    1.10685
0.535039    1.1083
0.536242    1.10974
0.537449    1.11118
0.53866    1.11261
0.539874    1.11404
0.541092    1.11546
0.542315    1.11689
0.543541    1.1183
0.544771    1.11971
0.546004    1.12112
0.547242    1.12253
0.548483    1.12393
0.549728    1.12532
0.550977    1.12672
0.55223    1.1281
0.553487    1.12949
0.554747    1.13087
0.556012    1.13224
0.55728    1.13361
0.558552    1.13498
0.559828    1.13634
0.561108    1.1377
0.562391    1.13905
0.563679    1.1404
0.56497    1.14174
0.566265    1.14308
0.567565    1.14442
0.568867    1.14575
0.570174    1.14708
0.571485    1.1484
0.5728    1.14972
0.574118    1.15103
0.575441    1.15234
0.576767    1.15365
0.578097    1.15495
0.579431    1.15625
0.580769    1.15754
0.582111    1.15883
0.583456    1.16011
0.584806    1.16139
0.58616    1.16266
0.587517    1.16393
0.588878    1.1652
0.590243    1.16646
