-0.198555    -1.29327
-0.196172    -1.29296
-0.19379    -1.29263
-0.19141    -1.2923
-0.189032    -1.29196
-0.186655    -1.29161
-0.18428    -1.29126
-0.181906    -1.2909
-0.179534    -1.29054
-0.177164    -1.29017
-0.174796    -1.28979
-0.172429    -1.2894
-0.170065    -1.28901
-0.167702    -1.28861
-0.16534    -1.28821
-0.162981    -1.28779
-0.160623    -1.28737
-0.158268    -1.28695
-0.155914    -1.28652
-0.153562    -1.28608
-0.151212    -1.28563
-0.148864    -1.28518
-0.146518    -1.28472
-0.144173    -1.28426
-0.141831    -1.28378
-0.139491    -1.28331
-0.137152    -1.28282
-0.134816    -1.28233
-0.132482    -1.28183
-0.13015    -1.28133
-0.12782    -1.28082
-0.125491    -1.2803
-0.123165    -1.27977
-0.120842    -1.27924
-0.11852    -1.2787
-0.1162    -1.27816
-0.113883    -1.27761
-0.111567    -1.27705
-0.109254    -1.27649
-0.106943    -1.27592
-0.104635    -1.27534
-0.102328    -1.27476
-0.100024    -1.27417
-0.097722    -1.27358
-0.0954223    -1.27297
-0.0931249    -1.27236
-0.0908298    -1.27175
-0.088537    -1.27113
-0.0862465    -1.2705
-0.0839584    -1.26987
-0.0816726    -1.26923
-0.0793893    -1.26858
-0.0771083    -1.26792
-0.0748297    -1.26726
-0.0725535    -1.2666
-0.0702798    -1.26593
-0.0680085    -1.26525
-0.0657397    -1.26456
-0.0634733    -1.26387
-0.0612094    -1.26317
-0.0589481    -1.26247
-0.0566892    -1.26176
-0.0544329    -1.26104
-0.0521792    -1.26032
-0.049928    -1.25959
-0.0476793    -1.25885
-0.0454333    -1.25811
-0.0431898    -1.25736
-0.040949    -1.25661
-0.0387108    -1.25585
-0.0364752    -1.25508
-0.0342423    -1.25431
-0.0320121    -1.25353
-0.0297845    -1.25274
-0.0275596    -1.25195
-0.0253375    -1.25115
-0.023118    -1.25035
-0.0209013    -1.24954
-0.0186874    -1.24872
-0.0164762    -1.2479
-0.0142677    -1.24707
-0.0120621    -1.24624
-0.00985921    -1.2454
-0.00765916    -1.24455
-0.00546194    -1.2437
-0.00326755    -1.24284
-0.001076    -1.24197
0.00111268    -1.2411
0.00329849    -1.24022
0.00548141    -1.23934
0.00766144    -1.23845
0.00983857    -1.23756
0.0120128    -1.23665
0.014184    -1.23575
0.0163524    -1.23483
0.0185177    -1.23391
0.0206801    -1.23299
0.0228395    -1.23206
0.024996    -1.23112
0.0271494    -1.23018
0.0292998    -1.22923
0.0314472    -1.22827
0.0335915    -1.22731
0.0357328    -1.22635
0.037871    -1.22537
0.0400062    -1.2244
0.0421382    -1.22341
0.0442672    -1.22242
0.0463931    -1.22142
0.0485158    -1.22042
0.0506354    -1.21941
0.0527519    -1.2184
0.0548653    -1.21738
0.0569754    -1.21636
0.0590824    -1.21533
0.0611862    -1.21429
0.0632869    -1.21325
0.0653843    -1.2122
0.0674785    -1.21114
0.0695695    -1.21008
0.0716572    -1.20902
0.0737417    -1.20795
0.0758229    -1.20687
0.0779009    -1.20579
0.0799756    -1.2047
0.082047    -1.20361
0.0841151    -1.20251
0.0861799    -1.2014
0.0882414    -1.20029
0.0902996    -1.19917
0.0923544    -1.19805
0.0944059    -1.19693
0.096454    -1.19579
0.0984988    -1.19465
0.10054    -1.19351
0.102578    -1.19236
0.104613    -1.1912
0.106644    -1.19004
0.108672    -1.18888
0.110696    -1.1877
0.112717    -1.18653
0.114735    -1.18534
0.116749    -1.18415
0.118759    -1.18296
0.120766    -1.18176
0.12277    -1.18056
0.12477    -1.17935
0.126767    -1.17813
0.12876    -1.17691
0.13075    -1.17568
0.132736    -1.17445
0.134718    -1.17321
0.136697    -1.17197
0.138673    -1.17072
0.140645    -1.16947
0.142613    -1.16821
0.144578    -1.16695
0.146539    -1.16568
0.148497    -1.1644
0.150451    -1.16312
0.152402    -1.16184
0.154349    -1.16055
0.156292    -1.15925
0.158231    -1.15795
0.160167    -1.15665
0.1621    -1.15533
0.164029    -1.15402
0.165954    -1.1527
0.167875    -1.15137
0.169793    -1.15004
0.171707    -1.1487
0.173617    -1.14736
0.175524    -1.14601
0.177427    -1.14466
0.179326    -1.1433
0.181222    -1.14194
0.183113    -1.14057
0.185001    -1.1392
0.186886    -1.13782
0.188766    -1.13644
0.190643    -1.13505
0.192516    -1.13365
0.194386    -1.13226
0.196251    -1.13085
0.198113    -1.12945
0.199971    -1.12803
0.201826    -1.12661
0.203676    -1.12519
0.205523    -1.12376
0.207366    -1.12233
0.209205    -1.12089
0.21104    -1.11945
0.212871    -1.118
0.214699    -1.11655
0.216523    -1.11509
0.218342    -1.11363
0.220159    -1.11216
0.221971    -1.11069
0.223779    -1.10921
0.225584    -1.10773
0.227384    -1.10625
0.229181    -1.10476
0.230974    -1.10326
0.232763    -1.10176
0.234548    -1.10025
0.236329    -1.09874
0.238106    -1.09723
0.23988    -1.09571
0.241649    -1.09419
0.243415    -1.09266
0.245176    -1.09112
0.246934    -1.08958
0.248688    -1.08804
0.250438    -1.08649
0.252183    -1.08494
0.253925    -1.08338
0.255663    -1.08182
0.257397    -1.08026
0.259128    -1.07869
0.260854    -1.07711
0.262576    -1.07553
0.264294    -1.07395
0.266008    -1.07236
0.267718    -1.07076
0.269425    -1.06917
0.271127    -1.06756
0.272825    -1.06596
0.274519    -1.06435
0.27621    -1.06273
0.277896    -1.06111
0.279578    -1.05949
0.281256    -1.05786
0.282931    -1.05622
0.284601    -1.05459
0.286267    -1.05294
0.287929    -1.0513
0.289587    -1.04965
0.291241    -1.04799
0.292891    -1.04633
0.294537    -1.04467
0.296179    -1.043
0.297817    -1.04132
0.299451    -1.03965
0.301081    -1.03797
0.302707    -1.03628
0.304328    -1.03459
0.305946    -1.0329
0.30756    -1.0312
0.309169    -1.0295
0.310774    -1.02779
0.312376    -1.02608
0.313973    -1.02436
0.315566    -1.02264
0.317155    -1.02092
0.31874    -1.01919
0.320321    -1.01746
0.321898    -1.01573
0.323471    -1.01399
0.32504    -1.01224
0.326604    -1.01049
0.328165    -1.00874
0.329721    -1.00699
0.331274    -1.00522
0.332822    -1.00346
0.334366    -1.00169
0.335906    -0.99992
0.337442    -0.998143
0.338973    -0.996363
0.340501    -0.994579
0.342025    -0.99279
0.343544    -0.990998
0.345059    -0.989202
0.34657    -0.987401
0.348077    -0.985597
0.34958    -0.983789
0.351079    -0.981977
0.352574    -0.980162
0.354064    -0.978342
0.355551    -0.976518
0.357033    -0.974691
0.358511    -0.97286
0.359985    -0.971025
0.361455    -0.969186
0.362921    -0.967343
0.364383    -0.965497
0.36584    -0.963647
0.367293    -0.961793
0.368743    -0.959935
0.370188    -0.958073
0.371629    -0.956208
0.373066    -0.954339
0.374498    -0.952467
0.375927    -0.95059
0.377351    -0.94871
0.378771    -0.946827
0.380188    -0.944939
0.381599    -0.943048
0.383007    -0.941154
0.384411    -0.939255
0.38581    -0.937354
0.387206    -0.935448
0.388597    -0.933539
0.389984    -0.931626
0.391367    -0.92971
0.392746    -0.927791
0.394121    -0.925867
0.395491    -0.92394
0.396858    -0.92201
0.39822    -0.920076
0.399578    -0.918139
0.400932    -0.916198
0.402282    -0.914254
0.403627    -0.912306
0.404969    -0.910355
0.406306    -0.9084
0.40764    -0.906442
0.408969    -0.904481
0.410294    -0.902516
0.411614    -0.900548
0.412931    -0.898576
0.414244    -0.896601
0.415552    -0.894623
0.416856    -0.892641
0.418157    -0.890656
0.419453    -0.888668
0.420744    -0.886676
0.422032    -0.884681
0.423316    -0.882683
0.424595    -0.880682
0.425871    -0.878677
0.427142    -0.876669
0.428409    -0.874658
0.429672    -0.872643
0.430931    -0.870626
0.432185    -0.868605
0.433436    -0.866581
0.434682    -0.864553
0.435925    -0.862523
0.437163    -0.860489
0.438397    -0.858453
0.439627    -0.856413
0.440853    -0.85437
0.442075    -0.852324
0.443293    -0.850275
0.444506    -0.848222
0.445716    -0.846167
0.446921    -0.844109
0.448122    -0.842047
0.449319    -0.839983
0.450512    -0.837915
0.451701    -0.835845
0.452886    -0.833771
0.454067    -0.831694
0.455244    -0.829615
0.456416    -0.827532
0.457585    -0.825447
0.458749    -0.823358
0.45991    -0.821267
0.461066    -0.819173
0.462218    -0.817076
0.463366    -0.814975
0.46451    -0.812872
0.46565    -0.810767
0.466786    -0.808658
0.467918    -0.806546
0.469046    -0.804432
0.470169    -0.802314
0.471289    -0.800194
0.472405    -0.798071
0.473516    -0.795945
0.474624    -0.793817
0.475727    -0.791685
0.476826    -0.789551
0.477922    -0.787414
0.479013    -0.785275
0.4801    -0.783132
0.481184    -0.780987
0.482263    -0.778839
0.483338    -0.776689
0.484409    -0.774536
0.485476    -0.77238
0.48654    -0.770221
0.487599    -0.76806
0.488654    -0.765896
0.489705    -0.763729
0.490752    -0.76156
0.491795    -0.759388
0.492834    -0.757214
0.493869    -0.755037
0.494901    -0.752858
0.495928    -0.750675
0.496951    -0.748491
0.49797    -0.746303
0.498985    -0.744114
0.499997    -0.741921
0.501004    -0.739726
0.502007    -0.737529
0.503006    -0.735329
0.504002    -0.733127
0.504993    -0.730922
0.505981    -0.728715
0.506964    -0.726505
0.507944    -0.724293
0.508919    -0.722078
0.509891    -0.719861
0.510859    -0.717642
0.511823    -0.71542
0.512783    -0.713196
0.513739    -0.710969
0.514691    -0.70874
0.515639    -0.706509
0.516583    -0.704275
0.517524    -0.702039
0.51846    -0.699801
0.519393    -0.69756
0.520322    -0.695317
0.521246    -0.693072
0.522167    -0.690825
0.523084    -0.688575
0.523998    -0.686323
0.524907    -0.684069
0.525812    -0.681812
0.526714    -0.679553
0.527612    -0.677292
0.528506    -0.675029
0.529396    -0.672764
0.530282    -0.670496
0.531164    -0.668227
0.532043    -0.665955
0.532918    -0.663681
0.533789    -0.661404
0.534656    -0.659126
0.535519    -0.656846
0.536378    -0.654563
0.537234    -0.652278
0.538086    -0.649992
0.538934    -0.647703
0.539778    -0.645412
0.540619    -0.643119
0.541456    -0.640824
0.542289    -0.638527
0.543118    -0.636228
0.543943    -0.633927
0.544765    -0.631624
0.545583    -0.629319
0.546397    -0.627012
0.547208    -0.624702
0.548014    -0.622391
0.548817    -0.620079
0.549617    -0.617764
0.550412    -0.615447
0.551204    -0.613128
0.551992    -0.610807
0.552777    -0.608485
0.553557    -0.60616
0.554334    -0.603834
0.555108    -0.601506
0.555877    -0.599176
0.556643    -0.596844
0.557406    -0.59451
0.558164    -0.592174
0.558919    -0.589837
0.559671    -0.587498
0.560418    -0.585157
0.561163    -0.582814
0.561903    -0.580469
0.56264    -0.578123
0.563373    -0.575775
0.564103    -0.573425
0.564829    -0.571073
0.565551    -0.56872
0.56627    -0.566365
0.566985    -0.564008
0.567696    -0.561649
0.568404    -0.559289
0.569109    -0.556927
0.56981    -0.554564
0.570507    -0.552199
0.571201    -0.549832
0.571891    -0.547463
0.572577    -0.545093
0.573261    -0.542722
0.57394    -0.540348
0.574616    -0.537973
0.575289    -0.535597
0.575958    -0.533219
0.576623    -0.530839
0.577285    -0.528458
0.577944    -0.526075
0.578599    -0.523691
0.57925    -0.521305
0.579898    -0.518918
0.580543    -0.516529
0.581184    -0.514139
0.581822    -0.511747
0.582456    -0.509354
0.583087    -0.506959
0.583714    -0.504563
0.584338    -0.502165
0.584958    -0.499766
0.585576    -0.497366
0.586189    -0.494964
0.5868    -0.49256
0.587406    -0.490156
0.58801    -0.487749
0.58861    -0.485342
0.589207    -0.482933
0.5898    -0.480523
0.59039    -0.478111
0.590977    -0.475698
0.59156    -0.473284
0.59214    -0.470868
0.592717    -0.468452
0.59329    -0.466033
0.59386    -0.463614
0.594427    -0.461193
0.59499    -0.458771
0.59555    -0.456348
0.596107    -0.453923
0.59666    -0.451498
0.59721    -0.449071
0.597757    -0.446642
0.598301    -0.444213
0.598841    -0.441782
0.599379    -0.43935
0.599913    -0.436917
0.600443    -0.434483
0.600971    -0.432048
0.601495    -0.429611
0.602016    -0.427174
0.602534    -0.424735
0.603049    -0.422295
0.60356    -0.419854
0.604068    -0.417412
0.604573    -0.414969
0.605075    -0.412524
0.605574    -0.410079
0.60607    -0.407632
0.606562    -0.405185
0.607051    -0.402736
0.607538    -0.400287
0.608021    -0.397836
0.608501    -0.395385
0.608978    -0.392932
0.609451    -0.390478
0.609922    -0.388024
0.61039    -0.385568
0.610854    -0.383111
0.611316    -0.380654
0.611774    -0.378195
0.612229    -0.375736
0.612682    -0.373275
0.613131    -0.370814
0.613577    -0.368352
0.61402    -0.365889
0.61446    -0.363424
0.614898    -0.36096
0.615332    -0.358494
0.615763    -0.356027
0.616191    -0.35356
0.616616    -0.351091
0.617039    -0.348622
0.617458    -0.346152
0.617874    -0.343681
0.618288    -0.341209
0.618698    -0.338737
0.619106    -0.336263
0.61951    -0.333789
0.619912    -0.331314
0.620311    -0.328839
0.620707    -0.326362
0.6211    -0.323885
0.62149    -0.321407
0.621878    -0.318929
0.622262    -0.316449
0.622644    -0.313969
0.623022    -0.311489
0.623398    -0.309007
0.623771    -0.306525
0.624142    -0.304042
0.624509    -0.301559
0.624874    -0.299075
0.625236    -0.29659
0.625595    -0.294105
0.625951    -0.291619
0.626305    -0.289132
0.626655    -0.286645
0.627003    -0.284157
0.627349    -0.281668
0.627691    -0.279179
0.628031    -0.27669
0.628368    -0.2742
0.628703    -0.271709
0.629034    -0.269218
0.629363    -0.266726
0.62969    -0.264233
0.630013    -0.261741
0.630334    -0.259247
0.630653    -0.256753
0.630968    -0.254259
0.631281    -0.251764
0.631592    -0.249269
0.6319    -0.246773
0.632205    -0.244277
0.632507    -0.24178
0.632807    -0.239283
0.633105    -0.236785
0.6334    -0.234287
0.633692    -0.231789
0.633982    -0.22929
0.634269    -0.226791
0.634553    -0.224291
0.634835    -0.221791
0.635115    -0.219291
0.635392    -0.21679
0.635667    -0.214289
0.635939    -0.211788
0.636208    -0.209286
0.636475    -0.206784
0.63674    -0.204282
0.637002    -0.201779
0.637261    -0.199276
0.637519    -0.196773
0.637774    -0.194269
0.638026    -0.191766
0.638276    -0.189262
0.638523    -0.186757
0.638768    -0.184253
0.639011    -0.181748
0.639252    -0.179243
0.63949    -0.176738
0.639725    -0.174232
0.639959    -0.171727
0.640189    -0.169221
0.640418    -0.166715
0.640644    -0.164208
0.640868    -0.161702
0.64109    -0.159196
0.641309    -0.156689
0.641526    -0.154182
0.641741    -0.151675
0.641954    -0.149168
0.642164    -0.146661
0.642372    -0.144153
0.642578    -0.141646
0.642781    -0.139138
0.642983    -0.136631
0.643182    -0.134123
0.643379    -0.131615
0.643573    -0.129108
0.643766    -0.1266
0.643956    -0.124092
0.644145    -0.121584
0.644331    -0.119076
0.644514    -0.116568
0.644696    -0.11406
0.644876    -0.111552
0.645053    -0.109044
0.645229    -0.106536
0.645402    -0.104029
0.645573    -0.101521
0.645742    -0.0990129
0.645909    -0.0965051
0.646074    -0.0939974
0.646237    -0.0914898
0.646398    -0.0889822
0.646557    -0.0864748
0.646714    -0.0839674
0.646869    -0.0814601
0.647022    -0.0789529
0.647173    -0.0764459
0.647321    -0.073939
0.647468    -0.0714322
0.647613    -0.0689255
0.647756    -0.066419
0.647897    -0.0639127
0.648036    -0.0614065
0.648173    -0.0589005
0.648309    -0.0563947
0.648442    -0.0538891
0.648573    -0.0513836
0.648703    -0.0488784
0.648831    -0.0463734
0.648957    -0.0438687
0.649081    -0.0413641
0.649203    -0.0388598
0.649323    -0.0363557
0.649441    -0.0338519
0.649558    -0.0313484
0.649673    -0.0288451
0.649786    -0.0263421
0.649897    -0.0238394
0.650007    -0.021337
0.650114    -0.0188349
0.65022    -0.0163331
0.650324    -0.0138317
0.650427    -0.0113305
0.650528    -0.00882969
0.650627    -0.00632922
0.650724    -0.0038291
0.650819    -0.00132934
0.650913    0.00117006
0.651006    0.00366908
0.651096    0.00616772
0.651185    0.00866597
0.651272    0.0111638
0.651358    0.0136613
0.651442    0.0161583
0.651524    0.0186549
0.651605    0.0211511
0.651684    0.0236469
0.651762    0.0261422
0.651838    0.028637
0.651912    0.0311314
0.651985    0.0336254
0.652057    0.0361188
0.652126    0.0386118
0.652195    0.0411043
0.652261    0.0435963
0.652327    0.0460878
0.65239    0.0485788
0.652453    0.0510692
0.652513    0.0535592
0.652573    0.0560486
0.652631    0.0585374
0.652687    0.0610257
0.652742    0.0635135
0.652796    0.0660007
0.652848    0.0684873
0.652899    0.0709733
0.652948    0.0734588
0.652996    0.0759436
0.653043    0.0784279
0.653088    0.0809115
