0.653132    0.0833946
0.653174    0.085877
0.653215    0.0883587
0.653255    0.0908399
0.653294    0.0933204
0.653331    0.0958002
0.653367    0.0982794
0.653402    0.100758
0.653435    0.103236
0.653467    0.105713
0.653498    0.108189
0.653528    0.110665
0.653556    0.11314
0.653584    0.115615
0.65361    0.118088
0.653634    0.120561
0.653658    0.123033
0.653681    0.125505
0.653702    0.127976
0.653722    0.130445
0.653741    0.132915
0.653759    0.135383
0.653775    0.137851
0.653791    0.140318
0.653806    0.142784
0.653819    0.145249
0.653831    0.147714
0.653843    0.150177
0.653853    0.15264
0.653862    0.155102
0.65387    0.157563
0.653877    0.160024
0.653883    0.162483
0.653888    0.164942
0.653892    0.1674
0.653895    0.169857
0.653897    0.172313
0.653898    0.174768
0.653898    0.177222
0.653897    0.179676
0.653896    0.182128
0.653893    0.18458
0.653889    0.187031
0.653885    0.189481
0.653879    0.191929
0.653873    0.194377
0.653866    0.196824
0.653858    0.199271
0.653849    0.201716
0.653839    0.20416
0.653829    0.206603
0.653817    0.209045
0.653805    0.211487
0.653792    0.213927
0.653778    0.216366
0.653763    0.218804
0.653748    0.221242
0.653732    0.223678
0.653715    0.226113
0.653697    0.228548
0.653679    0.230981
0.65366    0.233413
0.65364    0.235844
0.65362    0.238274
0.653599    0.240703
0.653577    0.243131
0.653554    0.245558
0.653531    0.247984
0.653507    0.250409
0.653483    0.252832
0.653458    0.255255
0.653432    0.257676
0.653406    0.260097
0.653379    0.262516
0.653352    0.264934
0.653323    0.267351
0.653295    0.269767
0.653266    0.272182
0.653236    0.274596
0.653206    0.277008
0.653175    0.279419
0.653144    0.28183
0.653112    0.284239
0.65308    0.286646
0.653047    0.289053
0.653014    0.291459
0.65298    0.293863
0.652946    0.296266
0.652912    0.298668
0.652877    0.301068
0.652842    0.303468
0.652806    0.305866
0.65277    0.308263
0.652733    0.310659
0.652696    0.313054
0.652659    0.315447
0.652622    0.317839
0.652584    0.32023
0.652545    0.322619
0.652507    0.325008
0.652468    0.327395
0.652429    0.32978
0.652389    0.332165
0.652349    0.334548
0.652309    0.33693
0.652269    0.33931
0.652229    0.34169
0.652188    0.344067
0.652147    0.346444
0.652106    0.348819
0.652064    0.351193
0.652023    0.353566
0.651981    0.355937
0.651939    0.358307
0.651897    0.360676
0.651854    0.363043
0.651812    0.365409
0.65177    0.367774
0.651727    0.370137
0.651684    0.372498
0.651641    0.374859
0.651598    0.377218
0.651555    0.379575
0.651512    0.381932
0.651469    0.384286
0.651426    0.38664
0.651383    0.388992
0.651339    0.391342
0.651296    0.393691
0.651253    0.396039
0.651209    0.398385
0.651166    0.40073
0.651123    0.403073
0.65108    0.405415
0.651037    0.407756
0.650994    0.410095
0.650951    0.412432
0.650908    0.414768
0.650865    0.417103
0.650822    0.419436
0.650779    0.421768
0.650737    0.424098
0.650694    0.426426
0.650652    0.428753
0.65061    0.431079
0.650568    0.433403
0.650526    0.435725
0.650485    0.438046
0.650443    0.440366
0.650402    0.442684
0.650361    0.445
0.65032    0.447315
0.65028    0.449628
0.65024    0.45194
0.6502    0.45425
0.65016    0.456559
0.65012    0.458866
0.650081    0.461172
0.650042    0.463475
0.650004    0.465778
0.649965    0.468079
0.649928    0.470378
0.64989    0.472675
0.649853    0.474971
0.649816    0.477265
0.649779    0.479558
0.649743    0.481849
0.649707    0.484139
0.649672    0.486427
0.649637    0.488713
0.649602    0.490997
0.649568    0.49328
0.649535    0.495561
0.649502    0.497841
0.649469    0.500119
0.649436    0.502395
0.649405    0.50467
0.649373    0.506943
0.649343    0.509214
0.649312    0.511484
0.649283    0.513752
0.649253    0.516018
0.649225    0.518283
0.649196    0.520545
0.649169    0.522807
0.649142    0.525066
0.649115    0.527324
0.64909    0.52958
0.649064    0.531834
0.64904    0.534087
0.649016    0.536337
0.648993    0.538587
0.64897    0.540834
0.648948    0.54308
0.648926    0.545323
0.648906    0.547566
0.648886    0.549806
0.648866    0.552045
0.648848    0.554281
0.64883    0.556516
0.648813    0.55875
0.648796    0.560981
0.64878    0.563211
0.648766    0.565439
0.648751    0.567665
0.648738    0.569889
0.648725    0.572112
0.648713    0.574333
0.648702    0.576552
0.648692    0.578769
0.648683    0.580984
0.648674    0.583198
0.648667    0.585409
0.64866    0.587619
0.648654    0.589827
0.648649    0.592034
0.648645    0.594238
0.648641    0.59644
0.648639    0.598641
0.648637    0.60084
0.648637    0.603037
0.648637    0.605232
0.648638    0.607425
0.648641    0.609616
0.648644    0.611806
0.648648    0.613993
0.648653    0.616179
0.648659    0.618363
0.648667    0.620545
0.648675    0.622725
0.648684    0.624903
0.648694    0.627079
0.648706    0.629253
0.648718    0.631426
0.648731    0.633596
0.648746    0.635765
0.648762    0.637932
0.648778    0.640096
0.648796    0.642259
0.648815    0.64442
0.648835    0.646579
0.648856    0.648736
0.648878    0.650891
0.648902    0.653044
0.648926    0.655195
0.648952    0.657344
0.648979    0.659491
0.649007    0.661637
0.649036    0.66378
0.649067    0.665921
0.649099    0.66806
0.649132    0.670198
0.649166    0.672333
0.649202    0.674466
0.649238    0.676598
0.649276    0.678727
0.649316    0.680855
0.649356    0.68298
0.649398    0.685103
0.649441    0.687225
0.649486    0.689344
0.649532    0.691461
0.649579    0.693576
0.649627    0.69569
0.649677    0.697801
0.649728    0.69991
0.649781    0.702017
0.649835    0.704122
0.64989    0.706225
0.649947    0.708326
0.650005    0.710425
0.650065    0.712522
0.650126    0.714617
0.650188    0.71671
0.650252    0.7188
0.650317    0.720889
0.650384    0.722975
0.650453    0.72506
0.650522    0.727142
0.650594    0.729223
0.650667    0.731301
0.650741    0.733377
0.650817    0.735451
0.650894    0.737523
0.650973    0.739592
0.651054    0.74166
0.651136    0.743726
0.651219    0.745789
0.651304    0.74785
0.651391    0.74991
0.65148    0.751967
0.65157    0.754022
0.651661    0.756074
0.651754    0.758125
0.651849    0.760174
0.651946    0.76222
0.652044    0.764264
0.652144    0.766306
0.652245    0.768346
0.652349    0.770384
0.652453    0.772419
0.65256    0.774453
0.652668    0.776484
0.652778    0.778513
0.65289    0.78054
0.653004    0.782565
0.653119    0.784587
0.653236    0.786607
0.653354    0.788625
0.653475    0.790641
0.653597    0.792655
0.653721    0.794667
0.653847    0.796676
0.653975    0.798683
0.654105    0.800688
0.654236    0.80269
0.654369    0.804691
0.654504    0.806689
0.654641    0.808685
0.65478    0.810679
0.65492    0.81267
0.655063    0.814659
0.655207    0.816646
0.655354    0.818631
0.655502    0.820614
0.655652    0.822594
0.655804    0.824572
0.655958    0.826548
0.656114    0.828521
0.656272    0.830492
0.656432    0.832461
0.656594    0.834428
0.656758    0.836392
0.656923    0.838354
0.657091    0.840314
0.657261    0.842271
0.657433    0.844227
0.657607    0.846179
0.657783    0.84813
0.657961    0.850078
0.658141    0.852024
0.658323    0.853968
0.658507    0.855909
0.658693    0.857848
0.658881    0.859785
0.659072    0.861719
0.659264    0.863651
0.659459    0.865581
0.659655    0.867508
0.659854    0.869433
0.660055    0.871356
0.660258    0.873276
0.660464    0.875194
0.660671    0.877109
0.660881    0.879022
0.661093    0.880933
0.661307    0.882842
0.661523    0.884748
0.661741    0.886651
0.661962    0.888553
0.662185    0.890452
0.66241    0.892348
0.662637    0.894242
0.662867    0.896134
0.663099    0.898023
0.663333    0.89991
0.663569    0.901795
0.663808    0.903677
0.664049    0.905557
0.664292    0.907434
0.664538    0.909309
0.664785    0.911181
0.665036    0.913051
0.665288    0.914919
0.665543    0.916784
0.6658    0.918646
0.66606    0.920506
0.666322    0.922364
0.666586    0.92422
0.666853    0.926072
0.667122    0.927923
0.667394    0.929771
0.667668    0.931616
0.667944    0.933459
0.668223    0.9353
0.668504    0.937138
0.668788    0.938973
0.669074    0.940806
0.669362    0.942637
0.669653    0.944465
0.669947    0.94629
0.670243    0.948113
0.670542    0.949934
0.670843    0.951752
0.671146    0.953567
0.671452    0.95538
0.671761    0.95719
0.672072    0.958998
0.672385    0.960804
0.672702    0.962607
0.67302    0.964407
0.673342    0.966205
0.673666    0.968
0.673992    0.969792
0.674321    0.971582
0.674653    0.97337
0.674987    0.975155
0.675324    0.976937
0.675663    0.978717
0.676005    0.980494
0.67635    0.982269
0.676698    0.984041
0.677048    0.98581
0.6774    0.987577
0.677756    0.989341
0.678114    0.991103
0.678475    0.992862
0.678838    0.994618
0.679204    0.996372
0.679573    0.998123
0.679945    0.999872
0.680319    1.00162
0.680696    1.00336
0.681076    1.0051
0.681458    1.00684
0.681844    1.00857
0.682232    1.01031
0.682623    1.01204
0.683016    1.01376
0.683413    1.01549
0.683812    1.01721
0.684214    1.01893
0.684619    1.02065
0.685026    1.02236
0.685437    1.02407
0.68585    1.02578
0.686266    1.02749
0.686685    1.02919
0.687107    1.03089
0.687532    1.03259
0.687959    1.03428
0.68839    1.03598
0.688823    1.03767
0.689259    1.03935
0.689698    1.04104
0.69014    1.04272
0.690585    1.0444
0.691033    1.04607
0.691484    1.04775
0.691938    1.04942
0.692394    1.05108
0.692854    1.05275
0.693316    1.05441
0.693782    1.05607
0.694251    1.05773
0.694722    1.05938
0.695197    1.06103
0.695674    1.06268
0.696155    1.06432
0.696638    1.06597
0.697125    1.06761
0.697614    1.06924
0.698107    1.07088
0.698603    1.07251
0.699101    1.07414
0.699603    1.07576
0.700108    1.07738
0.700616    1.079
0.701127    1.08062
0.701641    1.08224
0.702158    1.08385
0.702678    1.08546
0.703202    1.08706
0.703728    1.08866
0.704258    1.09026
0.70479    1.09186
0.705326    1.09345
0.705865    1.09505
0.706407    1.09663
0.706953    1.09822
0.707501    1.0998
