0.095615    0.628819
0.0963583    0.626818
0.0970988    0.624815
0.0978366    0.622809
0.0985717    0.620801
0.0993041    0.618791
0.100034    0.616778
0.100761    0.614763
0.101485    0.612745
0.102207    0.610725
0.102926    0.608703
0.103642    0.606678
0.104355    0.604651
0.105066    0.602621
0.105775    0.60059
0.10648    0.598555
0.107183    0.596519
0.107883    0.59448
0.108581    0.592439
0.109276    0.590396
0.109968    0.58835
0.110658    0.586302
0.111345    0.584251
0.112029    0.582199
0.112711    0.580144
0.11339    0.578086
0.114067    0.576027
0.114741    0.573965
0.115412    0.571901
0.116081    0.569835
0.116747    0.567766
0.117411    0.565696
0.118072    0.563623
0.11873    0.561548
0.119386    0.55947
0.120039    0.557391
0.12069    0.555309
0.121338    0.553225
0.121984    0.551138
0.122627    0.54905
0.123268    0.54696
0.123906    0.544867
0.124541    0.542772
0.125174    0.540675
0.125804    0.538576
0.126432    0.536474
0.127058    0.534371
0.127681    0.532265
0.128301    0.530158
0.128919    0.528048
0.129534    0.525936
0.130147    0.523822
0.130758    0.521706
0.131366    0.519587
0.131971    0.517467
0.132574    0.515345
0.133175    0.51322
0.133773    0.511094
0.134369    0.508965
0.134962    0.506834
0.135553    0.504702
0.136141    0.502567
0.136727    0.50043
0.137311    0.498292
0.137892    0.496151
0.138471    0.494008
0.139047    0.491863
0.139621    0.489717
0.140193    0.487568
0.140762    0.485417
0.141329    0.483265
0.141893    0.48111
0.142455    0.478953
0.143015    0.476795
0.143572    0.474634
0.144127    0.472472
0.14468    0.470307
0.14523    0.468141
0.145778    0.465973
0.146324    0.463803
0.146867    0.461631
0.147408    0.459457
0.147947    0.457281
0.148483    0.455103
0.149017    0.452924
0.149549    0.450742
0.150079    0.448559
0.150606    0.446374
0.151131    0.444187
0.151654    0.441998
0.152174    0.439807
0.152692    0.437615
0.153208    0.435421
0.153722    0.433224
0.154233    0.431026
0.154743    0.428827
0.15525    0.426625
0.155754    0.424422
0.156257    0.422217
0.156757    0.42001
0.157256    0.417801
0.157751    0.415591
0.158245    0.413379
0.158737    0.411165
0.159226    0.408949
0.159714    0.406732
0.160199    0.404513
0.160682    0.402292
0.161162    0.400069
0.161641    0.397845
0.162118    0.395619
0.162592    0.393392
0.163064    0.391162
0.163534    0.388931
0.164002    0.386699
0.164468    0.384465
0.164932    0.382229
0.165394    0.379991
0.165853    0.377752
0.166311    0.375511
0.166766    0.373269
0.16722    0.371024
0.167671    0.368779
0.168121    0.366532
0.168568    0.364283
0.169013    0.362032
0.169456    0.35978
0.169897    0.357526
0.170336    0.355271
0.170774    0.353014
0.171209    0.350756
0.171642    0.348496
0.172073    0.346235
0.172502    0.343972
0.172929    0.341707
0.173354    0.339441
0.173778    0.337174
0.174199    0.334905
0.174618    0.332634
0.175036    0.330362
0.175451    0.328089
0.175864    0.325814
0.176276    0.323538
0.176686    0.32126
0.177093    0.318981
0.177499    0.3167
0.177903    0.314418
0.178305    0.312134
0.178705    0.309849
0.179103    0.307562
0.1795    0.305275
0.179894    0.302985
0.180287    0.300695
0.180678    0.298402
0.181067    0.296109
0.181454    0.293814
0.181839    0.291518
0.182223    0.28922
0.182604    0.286922
0.182984    0.284621
0.183362    0.28232
0.183739    0.280017
0.184113    0.277713
0.184486    0.275407
0.184857    0.2731
0.185226    0.270792
0.185593    0.268483
0.185959    0.266172
0.186323    0.26386
0.186685    0.261547
0.187046    0.259232
0.187404    0.256916
0.187762    0.254599
0.188117    0.252281
0.18847    0.249962
0.188822    0.247641
0.189173    0.245319
0.189521    0.242996
0.189868    0.240671
0.190213    0.238346
0.190557    0.236019
0.190899    0.233691
0.191239    0.231362
0.191578    0.229032
0.191915    0.2267
0.19225    0.224368
0.192584    0.222034
0.192916    0.219699
0.193247    0.217363
0.193576    0.215026
0.193904    0.212688
0.194229    0.210348
0.194554    0.208008
0.194877    0.205666
0.195198    0.203324
0.195517    0.20098
0.195836    0.198635
0.196152    0.19629
0.196467    0.193943
0.196781    0.191595
0.197093    0.189246
0.197404    0.186896
0.197713    0.184545
0.19802    0.182193
0.198326    0.17984
0.198631    0.177486
0.198934    0.175131
0.199236    0.172775
0.199536    0.170418
0.199835    0.16806
0.200133    0.165701
0.200429    0.163341
0.200724    0.16098
0.201017    0.158619
0.201309    0.156256
0.201599    0.153892
0.201888    0.151528
0.202176    0.149163
0.202462    0.146796
0.202747    0.144429
0.203031    0.142061
0.203313    0.139692
0.203594    0.137322
0.203874    0.134951
0.204152    0.13258
0.204429    0.130207
0.204705    0.127834
0.20498    0.12546
0.205253    0.123085
0.205525    0.12071
0.205795    0.118333
0.206065    0.115956
0.206333    0.113578
0.2066    0.111199
0.206865    0.108819
0.20713    0.106439
0.207393    0.104057
0.207655    0.101675
0.207916    0.0992928
0.208175    0.0969093
0.208434    0.0945252
0.208691    0.0921403
0.208947    0.0897547
0.209202    0.0873684
0.209456    0.0849814
0.209709    0.0825937
0.20996    0.0802054
0.21021    0.0778163
0.21046    0.0754266
0.210708    0.0730363
0.210955    0.0706452
0.211201    0.0682536
0.211446    0.0658613
0.21169    0.0634684
0.211932    0.0610748
0.212174    0.0586807
0.212415    0.0562859
0.212654    0.0538906
0.212893    0.0514946
0.21313    0.0490981
0.213367    0.046701
0.213602    0.0443034
0.213837    0.0419052
0.21407    0.0395064
0.214303    0.0371071
0.214534    0.0347073
0.214765    0.032307
0.214994    0.0299061
0.215223    0.0275047
0.215451    0.0251028
0.215678    0.0227005
0.215903    0.0202976
0.216128    0.0178943
0.216352    0.0154905
0.216576    0.0130862
0.216798    0.0106815
0.217019    0.00827639
0.21724    0.0058708
0.217459    0.00346479
0.217678    0.00105835
0.217896    -0.0013485
0.218113    -0.00375575
0.21833    -0.0061634
0.218545    -0.00857144
0.21876    -0.0109799
0.218974    -0.0133887
0.219187    -0.0157978
0.219399    -0.0182073
0.21961    -0.0206172
0.219821    -0.0230274
0.220031    -0.0254379
0.22024    -0.0278488
0.220449    -0.0302599
0.220656    -0.0326714
0.220864    -0.0350832
0.22107    -0.0374953
0.221275    -0.0399076
0.22148    -0.0423203
0.221685    -0.0447332
0.221888    -0.0471463
0.222091    -0.0495597
0.222293    -0.0519734
0.222495    -0.0543873
0.222696    -0.0568014
0.222896    -0.0592158
0.223096    -0.0616303
0.223295    -0.0640451
0.223493    -0.06646
0.223691    -0.0688752
0.223888    -0.0712905
0.224085    -0.073706
0.224281    -0.0761216
0.224476    -0.0785374
0.224671    -0.0809534
0.224866    -0.0833695
0.22506    -0.0857857
0.225253    -0.0882021
0.225446    -0.0906185
0.225638    -0.0930351
0.22583    -0.0954518
0.226022    -0.0978686
0.226212    -0.100285
0.226403    -0.102702
0.226593    -0.105119
0.226782    -0.107536
0.226971    -0.109953
0.22716    -0.112371
0.227348    -0.114788
0.227536    -0.117205
0.227723    -0.119622
0.22791    -0.122039
0.228097    -0.124457
0.228283    -0.126874
0.228469    -0.129291
0.228654    -0.131708
0.228839    -0.134125
0.229024    -0.136543
0.229208    -0.13896
0.229392    -0.141377
0.229576    -0.143794
0.22976    -0.146211
0.229943    -0.148627
0.230126    -0.151044
0.230308    -0.153461
0.230491    -0.155877
0.230673    -0.158294
0.230854    -0.16071
0.231036    -0.163126
0.231217    -0.165542
0.231398    -0.167958
0.231579    -0.170374
0.23176    -0.172789
0.231941    -0.175205
0.232121    -0.17762
0.232301    -0.180035
0.232481    -0.18245
0.232661    -0.184865
0.23284    -0.187279
0.23302    -0.189693
0.233199    -0.192107
0.233379    -0.194521
0.233558    -0.196935
0.233737    -0.199348
0.233916    -0.201761
0.234095    -0.204174
0.234273    -0.206587
0.234452    -0.208999
0.234631    -0.211411
0.234809    -0.213822
0.234988    -0.216234
0.235166    -0.218645
0.235345    -0.221056
0.235524    -0.223466
0.235702    -0.225876
0.235881    -0.228286
0.236059    -0.230695
0.236238    -0.233104
0.236416    -0.235513
0.236595    -0.237921
0.236774    -0.240329
0.236953    -0.242736
0.237131    -0.245144
0.23731    -0.24755
0.237489    -0.249957
0.237669    -0.252362
0.237848    -0.254768
0.238027    -0.257173
0.238207    -0.259577
0.238386    -0.261982
0.238566    -0.264385
0.238746    -0.266788
0.238926    -0.269191
0.239107    -0.271593
0.239287    -0.273995
0.239468    -0.276396
0.239649    -0.278797
0.23983    -0.281197
0.240011    -0.283597
0.240193    -0.285996
0.240375    -0.288394
0.240557    -0.290792
0.240739    -0.29319
0.240922    -0.295587
0.241105    -0.297983
0.241288    -0.300379
0.241472    -0.302774
0.241656    -0.305169
0.24184    -0.307563
0.242024    -0.309956
0.242209    -0.312349
0.242394    -0.314741
0.24258    -0.317132
0.242766    -0.319523
0.242952    -0.321913
0.243139    -0.324303
0.243326    -0.326692
0.243514    -0.32908
0.243702    -0.331468
0.24389    -0.333854
0.244079    -0.336241
0.244268    -0.338626
0.244458    -0.341011
0.244648    -0.343395
0.244839    -0.345778
0.24503    -0.34816
0.245221    -0.350542
0.245414    -0.352923
0.245606    -0.355304
0.245799    -0.357683
0.245993    -0.360062
0.246187    -0.36244
0.246382    -0.364817
0.246578    -0.367193
0.246774    -0.369569
0.24697    -0.371944
0.247167    -0.374318
0.247365    -0.376691
0.247563    -0.379063
0.247762    -0.381434
0.247962    -0.383805
0.248162    -0.386175
0.248363    -0.388543
0.248565    -0.390911
0.248767    -0.393279
0.24897    -0.395645
0.249174    -0.39801
0.249378    -0.400374
0.249583    -0.402738
0.249789    -0.4051
0.249995    -0.407462
0.250202    -0.409823
0.25041    -0.412183
0.250619    -0.414541
0.250828    -0.416899
0.251039    -0.419256
0.25125    -0.421612
0.251461    -0.423967
0.251674    -0.426321
0.251888    -0.428674
0.252102    -0.431026
0.252317    -0.433377
0.252533    -0.435727
0.25275    -0.438076
0.252967    -0.440424
0.253186    -0.442771
0.253405    -0.445116
0.253626    -0.447461
0.253847    -0.449805
0.254069    -0.452147
0.254292    -0.454489
0.254516    -0.456829
0.254741    -0.459169
0.254967    -0.461507
0.255194    -0.463844
0.255421    -0.46618
0.25565    -0.468515
0.25588    -0.470849
0.256111    -0.473182
0.256342    -0.475513
0.256575    -0.477843
0.256809    -0.480173
0.257044    -0.482501
0.25728    -0.484828
0.257517    -0.487153
0.257755    -0.489478
0.257994    -0.491801
0.258234    -0.494123
0.258475    -0.496444
0.258718    -0.498764
0.258961    -0.501082
0.259206    -0.503399
0.259452    -0.505715
0.259699    -0.50803
0.259947    -0.510344
0.260196    -0.512656
0.260446    -0.514967
0.260698    -0.517277
0.260951    -0.519585
0.261205    -0.521892
0.26146    -0.524198
0.261716    -0.526502
0.261974    -0.528806
0.262233    -0.531107
0.262493    -0.533408
0.262754    -0.535707
0.263017    -0.538005
0.263281    -0.540302
0.263546    -0.542597
0.263812    -0.544891
0.26408    -0.547183
0.264349    -0.549474
0.26462    -0.551764
0.264892    -0.554052
0.265165    -0.556339
0.265439    -0.558625
0.265715    -0.560909
0.265992    -0.563191
0.266271    -0.565473
0.266551    -0.567753
0.266832    -0.570031
0.267115    -0.572308
0.267399    -0.574583
0.267685    -0.576857
0.267972    -0.57913
0.268261    -0.581401
0.268551    -0.583671
0.268842    -0.585939
0.269135    -0.588205
0.269429    -0.590471
0.269725    -0.592734
0.270023    -0.594996
0.270322    -0.597257
0.270622    -0.599516
0.270924    -0.601773
0.271228    -0.604029
0.271533    -0.606284
0.27184    -0.608536
0.272148    -0.610788
0.272458    -0.613037
0.272769    -0.615286
0.273082    -0.617532
0.273397    -0.619777
0.273713    -0.62202
0.274031    -0.624262
0.274351    -0.626502
0.274672    -0.628741
0.274995    -0.630978
0.275319    -0.633213
0.275645    -0.635446
0.275973    -0.637678
0.276303    -0.639909
0.276634    -0.642137
0.276967    -0.644364
0.277302    -0.646589
0.277638    -0.648813
0.277977    -0.651035
0.278317    -0.653255
0.278658    -0.655474
0.279002    -0.65769
0.279347    -0.659905
0.279694    -0.662119
0.280043    -0.66433
0.280394    -0.66654
0.280746    -0.668748
0.281101    -0.670955
0.281457    -0.673159
0.281815    -0.675362
0.282175    -0.677563
0.282536    -0.679763
0.2829    -0.68196
0.283265    -0.684156
0.283633    -0.68635
0.284002    -0.688542
0.284373    -0.690732
0.284746    -0.69292
0.285121    -0.695107
0.285498    -0.697292
0.285877    -0.699475
0.286258    -0.701656
0.286641    -0.703835
0.287026    -0.706013
0.287413    -0.708188
0.287801    -0.710362
0.288192    -0.712533
0.288585    -0.714703
0.28898    -0.716871
0.289377    -0.719037
0.289776    -0.721201
0.290177    -0.723364
0.29058    -0.725524
0.290985    -0.727682
0.291392    -0.729839
0.291801    -0.731993
0.292212    -0.734146
0.292626    -0.736296
0.293041    -0.738445
0.293459    -0.740592
0.293879    -0.742736
0.294301    -0.744879
0.294725    -0.74702
0.295151    -0.749158
0.29558    -0.751295
0.29601    -0.75343
0.296443    -0.755563
0.296878    -0.757693
0.297315    -0.759822
0.297755    -0.761948
0.298196    -0.764073
0.29864    -0.766195
0.299086    -0.768316
0.299535    -0.770434
0.299985    -0.77255
0.300438    -0.774664
0.300893    -0.776777
0.301351    -0.778886
0.301811    -0.780994
0.302273    -0.7831
0.302737    -0.785204
0.303204    -0.787305
0.303673    -0.789405
0.304144    -0.791502
0.304618    -0.793597
0.305094    -0.79569
0.305572    -0.797781
0.306053    -0.79987
0.306536    -0.801956
0.307022    -0.804041
0.30751    -0.806123
0.308    -0.808203
0.308493    -0.81028
0.308988    -0.812356
0.309486    -0.814429
0.309986    -0.8165
0.310488    -0.818569
0.310993    -0.820636
0.311501    -0.8227
0.312011    -0.824763
0.312523    -0.826823
0.313038    -0.82888
0.313555    -0.830936
0.314075    -0.832989
0.314598    -0.83504
0.315123    -0.837088
0.315651    -0.839135
0.316181    -0.841179
0.316713    -0.84322
0.317248    -0.84526
0.317786    -0.847297
0.318327    -0.849331
0.31887    -0.851364
0.319415    -0.853394
0.319963    -0.855421
0.320514    -0.857447
0.321068    -0.85947
0.321624    -0.86149
0.322182    -0.863509
0.322744    -0.865524
0.323308    -0.867538
0.323874    -0.869549
0.324444    -0.871558
0.325016    -0.873564
0.325591    -0.875568
0.326168    -0.877569
0.326748    -0.879568
0.327331    -0.881565
0.327917    -0.883559
0.328505    -0.88555
0.329096    -0.887539
0.32969    -0.889526
0.330287    -0.89151
0.330886    -0.893492
0.331488    -0.895471
0.332093    -0.897448
0.332701    -0.899422
0.333311    -0.901394
0.333925    -0.903363
0.334541    -0.90533
0.33516    -0.907294
0.335781    -0.909256
0.336406    -0.911215
0.337034    -0.913172
0.337664    -0.915126
0.338297    -0.917077
0.338933    -0.919026
0.339572    -0.920972
0.340214    -0.922916
0.340859    -0.924857
0.341507    -0.926795
0.342157    -0.928731
0.342811    -0.930664
0.343467    -0.932595
0.344127    -0.934523
0.344789    -0.936448
0.345454    -0.938371
0.346123    -0.940291
0.346794    -0.942209
0.347468    -0.944123
0.348145    -0.946035
0.348826    -0.947945
0.349509    -0.949851
0.350195    -0.951755
0.350884    -0.953657
0.351577    -0.955555
0.352272    -0.957451
0.35297    -0.959344
0.353672    -0.961235
0.354376    -0.963122
0.355084    -0.965007
0.355794    -0.966889
0.356508    -0.968769
0.357225    -0.970645
0.357945    -0.972519
0.358668    -0.97439
0.359394    -0.976258
0.360123    -0.978124
0.360855    -0.979986
0.361591    -0.981846
0.362329    -0.983703
0.363071    -0.985557
0.363816    -0.987409
0.364564    -0.989257
0.365315    -0.991103
0.36607    -0.992946
0.366828    -0.994786
0.367588    -0.996623
0.368352    -0.998457
0.36912    -1.00029
0.36989    -1.00212
0.370664    -1.00394
0.371441    -1.00576
0.372221    -1.00758
0.373004    -1.0094
0.373791    -1.01121
0.374581    -1.01303
0.375374    -1.01483
0.376171    -1.01664
0.37697    -1.01844
0.377774    -1.02024
0.37858    -1.02203
0.37939    -1.02383
0.380203    -1.02562
0.381019    -1.0274
0.381838    -1.02919
0.382661    -1.03097
0.383488    -1.03275
0.384317    -1.03452
0.38515    -1.03629
0.385987    -1.03806
0.386826    -1.03983
0.38767    -1.04159
0.388516    -1.04335
0.389366    -1.04511
0.390219    -1.04686
0.391076    -1.04861
0.391936    -1.05036
0.3928    -1.0521
0.393666    -1.05384
0.394537    -1.05558
0.395411    -1.05731
0.396288    -1.05904
0.397169    -1.06077
0.398053    -1.0625
0.39894    -1.06422
0.399832    -1.06594
0.400726    -1.06765
0.401624    -1.06937
0.402526    -1.07108
0.403431    -1.07278
0.404339    -1.07448
0.405251    -1.07618
0.406167    -1.07788
0.407086    -1.07957
0.408009    -1.08126
0.408935    -1.08295
0.409865    -1.08463
0.410798    -1.08631
0.411735    -1.08799
0.412675    -1.08966
0.413619    -1.09133
0.414567    -1.093
0.415518    -1.09466
0.416473    -1.09632
0.417431    -1.09798
0.418393    -1.09963
0.419358    -1.10128
0.420327    -1.10293
0.4213    -1.10457
0.422277    -1.10621
0.423257    -1.10784
0.42424    -1.10948
0.425228    -1.11111
0.426218    -1.11273
0.427213    -1.11435
0.428211    -1.11597
0.429213    -1.11759
0.430219    -1.1192
0.431228    -1.12081
0.432241    -1.12242
0.433258    -1.12402
0.434278    -1.12561
0.435302    -1.12721
0.43633    -1.1288
0.437361    -1.13039
0.438396    -1.13197
0.439435    -1.13355
0.440478    -1.13513
0.441524    -1.1367
0.442574    -1.13827
0.443628    -1.13984
0.444686    -1.1414
0.445747    -1.14296
0.446812    -1.14452
0.447881    -1.14607
0.448954    -1.14762
0.45003    -1.14916
0.451111    -1.1507
0.452195    -1.15224
0.453282    -1.15377
0.454374    -1.1553
0.455469    -1.15683
0.456569    -1.15835
0.457672    -1.15987
0.458779    -1.16138
0.459889    -1.1629
0.461004    -1.1644
0.462122    -1.16591
0.463244    -1.16741
0.46437    -1.1689
0.4655    -1.1704
0.466634    -1.17189
0.467772    -1.17337
0.468913    -1.17485
0.470058    -1.17633
0.471208    -1.1778
0.472361    -1.17927
0.473518    -1.18074
0.474678    -1.1822
0.475843    -1.18366
0.477012    -1.18511
0.478184    -1.18656
0.479361    -1.18801
0.480541    -1.18945
0.481725    -1.19089
0.482914    -1.19233
0.484106    -1.19376
0.485302    -1.19518
0.486502    -1.19661
0.487706    -1.19802
0.488914    -1.19944
0.490125    -1.20085
0.491341    -1.20226
0.492561    -1.20366
0.493784    -1.20506
0.495012    -1.20645
0.496244    -1.20785
0.497479    -1.20923
