-0.574805    1.1756
-0.572773    1.17554
-0.570743    1.17546
-0.568714    1.17538
-0.566687    1.17529
-0.564661    1.1752
-0.562637    1.17511
-0.560615    1.175
-0.558594    1.17489
-0.556574    1.17478
-0.554557    1.17466
-0.55254    1.17453
-0.550526    1.1744
-0.548513    1.17426
-0.546502    1.17412
-0.544492    1.17397
-0.542484    1.17381
-0.540478    1.17365
-0.538473    1.17349
-0.53647    1.17331
-0.534469    1.17314
-0.53247    1.17295
-0.530472    1.17276
-0.528476    1.17257
-0.526482    1.17237
-0.524489    1.17216
-0.522499    1.17195
-0.52051    1.17173
-0.518523    1.17151
-0.516537    1.17128
-0.514554    1.17105
-0.512572    1.17081
-0.510593    1.17056
-0.508615    1.17031
-0.506639    1.17005
-0.504664    1.16979
-0.502692    1.16952
-0.500722    1.16925
-0.498753    1.16897
-0.496786    1.16868
-0.494822    1.16839
-0.492859    1.1681
-0.490898    1.16779
-0.488939    1.16749
-0.486982    1.16717
-0.485027    1.16686
-0.483074    1.16653
-0.481123    1.1662
-0.479174    1.16587
-0.477227    1.16553
-0.475282    1.16518
-0.473339    1.16483
-0.471398    1.16447
-0.469459    1.16411
-0.467523    1.16374
-0.465588    1.16337
-0.463655    1.16299
-0.461724    1.1626
-0.459796    1.16221
-0.45787    1.16182
-0.455945    1.16142
-0.454023    1.16101
-0.452103    1.1606
-0.450185    1.16018
-0.448269    1.15976
-0.446356    1.15933
-0.444444    1.1589
-0.442535    1.15846
-0.440628    1.15802
-0.438723    1.15757
-0.436821    1.15711
-0.43492    1.15665
-0.433022    1.15619
-0.431126    1.15572
-0.429232    1.15524
-0.427341    1.15476
-0.425451    1.15427
-0.423564    1.15378
-0.42168    1.15328
-0.419797    1.15278
-0.417917    1.15227
-0.416039    1.15175
-0.414163    1.15124
-0.41229    1.15071
-0.410419    1.15018
-0.408551    1.14965
-0.406684    1.14911
-0.40482    1.14856
-0.402959    1.14801
-0.4011    1.14746
-0.399243    1.14689
-0.397388    1.14633
-0.395536    1.14576
-0.393686    1.14518
-0.391839    1.1446
-0.389994    1.14401
-0.388152    1.14342
-0.386312    1.14282
-0.384474    1.14222
-0.382639    1.14161
-0.380806    1.141
-0.378976    1.14038
-0.377148    1.13975
-0.375323    1.13913
-0.3735    1.13849
-0.371679    1.13785
-0.369861    1.13721
-0.368046    1.13656
-0.366233    1.13591
-0.364423    1.13525
-0.362615    1.13458
-0.360809    1.13391
-0.359006    1.13324
-0.357206    1.13256
-0.355408    1.13187
-0.353613    1.13119
-0.351821    1.13049
-0.35003    1.12979
-0.348243    1.12909
-0.346458    1.12838
-0.344676    1.12766
-0.342896    1.12694
-0.341119    1.12622
-0.339344    1.12549
-0.337572    1.12475
-0.335803    1.12401
-0.334036    1.12327
-0.332272    1.12252
-0.330511    1.12176
-0.328752    1.121
-0.326996    1.12024
-0.325243    1.11947
-0.323492    1.11869
-0.321744    1.11791
-0.319998    1.11713
-0.318256    1.11634
-0.316515    1.11555
-0.314778    1.11475
-0.313043    1.11394
-0.311311    1.11314
-0.309582    1.11232
-0.307856    1.1115
-0.306132    1.11068
-0.304411    1.10985
-0.302692    1.10902
-0.300977    1.10818
-0.299264    1.10734
-0.297554    1.10649
-0.295846    1.10564
-0.294142    1.10478
-0.29244    1.10392
-0.290741    1.10305
-0.289044    1.10218
-0.287351    1.10131
-0.28566    1.10043
-0.283972    1.09954
-0.282287    1.09865
-0.280605    1.09775
-0.278925    1.09685
-0.277248    1.09595
-0.275575    1.09504
-0.273903    1.09413
-0.272235    1.09321
-0.27057    1.09228
-0.268907    1.09136
-0.267247    1.09042
-0.265591    1.08949
-0.263936    1.08854
-0.262285    1.0876
-0.260637    1.08665
-0.258992    1.08569
-0.257349    1.08473
-0.255709    1.08377
-0.254072    1.0828
-0.252438    1.08182
-0.250807    1.08084
-0.249179    1.07986
-0.247554    1.07887
-0.245932    1.07788
-0.244312    1.07688
-0.242695    1.07588
-0.241082    1.07487
-0.239471    1.07386
-0.237863    1.07285
-0.236258    1.07183
-0.234656    1.0708
-0.233057    1.06977
-0.231461    1.06874
-0.229868    1.0677
-0.228278    1.06666
-0.226691    1.06561
-0.225106    1.06456
-0.223525    1.06351
-0.221947    1.06245
-0.220371    1.06138
-0.218799    1.06031
-0.217229    1.05924
-0.215663    1.05816
-0.214099    1.05708
-0.212539    1.05599
-0.210981    1.0549
-0.209427    1.0538
-0.207875    1.0527
-0.206326    1.0516
-0.204781    1.05049
-0.203238    1.04938
-0.201698    1.04826
-0.200162    1.04714
-0.198628    1.04601
-0.197098    1.04488
-0.19557    1.04375
-0.194046    1.04261
-0.192524    1.04147
-0.191006    1.04032
-0.18949    1.03917
-0.187978    1.03801
-0.186468    1.03685
-0.184962    1.03569
-0.183459    1.03452
-0.181958    1.03334
-0.180461    1.03217
-0.178967    1.03099
-0.177476    1.0298
-0.175988    1.02861
-0.174502    1.02742
-0.17302    1.02622
-0.171542    1.02501
-0.170066    1.02381
-0.168593    1.0226
-0.167123    1.02138
-0.165656    1.02016
-0.164193    1.01894
-0.162732    1.01771
-0.161275    1.01648
-0.15982    1.01524
-0.158369    1.014
-0.156921    1.01276
-0.155476    1.01151
-0.154034    1.01026
-0.152595    1.009
-0.151159    1.00774
-0.149726    1.00648
-0.148296    1.00521
-0.146869    1.00394
-0.145446    1.00266
-0.144025    1.00138
-0.142608    1.0001
-0.141194    0.998806
-0.139783    0.997514
-0.138375    0.996217
-0.13697    0.994916
-0.135568    0.993611
-0.134169    0.992303
-0.132774    0.99099
-0.131381    0.989673
-0.129992    0.988352
-0.128605    0.987028
-0.127222    0.985699
-0.125842    0.984367
-0.124465    0.98303
-0.123091    0.98169
-0.121721    0.980346
-0.120353    0.978997
-0.118989    0.977645
-0.117627    0.976289
-0.116269    0.974929
-0.114914    0.973566
-0.113562    0.972198
-0.112213    0.970826
-0.110867    0.969451
-0.109525    0.968072
-0.108185    0.966689
-0.106849    0.965302
-0.105516    0.963911
-0.104186    0.962517
-0.102859    0.961118
-0.101535    0.959716
-0.100214    0.95831
-0.0988968    0.956901
-0.0975824    0.955487
-0.0962711    0.95407
-0.094963    0.952649
-0.093658    0.951224
-0.0923561    0.949795
-0.0910574    0.948363
-0.0897618    0.946927
-0.0884693    0.945487
-0.08718    0.944044
-0.0858938    0.942597
-0.0846107    0.941146
-0.0833308    0.939691
-0.082054    0.938233
-0.0807803    0.936771
-0.0795098    0.935305
-0.0782424    0.933836
-0.0769782    0.932363
-0.0757171    0.930887
-0.0744591    0.929406
-0.0732043    0.927922
-0.0719526    0.926435
-0.0707041    0.924944
-0.0694586    0.923449
-0.0682164    0.921951
-0.0669772    0.920449
-0.0657412    0.918943
-0.0645083    0.917434
-0.0632786    0.915921
-0.062052    0.914405
-0.0608285    0.912885
-0.0596082    0.911362
-0.058391    0.909835
-0.0571769    0.908305
-0.055966    0.90677
-0.0547582    0.905233
-0.0535535    0.903692
-0.052352    0.902147
-0.0511536    0.900599
-0.0499583    0.899048
-0.0487662    0.897493
-0.0475771    0.895934
-0.0463912    0.894372
-0.0452085    0.892807
-0.0440288    0.891238
-0.0428523    0.889665
-0.0416789    0.88809
-0.0405087    0.88651
-0.0393415    0.884928
-0.0381775    0.883341
-0.0370166    0.881752
-0.0358588    0.880159
-0.0347041    0.878563
-0.0335526    0.876963
-0.0324042    0.87536
-0.0312588    0.873753
-0.0301166    0.872143
-0.0289775    0.87053
-0.0278416    0.868914
-0.0267087    0.867294
-0.0255789    0.86567
-0.0244523    0.864044
-0.0233288    0.862414
-0.0222083    0.86078
-0.021091    0.859144
-0.0199767    0.857504
-0.0188656    0.855861
-0.0177576    0.854214
-0.0166527    0.852565
-0.0155508    0.850912
-0.0144521    0.849255
-0.0133564    0.847596
-0.0122639    0.845933
-0.0111744    0.844267
-0.010088    0.842597
-0.00900474    0.840925
-0.00792453    0.839249
-0.00684741    0.83757
-0.00577337    0.835888
-0.00470241    0.834202
-0.00363453    0.832514
-0.00256973    0.830822
-0.001508    0.829127
-0.000449337    0.827429
0.00060625    0.825727
0.00165877    0.824023
0.00270822    0.822315
0.00375461    0.820604
0.00479793    0.81889
0.0058382    0.817173
0.0068754    0.815453
0.00790955    0.81373
0.00894065    0.812003
0.00996869    0.810274
0.0109937    0.808541
0.0120156    0.806805
0.0130345    0.805066
0.0140504    0.803324
0.0150632    0.801579
0.016073    0.799831
0.0170797    0.79808
0.0180834    0.796326
0.0190841    0.794569
0.0200817    0.792808
0.0210764    0.791045
0.022068    0.789279
0.0230565    0.787509
0.0240421    0.785737
0.0250246    0.783962
0.0260041    0.782183
0.0269806    0.780402
0.0279541    0.778618
0.0289246    0.77683
0.0298921    0.77504
0.0308566    0.773247
0.0318181    0.771451
0.0327766    0.769652
0.0337321    0.76785
0.0346846    0.766045
0.0356341    0.764237
0.0365807    0.762426
0.0375242    0.760612
0.0384648    0.758795
0.0394024    0.756976
0.040337    0.755153
0.0412687    0.753328
0.0421974    0.7515
0.0431231    0.749669
0.0440459    0.747835
0.0449657    0.745998
0.0458825    0.744158
0.0467964    0.742316
0.0477074    0.74047
0.0486154    0.738622
0.0495205    0.736771
0.0504226    0.734917
0.0513218    0.733061
0.052218    0.731201
0.0531114    0.729339
0.0540018    0.727474
0.0548892    0.725606
0.0557738    0.723736
0.0566554    0.721862
0.0575342    0.719986
0.05841    0.718107
0.0592829    0.716226
0.0601529    0.714341
0.06102    0.712454
0.0618842    0.710565
0.0627455    0.708672
0.063604    0.706777
0.0644595    0.704879
0.0653122    0.702978
0.0661619    0.701075
0.0670088    0.699169
0.0678529    0.69726
0.0686941    0.695349
0.0695324    0.693435
0.0703678    0.691518
0.0712004    0.689598
0.0720301    0.687676
0.072857    0.685752
0.0736811    0.683824
0.0745023    0.681895
0.0753206    0.679962
0.0761361    0.678027
0.0769488    0.676089
0.0777587    0.674149
0.0785658    0.672206
0.07937    0.67026
0.0801714    0.668312
0.08097    0.666361
0.0817658    0.664408
0.0825588    0.662452
0.083349    0.660494
0.0841364    0.658533
0.084921    0.65657
0.0857029    0.654604
0.0864819    0.652635
0.0872582    0.650664
0.0880317    0.648691
0.0888024    0.646715
0.0895704    0.644736
0.0903356    0.642755
0.091098    0.640771
0.0918577    0.638785
0.0926146    0.636797
0.0933688    0.634806
0.0941203    0.632813
0.094869    0.630817
