-0.608583    -0.211651
-0.608307    -0.214043
-0.608028    -0.216434
-0.607748    -0.218824
-0.607465    -0.221215
-0.60718    -0.223604
-0.606893    -0.225993
-0.606603    -0.228381
-0.606312    -0.230769
-0.606018    -0.233156
-0.605722    -0.235543
-0.605424    -0.237929
-0.605124    -0.240314
-0.604822    -0.242699
-0.604517    -0.245083
-0.60421    -0.247467
-0.603901    -0.24985
-0.603589    -0.252232
-0.603276    -0.254613
-0.60296    -0.256994
-0.602642    -0.259375
-0.602321    -0.261754
-0.601998    -0.264133
-0.601673    -0.266511
-0.601346    -0.268889
-0.601016    -0.271265
-0.600684    -0.273641
-0.60035    -0.276017
-0.600013    -0.278391
-0.599674    -0.280765
-0.599333    -0.283138
-0.598989    -0.28551
-0.598643    -0.287882
-0.598295    -0.290253
-0.597944    -0.292622
-0.597591    -0.294992
-0.597235    -0.29736
-0.596878    -0.299728
-0.596517    -0.302094
-0.596154    -0.30446
-0.595789    -0.306826
-0.595422    -0.30919
-0.595052    -0.311553
-0.594679    -0.313916
-0.594304    -0.316278
-0.593927    -0.318639
-0.593547    -0.320999
-0.593164    -0.323358
-0.59278    -0.325716
-0.592392    -0.328073
-0.592003    -0.33043
-0.59161    -0.332785
-0.591215    -0.33514
-0.590818    -0.337494
-0.590418    -0.339847
-0.590016    -0.342198
-0.589611    -0.344549
-0.589204    -0.346899
-0.588794    -0.349248
-0.588381    -0.351596
-0.587966    -0.353943
-0.587548    -0.356289
-0.587128    -0.358634
-0.586705    -0.360978
-0.58628    -0.363321
-0.585852    -0.365663
-0.585421    -0.368004
-0.584988    -0.370344
-0.584552    -0.372683
-0.584113    -0.375021
-0.583672    -0.377358
-0.583228    -0.379694
-0.582782    -0.382028
-0.582333    -0.384362
-0.581881    -0.386694
-0.581426    -0.389026
-0.580969    -0.391356
-0.58051    -0.393685
-0.580047    -0.396013
-0.579582    -0.39834
-0.579114    -0.400666
-0.578643    -0.402991
-0.57817    -0.405314
-0.577694    -0.407637
-0.577215    -0.409958
-0.576734    -0.412278
-0.57625    -0.414597
-0.575763    -0.416915
-0.575273    -0.419231
-0.57478    -0.421546
-0.574285    -0.42386
-0.573787    -0.426173
-0.573286    -0.428485
-0.572783    -0.430795
-0.572276    -0.433104
-0.571767    -0.435412
-0.571255    -0.437719
-0.57074    -0.440024
-0.570222    -0.442328
-0.569702    -0.444631
-0.569178    -0.446933
-0.568652    -0.449233
-0.568123    -0.451532
-0.567591    -0.45383
-0.567057    -0.456126
-0.566519    -0.458421
-0.565979    -0.460714
-0.565435    -0.463007
-0.564889    -0.465298
-0.56434    -0.467587
-0.563788    -0.469875
-0.563233    -0.472162
-0.562675    -0.474448
-0.562114    -0.476732
-0.561551    -0.479014
-0.560984    -0.481295
-0.560415    -0.483575
-0.559842    -0.485854
-0.559267    -0.488131
-0.558688    -0.490406
-0.558107    -0.49268
-0.557523    -0.494953
-0.556935    -0.497224
-0.556345    -0.499494
-0.555752    -0.501762
-0.555156    -0.504028
-0.554556    -0.506294
-0.553954    -0.508557
-0.553349    -0.510819
-0.552741    -0.51308
-0.55213    -0.515339
-0.551515    -0.517597
-0.550898    -0.519853
-0.550278    -0.522107
-0.549654    -0.52436
-0.549028    -0.526612
-0.548398    -0.528861
-0.547766    -0.53111
-0.54713    -0.533356
-0.546492    -0.535601
-0.54585    -0.537845
-0.545205    -0.540086
-0.544557    -0.542327
-0.543906    -0.544565
-0.543252    -0.546802
-0.542595    -0.549037
-0.541935    -0.551271
-0.541271    -0.553503
-0.540605    -0.555733
-0.539935    -0.557961
-0.539262    -0.560188
-0.538586    -0.562413
-0.537907    -0.564637
-0.537225    -0.566859
-0.53654    -0.569079
-0.535851    -0.571297
-0.535159    -0.573513
-0.534465    -0.575728
-0.533767    -0.577941
-0.533065    -0.580152
-0.532361    -0.582362
-0.531653    -0.58457
-0.530943    -0.586776
-0.530229    -0.58898
-0.529511    -0.591182
-0.528791    -0.593382
-0.528067    -0.595581
-0.527341    -0.597778
-0.526611    -0.599973
-0.525877    -0.602166
-0.525141    -0.604357
-0.524401    -0.606547
-0.523658    -0.608734
-0.522912    -0.61092
-0.522162    -0.613104
-0.52141    -0.615286
-0.520654    -0.617466
-0.519894    -0.619644
-0.519132    -0.62182
-0.518366    -0.623994
-0.517597    -0.626166
-0.516825    -0.628337
-0.516049    -0.630505
-0.51527    -0.632671
-0.514488    -0.634836
-0.513702    -0.636998
-0.512913    -0.639159
-0.512121    -0.641317
-0.511325    -0.643474
-0.510526    -0.645628
-0.509724    -0.647781
-0.508919    -0.649931
-0.50811    -0.652079
-0.507298    -0.654225
-0.506482    -0.65637
-0.505663    -0.658512
-0.504841    -0.660652
-0.504015    -0.66279
-0.503186    -0.664926
-0.502354    -0.66706
-0.501518    -0.669191
-0.500679    -0.671321
-0.499837    -0.673448
-0.498991    -0.675574
-0.498141    -0.677697
-0.497289    -0.679818
-0.496433    -0.681937
-0.495573    -0.684053
-0.49471    -0.686168
-0.493844    -0.68828
-0.492974    -0.69039
-0.492101    -0.692498
-0.491225    -0.694604
-0.490345    -0.696707
-0.489461    -0.698809
-0.488575    -0.700908
-0.487684    -0.703004
-0.486791    -0.705099
-0.485893    -0.707191
-0.484993    -0.709281
-0.484089    -0.711369
-0.483181    -0.713454
-0.48227    -0.715537
-0.481356    -0.717618
-0.480438    -0.719697
-0.479517    -0.721773
-0.478592    -0.723846
-0.477663    -0.725918
-0.476732    -0.727987
-0.475796    -0.730054
-0.474857    -0.732118
-0.473915    -0.73418
-0.472969    -0.73624
-0.47202    -0.738297
-0.471067    -0.740352
-0.470111    -0.742404
-0.469151    -0.744454
-0.468188    -0.746502
-0.467221    -0.748547
-0.466251    -0.750589
-0.465277    -0.75263
-0.464299    -0.754667
-0.463318    -0.756703
-0.462334    -0.758735
-0.461346    -0.760766
-0.460354    -0.762793
-0.459359    -0.764819
-0.458361    -0.766841
-0.457358    -0.768861
-0.456353    -0.770879
-0.455343    -0.772894
-0.454331    -0.774907
-0.453314    -0.776917
-0.452294    -0.778924
-0.451271    -0.780929
-0.450244    -0.782931
-0.449213    -0.784931
-0.448179    -0.786928
-0.447141    -0.788922
-0.446099    -0.790914
-0.445054    -0.792903
-0.444006    -0.794889
-0.442954    -0.796873
-0.441898    -0.798854
-0.440839    -0.800833
-0.439776    -0.802809
-0.438709    -0.804782
-0.437639    -0.806752
-0.436565    -0.80872
-0.435488    -0.810685
-0.434407    -0.812647
-0.433322    -0.814606
-0.432234    -0.816563
-0.431142    -0.818517
-0.430047    -0.820468
-0.428948    -0.822417
-0.427845    -0.824362
-0.426739    -0.826305
-0.425629    -0.828245
-0.424516    -0.830182
-0.423398    -0.832117
-0.422278    -0.834048
-0.421153    -0.835977
-0.420025    -0.837903
-0.418894    -0.839826
-0.417758    -0.841746
-0.416619    -0.843663
-0.415477    -0.845578
-0.41433    -0.847489
-0.413181    -0.849398
-0.412027    -0.851303
-0.41087    -0.853206
-0.409709    -0.855106
-0.408544    -0.857003
-0.407376    -0.858896
-0.406205    -0.860787
-0.405029    -0.862675
-0.40385    -0.86456
-0.402667    -0.866442
-0.401481    -0.868321
-0.400291    -0.870197
-0.399097    -0.87207
-0.397899    -0.87394
-0.396698    -0.875807
-0.395494    -0.877671
-0.394285    -0.879531
-0.393073    -0.881389
-0.391857    -0.883244
-0.390638    -0.885095
-0.389415    -0.886944
-0.388188    -0.888789
-0.386958    -0.890631
-0.385723    -0.89247
-0.384486    -0.894306
-0.383244    -0.896139
-0.381999    -0.897968
-0.38075    -0.899795
-0.379498    -0.901618
-0.378241    -0.903438
-0.376981    -0.905255
-0.375718    -0.907069
-0.374451    -0.908879
-0.37318    -0.910687
-0.371905    -0.912491
-0.370627    -0.914292
-0.369345    -0.916089
-0.368059    -0.917883
-0.36677    -0.919674
-0.365477    -0.921462
-0.36418    -0.923247
-0.362879    -0.925028
-0.361575    -0.926806
-0.360268    -0.92858
-0.358956    -0.930351
-0.357641    -0.932119
-0.356322    -0.933884
-0.354999    -0.935645
-0.353673    -0.937403
-0.352343    -0.939157
-0.35101    -0.940908
-0.349672    -0.942656
-0.348331    -0.9444
-0.346987    -0.946141
-0.345638    -0.947878
-0.344286    -0.949612
-0.342931    -0.951342
-0.341571    -0.953069
-0.340208    -0.954793
-0.338841    -0.956513
-0.337471    -0.95823
-0.336097    -0.959943
-0.334719    -0.961652
-0.333337    -0.963358
-0.331952    -0.965061
-0.330563    -0.96676
-0.329171    -0.968455
-0.327774    -0.970147
-0.326375    -0.971836
-0.324971    -0.97352
-0.323564    -0.975201
-0.322153    -0.976879
-0.320738    -0.978553
-0.31932    -0.980223
-0.317898    -0.98189
-0.316472    -0.983553
-0.315043    -0.985213
-0.31361    -0.986868
-0.312173    -0.988521
-0.310733    -0.990169
-0.309289    -0.991814
-0.307841    -0.993455
-0.30639    -0.995092
-0.304935    -0.996726
-0.303476    -0.998356
-0.302014    -0.999982
-0.300548    -1.0016
-0.299078    -1.00322
-0.297605    -1.00484
-0.296128    -1.00645
-0.294647    -1.00806
-0.293163    -1.00966
-0.291675    -1.01126
-0.290184    -1.01286
-0.288689    -1.01445
-0.28719    -1.01604
-0.285687    -1.01762
-0.284181    -1.0192
-0.282672    -1.02078
-0.281158    -1.02235
-0.279641    -1.02392
-0.278121    -1.02548
-0.276596    -1.02705
-0.275068    -1.0286
-0.273537    -1.03016
-0.272002    -1.03171
-0.270463    -1.03325
-0.268921    -1.03479
-0.267375    -1.03633
-0.265825    -1.03786
-0.264272    -1.03939
-0.262715    -1.04092
-0.261155    -1.04244
-0.259591    -1.04396
-0.258023    -1.04547
-0.256452    -1.04698
-0.254877    -1.04849
-0.253299    -1.04999
-0.251717    -1.05148
-0.250131    -1.05298
-0.248542    -1.05447
-0.24695    -1.05595
-0.245353    -1.05743
-0.243753    -1.05891
-0.24215    -1.06038
-0.240543    -1.06185
-0.238933    -1.06331
-0.237318    -1.06477
-0.235701    -1.06623
-0.23408    -1.06768
-0.232455    -1.06913
-0.230827    -1.07057
-0.229195    -1.07201
-0.22756    -1.07345
-0.225921    -1.07488
-0.224278    -1.0763
-0.222632    -1.07773
-0.220983    -1.07914
-0.21933    -1.08056
-0.217673    -1.08197
-0.216013    -1.08337
-0.21435    -1.08477
-0.212683    -1.08617
-0.211012    -1.08756
-0.209338    -1.08895
-0.207661    -1.09033
-0.20598    -1.09171
-0.204296    -1.09309
-0.202608    -1.09446
-0.200916    -1.09582
-0.199221    -1.09718
-0.197523    -1.09854
-0.195821    -1.09989
-0.194116    -1.10124
-0.192408    -1.10259
-0.190695    -1.10393
-0.18898    -1.10526
-0.187261    -1.10659
-0.185538    -1.10792
-0.183813    -1.10924
-0.182083    -1.11056
-0.180351    -1.11187
-0.178615    -1.11318
-0.176875    -1.11448
-0.175132    -1.11578
-0.173386    -1.11707
-0.171636    -1.11836
-0.169883    -1.11965
-0.168127    -1.12093
-0.166367    -1.12221
-0.164604    -1.12348
-0.162838    -1.12474
-0.161068    -1.12601
-0.159295    -1.12726
-0.157518    -1.12852
-0.155738    -1.12977
-0.153955    -1.13101
-0.152168    -1.13225
-0.150378    -1.13348
-0.148585    -1.13471
-0.146789    -1.13594
-0.144989    -1.13716
-0.143186    -1.13837
-0.14138    -1.13958
-0.13957    -1.14079
-0.137757    -1.14199
-0.135941    -1.14319
-0.134121    -1.14438
-0.132299    -1.14557
-0.130473    -1.14675
-0.128643    -1.14793
-0.126811    -1.1491
-0.124975    -1.15027
-0.123136    -1.15143
-0.121294    -1.15259
-0.119449    -1.15374
-0.1176    -1.15489
-0.115748    -1.15603
-0.113893    -1.15717
-0.112035    -1.15831
-0.110174    -1.15944
-0.108309    -1.16056
-0.106442    -1.16168
-0.104571    -1.16279
-0.102697    -1.1639
-0.10082    -1.16501
-0.0989397    -1.16611
-0.0970563    -1.1672
-0.0951698    -1.16829
-0.0932802    -1.16937
-0.0913875    -1.17045
-0.0894917    -1.17153
-0.0875928    -1.1726
-0.0856909    -1.17366
-0.0837858    -1.17472
-0.0818777    -1.17577
-0.0799665    -1.17682
-0.0780523    -1.17787
-0.076135    -1.17891
-0.0742147    -1.17994
-0.0722914    -1.18097
-0.0703651    -1.18199
-0.0684357    -1.18301
-0.0665033    -1.18403
-0.064568    -1.18503
-0.0626296    -1.18604
-0.0606883    -1.18704
-0.058744    -1.18803
-0.0567968    -1.18902
-0.0548466    -1.19
-0.0528934    -1.19098
-0.0509373    -1.19195
-0.0489783    -1.19292
-0.0470164    -1.19388
-0.0450516    -1.19483
-0.0430838    -1.19579
-0.0411132    -1.19673
-0.0391397    -1.19767
-0.0371633    -1.19861
-0.0351841    -1.19954
-0.033202    -1.20046
-0.031217    -1.20138
-0.0292292    -1.2023
-0.0272386    -1.20321
-0.0252452    -1.20411
-0.0232489    -1.20501
-0.0212499    -1.2059
-0.0192481    -1.20679
-0.0172435    -1.20767
-0.0152361    -1.20855
-0.0132259    -1.20942
-0.011213    -1.21029
-0.00919738    -1.21115
-0.007179    -1.21201
-0.0051579    -1.21286
-0.00313409    -1.2137
-0.00110757    -1.21454
0.000921634    -1.21537
0.00295353    -1.2162
0.00498809    -1.21703
0.00702532    -1.21784
0.0090652    -1.21866
0.0111077    -1.21946
0.0131529    -1.22026
0.0152007    -1.22106
0.0172511    -1.22185
0.019304    -1.22263
0.0213596    -1.22341
0.0234178    -1.22419
0.0254785    -1.22495
0.0275418    -1.22572
0.0296077    -1.22647
0.0316761    -1.22723
0.033747    -1.22797
0.0358204    -1.22871
0.0378963    -1.22945
0.0399747    -1.23017
0.0420557    -1.2309
0.044139    -1.23162
0.0462249    -1.23233
0.0483132    -1.23304
0.0504039    -1.23374
0.0524971    -1.23443
0.0545927    -1.23512
0.0566907    -1.2358
0.058791    -1.23648
0.0608938    -1.23716
0.0629989    -1.23782
0.0651064    -1.23848
0.0672163    -1.23914
0.0693285    -1.23979
0.071443    -1.24043
0.0735598    -1.24107
0.0756789    -1.2417
0.0778003    -1.24233
0.079924    -1.24295
0.08205    -1.24357
0.0841782    -1.24418
0.0863086    -1.24478
0.0884413    -1.24538
0.0905762    -1.24597
0.0927134    -1.24656
0.0948527    -1.24714
0.0969941    -1.24771
0.0991378    -1.24828
0.101284    -1.24885
0.103432    -1.2494
0.105582    -1.24996
0.107734    -1.2505
0.109888    -1.25104
0.112045    -1.25157
0.114203    -1.2521
0.116364    -1.25263
0.118526    -1.25314
0.120691    -1.25365
0.122858    -1.25416
0.125026    -1.25466
0.127197    -1.25515
0.12937    -1.25564
0.131545    -1.25612
0.133721    -1.25659
0.1359    -1.25706
0.13808    -1.25752
0.140263    -1.25798
0.142447    -1.25843
0.144634    -1.25888
0.146822    -1.25932
0.149012    -1.25975
0.151204    -1.26018
0.153398    -1.2606
0.155593    -1.26101
0.157791    -1.26142
0.15999    -1.26183
0.162191    -1.26222
0.164394    -1.26261
0.166598    -1.263
0.168805    -1.26338
0.171013    -1.26375
0.173223    -1.26412
0.175434    -1.26448
0.177648    -1.26483
0.179862    -1.26518
0.182079    -1.26553
0.184297    -1.26586
0.186517    -1.26619
0.188739    -1.26652
0.190962    -1.26684
0.193187    -1.26715
0.195413    -1.26745
0.197641    -1.26775
0.19987    -1.26805
0.202101    -1.26834
0.204334    -1.26862
0.206568    -1.26889
0.208803    -1.26916
0.21104    -1.26943
0.213279    -1.26968
0.215519    -1.26993
0.21776    -1.27018
0.220003    -1.27042
0.222247    -1.27065
0.224493    -1.27088
0.22674    -1.2711
0.228988    -1.27131
0.231238    -1.27152
0.233489    -1.27172
0.235741    -1.27191
0.237995    -1.2721
0.24025    -1.27229
0.242507    -1.27246
0.244764    -1.27263
0.247023    -1.2728
0.249283    -1.27296
0.251544    -1.27311
0.253807    -1.27325
0.25607    -1.27339
0.258335    -1.27352
0.260601    -1.27365
0.262868    -1.27377
0.265137    -1.27389
0.267406    -1.27399
0.269676    -1.27409
0.271948    -1.27419
0.274221    -1.27428
0.276494    -1.27436
0.278769    -1.27444
0.281045    -1.27451
0.283322    -1.27457
0.285599    -1.27463
0.287878    -1.27468
0.290158    -1.27473
0.292438    -1.27476
0.29472    -1.2748
0.297002    -1.27482
