-0.720715    1.09261
-0.720059    1.09104
-0.719406    1.08945
-0.718757    1.08787
-0.718111    1.08628
-0.717468    1.08469
-0.716828    1.0831
-0.716192    1.0815
-0.715559    1.0799
-0.714929    1.0783
-0.714302    1.07669
-0.713679    1.07508
-0.713058    1.07347
-0.712441    1.07186
-0.711827    1.07024
-0.711217    1.06862
-0.710609    1.067
-0.710005    1.06537
-0.709403    1.06374
-0.708805    1.06211
-0.70821    1.06047
-0.707619    1.05884
-0.70703    1.0572
-0.706444    1.05555
-0.705862    1.05391
-0.705283    1.05226
-0.704706    1.05061
-0.704133    1.04895
-0.703563    1.04729
-0.702996    1.04563
-0.702432    1.04397
-0.701871    1.0423
-0.701313    1.04063
-0.700759    1.03896
-0.700207    1.03729
-0.699658    1.03561
-0.699113    1.03393
-0.69857    1.03225
-0.69803    1.03056
-0.697494    1.02887
-0.69696    1.02718
-0.696429    1.02549
-0.695902    1.02379
-0.695377    1.02209
-0.694855    1.02039
-0.694337    1.01869
-0.693821    1.01698
-0.693308    1.01527
-0.692798    1.01356
-0.692291    1.01184
-0.691787    1.01012
-0.691286    1.0084
-0.690787    1.00668
-0.690292    1.00495
-0.689799    1.00322
-0.68931    1.00149
-0.688823    0.999755
-0.688339    0.998018
-0.687858    0.996278
-0.68738    0.994536
-0.686904    0.992791
-0.686432    0.991043
-0.685962    0.989293
-0.685495    0.98754
-0.685031    0.985784
-0.68457    0.984026
-0.684111    0.982265
-0.683656    0.980502
-0.683203    0.978736
-0.682752    0.976967
-0.682305    0.975196
-0.68186    0.973422
-0.681418    0.971646
-0.680979    0.969867
-0.680543    0.968085
-0.680109    0.966301
-0.679678    0.964514
-0.67925    0.962725
-0.678824    0.960933
-0.678401    0.959139
-0.677981    0.957342
-0.677563    0.955543
-0.677149    0.953741
-0.676736    0.951937
-0.676327    0.95013
-0.67592    0.948321
-0.675515    0.946509
-0.675114    0.944694
-0.674715    0.942877
-0.674318    0.941058
-0.673924    0.939236
-0.673533    0.937412
-0.673144    0.935585
-0.672758    0.933756
-0.672374    0.931924
-0.671993    0.93009
-0.671615    0.928253
-0.671239    0.926414
-0.670866    0.924572
-0.670495    0.922728
-0.670126    0.920882
-0.669761    0.919033
-0.669397    0.917182
-0.669036    0.915328
-0.668678    0.913472
-0.668322    0.911614
-0.667969    0.909753
-0.667618    0.90789
-0.667269    0.906024
-0.666923    0.904156
-0.666579    0.902286
-0.666238    0.900413
-0.665899    0.898538
-0.665563    0.89666
-0.665229    0.89478
-0.664897    0.892898
-0.664568    0.891013
-0.664241    0.889126
-0.663917    0.887237
-0.663595    0.885346
-0.663275    0.883452
-0.662957    0.881555
-0.662642    0.879657
-0.662329    0.877756
-0.662019    0.875853
-0.661711    0.873947
-0.661405    0.872039
-0.661101    0.870129
-0.6608    0.868217
-0.660501    0.866302
-0.660204    0.864385
-0.65991    0.862466
-0.659617    0.860545
-0.659327    0.858621
-0.65904    0.856695
-0.658754    0.854767
-0.658471    0.852836
-0.658189    0.850903
-0.65791    0.848968
-0.657634    0.847031
-0.657359    0.845092
-0.657087    0.84315
-0.656816    0.841206
-0.656548    0.83926
-0.656282    0.837312
-0.656018    0.835361
-0.655757    0.833408
-0.655497    0.831453
-0.655239    0.829496
-0.654984    0.827537
-0.654731    0.825576
-0.654479    0.823612
-0.65423    0.821646
-0.653983    0.819678
-0.653738    0.817708
-0.653495    0.815735
-0.653254    0.813761
-0.653015    0.811784
-0.652778    0.809806
-0.652543    0.807825
-0.65231    0.805842
-0.652079    0.803856
-0.65185    0.801869
-0.651623    0.79988
-0.651398    0.797888
-0.651175    0.795894
-0.650954    0.793899
-0.650735    0.791901
-0.650518    0.789901
-0.650302    0.787899
-0.650089    0.785895
-0.649877    0.783889
-0.649668    0.78188
-0.64946    0.77987
-0.649254    0.777857
-0.64905    0.775843
-0.648848    0.773826
-0.648648    0.771808
-0.648449    0.769787
-0.648253    0.767764
-0.648058    0.76574
-0.647865    0.763713
-0.647674    0.761684
-0.647484    0.759653
-0.647297    0.75762
-0.647111    0.755586
-0.646927    0.753549
-0.646744    0.75151
-0.646564    0.749469
-0.646385    0.747426
-0.646208    0.745381
-0.646033    0.743334
-0.645859    0.741286
-0.645687    0.739235
-0.645517    0.737182
-0.645348    0.735127
-0.645181    0.733071
-0.645016    0.731012
-0.644853    0.728951
-0.644691    0.726889
-0.644531    0.724824
-0.644372    0.722758
-0.644215    0.720689
-0.644059    0.718619
-0.643906    0.716547
-0.643753    0.714473
-0.643603    0.712397
-0.643454    0.710319
-0.643306    0.708239
-0.64316    0.706157
-0.643016    0.704073
-0.642873    0.701988
-0.642732    0.6999
-0.642592    0.697811
-0.642454    0.69572
-0.642317    0.693627
-0.642182    0.691532
-0.642048    0.689435
-0.641916    0.687336
-0.641785    0.685236
-0.641656    0.683133
-0.641528    0.681029
-0.641401    0.678923
-0.641276    0.676815
-0.641152    0.674705
-0.64103    0.672594
-0.640909    0.67048
-0.64079    0.668365
-0.640672    0.666248
-0.640555    0.664129
-0.64044    0.662009
-0.640326    0.659886
-0.640213    0.657762
-0.640102    0.655636
-0.639992    0.653508
-0.639883    0.651379
-0.639776    0.649247
-0.639669    0.647114
-0.639565    0.644979
-0.639461    0.642843
-0.639359    0.640705
-0.639258    0.638564
-0.639158    0.636423
-0.63906    0.634279
-0.638962    0.632134
-0.638866    0.629987
-0.638772    0.627838
-0.638678    0.625687
-0.638585    0.623535
-0.638494    0.621381
-0.638404    0.619226
-0.638315    0.617068
-0.638227    0.614909
-0.638141    0.612749
-0.638055    0.610586
-0.637971    0.608422
-0.637888    0.606257
-0.637806    0.604089
-0.637725    0.60192
-0.637645    0.599749
-0.637566    0.597577
-0.637488    0.595403
-0.637411    0.593227
-0.637336    0.59105
-0.637261    0.588871
-0.637187    0.586691
-0.637115    0.584509
-0.637043    0.582325
-0.636973    0.580139
-0.636903    0.577952
-0.636835    0.575764
-0.636767    0.573573
-0.6367    0.571382
-0.636635    0.569188
-0.63657    0.566993
-0.636506    0.564797
-0.636443    0.562598
-0.636381    0.560399
-0.63632    0.558197
-0.63626    0.555995
-0.636201    0.55379
-0.636142    0.551584
-0.636085    0.549377
-0.636028    0.547168
-0.635972    0.544957
-0.635917    0.542745
-0.635863    0.540532
-0.63581    0.538316
-0.635758    0.5361
-0.635706    0.533882
-0.635655    0.531662
-0.635605    0.529441
-0.635555    0.527218
-0.635507    0.524994
-0.635459    0.522769
-0.635412    0.520541
-0.635366    0.518313
-0.63532    0.516083
-0.635275    0.513851
-0.635231    0.511619
-0.635187    0.509384
-0.635145    0.507148
-0.635102    0.504911
-0.635061    0.502672
-0.63502    0.500432
-0.63498    0.498191
-0.63494    0.495948
-0.634901    0.493703
-0.634863    0.491458
-0.634826    0.48921
-0.634788    0.486962
-0.634752    0.484712
-0.634716    0.48246
-0.634681    0.480208
-0.634646    0.477953
-0.634612    0.475698
-0.634578    0.473441
-0.634545    0.471183
-0.634512    0.468923
-0.63448    0.466662
-0.634449    0.4644
-0.634417    0.462137
-0.634387    0.459872
-0.634357    0.457605
-0.634327    0.455338
-0.634298    0.453069
-0.634269    0.450799
-0.634241    0.448527
-0.634213    0.446254
-0.634185    0.44398
-0.634158    0.441705
-0.634131    0.439428
-0.634105    0.43715
-0.634079    0.434871
-0.634053    0.43259
-0.634028    0.430308
-0.634003    0.428025
-0.633979    0.425741
-0.633955    0.423456
-0.633931    0.421169
-0.633907    0.418881
-0.633884    0.416592
-0.633861    0.414301
-0.633838    0.412009
-0.633816    0.409717
-0.633793    0.407422
-0.633772    0.405127
-0.63375    0.402831
-0.633728    0.400533
-0.633707    0.398234
-0.633686    0.395934
-0.633665    0.393633
-0.633645    0.391331
-0.633624    0.389027
-0.633604    0.386722
-0.633584    0.384416
-0.633564    0.382109
-0.633544    0.379801
-0.633524    0.377492
-0.633505    0.375182
-0.633485    0.37287
-0.633466    0.370558
-0.633447    0.368244
-0.633428    0.365929
-0.633409    0.363613
-0.63339    0.361296
-0.633371    0.358978
-0.633352    0.356659
-0.633333    0.354338
-0.633314    0.352017
-0.633295    0.349695
-0.633276    0.347371
-0.633257    0.345047
-0.633239    0.342721
-0.63322    0.340395
-0.633201    0.338067
-0.633182    0.335738
-0.633163    0.333409
-0.633144    0.331078
-0.633125    0.328746
-0.633106    0.326414
-0.633086    0.32408
-0.633067    0.321745
-0.633048    0.319409
-0.633028    0.317073
-0.633008    0.314735
-0.632988    0.312397
-0.632968    0.310057
-0.632948    0.307716
-0.632928    0.305375
-0.632907    0.303033
-0.632887    0.300689
-0.632866    0.298345
-0.632845    0.296
-0.632823    0.293654
-0.632802    0.291306
-0.63278    0.288959
-0.632758    0.28661
-0.632736    0.28426
-0.632713    0.281909
-0.63269    0.279558
-0.632667    0.277205
-0.632644    0.274852
-0.63262    0.272498
-0.632596    0.270143
-0.632572    0.267787
-0.632547    0.26543
-0.632522    0.263073
-0.632497    0.260714
-0.632471    0.258355
-0.632445    0.255995
-0.632419    0.253634
-0.632392    0.251273
-0.632365    0.24891
-0.632337    0.246547
-0.632309    0.244183
-0.632281    0.241818
-0.632252    0.239452
-0.632222    0.237086
-0.632193    0.234719
-0.632162    0.232351
-0.632132    0.229982
-0.6321    0.227613
-0.632069    0.225243
-0.632036    0.222872
-0.632004    0.2205
-0.63197    0.218128
-0.631937    0.215755
-0.631902    0.213381
-0.631867    0.211007
-0.631832    0.208631
-0.631796    0.206256
-0.631759    0.203879
-0.631722    0.201502
-0.631684    0.199124
-0.631646    0.196745
-0.631607    0.194366
-0.631567    0.191986
-0.631527    0.189606
-0.631486    0.187225
-0.631445    0.184843
-0.631402    0.182461
-0.631359    0.180078
-0.631316    0.177694
-0.631271    0.17531
-0.631226    0.172925
-0.631181    0.170539
-0.631134    0.168153
-0.631087    0.165767
-0.631039    0.16338
-0.630991    0.160992
-0.630941    0.158604
-0.630891    0.156215
-0.63084    0.153825
-0.630788    0.151435
-0.630736    0.149045
-0.630682    0.146654
-0.630628    0.144262
-0.630573    0.14187
-0.630517    0.139478
-0.630461    0.137085
-0.630403    0.134691
-0.630345    0.132297
-0.630285    0.129903
-0.630225    0.127508
-0.630164    0.125112
-0.630102    0.122716
-0.63004    0.12032
-0.629976    0.117923
-0.629911    0.115526
-0.629845    0.113128
-0.629779    0.11073
-0.629711    0.108332
-0.629643    0.105933
-0.629573    0.103533
-0.629503    0.101133
-0.629431    0.0987333
-0.629359    0.0963327
-0.629285    0.0939318
-0.629211    0.0915305
-0.629135    0.0891288
-0.629059    0.0867268
-0.628981    0.0843244
-0.628903    0.0819216
-0.628823    0.0795186
-0.628742    0.0771152
-0.62866    0.0747114
-0.628577    0.0723074
-0.628493    0.069903
-0.628408    0.0674983
-0.628321    0.0650933
-0.628234    0.0626881
-0.628145    0.0602825
-0.628055    0.0578767
-0.627965    0.0554706
-0.627872    0.0530642
-0.627779    0.0506576
-0.627685    0.0482507
-0.627589    0.0458436
-0.627492    0.0434362
-0.627394    0.0410287
-0.627295    0.0386208
-0.627194    0.0362128
-0.627093    0.0338046
-0.626989    0.0313961
-0.626885    0.0289875
-0.62678    0.0265787
-0.626673    0.0241697
-0.626565    0.0217605
-0.626455    0.0193511
-0.626345    0.0169416
-0.626233    0.0145319
-0.626119    0.0121221
-0.626004    0.00971215
-0.625888    0.00730206
-0.625771    0.00489184
-0.625652    0.0024815
-0.625532    7.10524e-05
-0.625411    -0.0023395
-0.625288    -0.00475016
-0.625164    -0.0071609
-0.625038    -0.00957173
-0.624911    -0.0119826
-0.624782    -0.0143936
-0.624652    -0.0168047
-0.624521    -0.0192157
-0.624388    -0.0216269
-0.624254    -0.0240381
-0.624118    -0.0264493
-0.623981    -0.0288606
-0.623842    -0.0312718
-0.623702    -0.0336831
-0.623561    -0.0360944
-0.623417    -0.0385057
-0.623273    -0.040917
-0.623126    -0.0433282
-0.622979    -0.0457395
-0.622829    -0.0481507
-0.622678    -0.0505619
-0.622526    -0.052973
-0.622372    -0.0553841
-0.622216    -0.0577951
-0.622059    -0.0602061
-0.6219    -0.062617
-0.62174    -0.0650278
-0.621578    -0.0674385
-0.621414    -0.0698492
-0.621249    -0.0722597
-0.621082    -0.0746701
-0.620914    -0.0770805
-0.620744    -0.0794906
-0.620572    -0.0819007
-0.620398    -0.0843106
-0.620223    -0.0867204
-0.620046    -0.08913
-0.619867    -0.0915395
-0.619687    -0.0939488
-0.619505    -0.096358
-0.619321    -0.0987669
-0.619136    -0.101176
-0.618949    -0.103584
-0.61876    -0.105993
-0.618569    -0.108401
-0.618376    -0.110809
-0.618182    -0.113216
-0.617986    -0.115624
-0.617788    -0.118031
-0.617588    -0.120438
-0.617387    -0.122845
-0.617184    -0.125251
-0.616979    -0.127658
-0.616772    -0.130064
-0.616563    -0.132469
-0.616352    -0.134875
-0.61614    -0.13728
-0.615925    -0.139685
-0.615709    -0.142089
-0.615491    -0.144493
-0.615271    -0.146897
-0.615049    -0.149301
-0.614825    -0.151704
-0.614599    -0.154107
-0.614371    -0.156509
-0.614142    -0.158911
-0.61391    -0.161313
-0.613677    -0.163714
-0.613441    -0.166115
-0.613204    -0.168516
-0.612964    -0.170916
-0.612723    -0.173316
-0.612479    -0.175715
-0.612234    -0.178114
-0.611986    -0.180513
-0.611737    -0.182911
-0.611486    -0.185308
-0.611232    -0.187705
-0.610976    -0.190102
-0.610719    -0.192498
-0.610459    -0.194894
-0.610197    -0.19729
-0.609934    -0.199684
-0.609668    -0.202079
-0.6094    -0.204472
-0.60913    -0.206866
-0.608858    -0.209259
