-1.00525    -0.837343
-1.00537    -0.835207
-1.00549    -0.833069
-1.00561    -0.83093
-1.00573    -0.828789
-1.00585    -0.826646
-1.00598    -0.824502
-1.0061    -0.822356
-1.00622    -0.820209
-1.00635    -0.81806
-1.00647    -0.815909
-1.0066    -0.813757
-1.00672    -0.811603
-1.00685    -0.809448
-1.00698    -0.807291
-1.0071    -0.805133
-1.00723    -0.802973
-1.00736    -0.800812
-1.00749    -0.798649
-1.00761    -0.796484
-1.00774    -0.794318
-1.00787    -0.792151
-1.008    -0.789982
-1.00813    -0.787811
-1.00826    -0.785639
-1.00839    -0.783466
-1.00852    -0.781291
-1.00865    -0.779114
-1.00878    -0.776936
-1.00891    -0.774756
-1.00905    -0.772575
-1.00918    -0.770393
-1.00931    -0.768208
-1.00944    -0.766023
-1.00957    -0.763836
-1.00971    -0.761647
-1.00984    -0.759457
-1.00997    -0.757266
-1.0101    -0.755073
-1.01024    -0.752879
-1.01037    -0.750683
-1.0105    -0.748486
-1.01064    -0.746287
-1.01077    -0.744087
-1.01091    -0.741885
-1.01104    -0.739682
-1.01117    -0.737478
-1.01131    -0.735272
-1.01144    -0.733065
-1.01157    -0.730856
-1.01171    -0.728646
-1.01184    -0.726435
-1.01198    -0.724222
-1.01211    -0.722008
-1.01225    -0.719792
-1.01238    -0.717575
-1.01251    -0.715356
-1.01265    -0.713137
-1.01278    -0.710915
-1.01291    -0.708693
-1.01305    -0.706469
-1.01318    -0.704244
-1.01332    -0.702017
-1.01345    -0.699789
-1.01358    -0.69756
-1.01372    -0.695329
-1.01385    -0.693097
-1.01398    -0.690863
-1.01412    -0.688629
-1.01425    -0.686393
-1.01438    -0.684155
-1.01451    -0.681916
-1.01465    -0.679676
-1.01478    -0.677435
-1.01491    -0.675192
-1.01504    -0.672948
-1.01517    -0.670703
-1.0153    -0.668457
-1.01543    -0.666209
-1.01557    -0.66396
-1.0157    -0.661709
-1.01583    -0.659457
-1.01596    -0.657204
-1.01609    -0.65495
-1.01621    -0.652695
-1.01634    -0.650438
-1.01647    -0.64818
-1.0166    -0.645921
-1.01673    -0.64366
-1.01686    -0.641398
-1.01698    -0.639135
-1.01711    -0.636871
-1.01724    -0.634606
-1.01736    -0.632339
-1.01749    -0.630071
-1.01761    -0.627802
-1.01774    -0.625532
-1.01786    -0.62326
-1.01799    -0.620987
-1.01811    -0.618713
-1.01823    -0.616438
-1.01835    -0.614162
-1.01848    -0.611884
-1.0186    -0.609606
-1.01872    -0.607326
-1.01884    -0.605045
-1.01896    -0.602763
-1.01908    -0.600479
-1.0192    -0.598195
-1.01932    -0.595909
-1.01943    -0.593622
-1.01955    -0.591334
-1.01967    -0.589045
-1.01978    -0.586755
-1.0199    -0.584464
-1.02001    -0.582171
-1.02013    -0.579877
-1.02024    -0.577583
-1.02036    -0.575287
-1.02047    -0.57299
-1.02058    -0.570692
-1.02069    -0.568393
-1.0208    -0.566093
-1.02091    -0.563791
-1.02102    -0.561489
-1.02113    -0.559185
-1.02124    -0.556881
-1.02134    -0.554575
-1.02145    -0.552269
-1.02155    -0.549961
-1.02166    -0.547652
-1.02176    -0.545342
