0.967173    -0.746123
0.967108    -0.748377
0.967043    -0.750628
0.966979    -0.752878
0.966915    -0.755126
0.966851    -0.757372
0.966787    -0.759617
0.966724    -0.76186
0.96666    -0.764101
0.966597    -0.76634
0.966534    -0.768578
0.966472    -0.770814
0.966409    -0.773048
0.966347    -0.775281
0.966285    -0.777511
0.966224    -0.77974
0.966162    -0.781967
0.966101    -0.784192
0.966041    -0.786416
0.96598    -0.788637
0.96592    -0.790857
0.965861    -0.793075
0.965801    -0.795292
0.965742    -0.797506
0.965684    -0.799719
0.965626    -0.80193
0.965568    -0.804139
0.965511    -0.806346
0.965454    -0.808551
0.965397    -0.810755
0.965341    -0.812956
0.965286    -0.815156
0.965231    -0.817354
0.965176    -0.81955
0.965122    -0.821744
0.965069    -0.823937
0.965016    -0.826127
0.964963    -0.828316
0.964911    -0.830503
0.96486    -0.832688
0.964809    -0.834871
0.964758    -0.837052
0.964709    -0.839231
0.964659    -0.841408
0.964611    -0.843584
0.964563    -0.845757
0.964516    -0.847929
0.964469    -0.850098
0.964423    -0.852266
0.964378    -0.854432
0.964333    -0.856596
0.964289    -0.858758
0.964246    -0.860918
0.964203    -0.863076
0.964161    -0.865232
0.96412    -0.867386
0.964079    -0.869538
0.96404    -0.871689
0.964001    -0.873837
0.963963    -0.875983
0.963925    -0.878128
0.963889    -0.88027
0.963853    -0.88241
0.963818    -0.884549
