-1.02187    -0.543031
-1.02197    -0.54072
-1.02207    -0.538407
-1.02217    -0.536093
-1.02227    -0.533778
-1.02237    -0.531462
-1.02247    -0.529145
-1.02256    -0.526827
-1.02266    -0.524508
-1.02276    -0.522188
-1.02285    -0.519867
-1.02295    -0.517544
-1.02304    -0.515221
-1.02313    -0.512898
-1.02322    -0.510573
-1.02331    -0.508247
-1.0234    -0.50592
-1.02349    -0.503592
-1.02358    -0.501263
-1.02366    -0.498933
-1.02375    -0.496603
-1.02383    -0.494271
-1.02392    -0.491939
-1.024    -0.489605
-1.02408    -0.487271
-1.02416    -0.484935
-1.02424    -0.482599
-1.02432    -0.480262
-1.0244    -0.477924
-1.02448    -0.475585
-1.02455    -0.473245
-1.02463    -0.470904
-1.0247    -0.468563
-1.02477    -0.46622
-1.02484    -0.463877
-1.02491    -0.461533
-1.02498    -0.459188
-1.02505    -0.456842
-1.02512    -0.454495
-1.02518    -0.452147
-1.02525    -0.449799
-1.02531    -0.44745
-1.02537    -0.4451
-1.02543    -0.442749
-1.02549    -0.440397
-1.02555    -0.438044
-1.02561    -0.435691
-1.02566    -0.433337
-1.02572    -0.430982
-1.02577    -0.428626
-1.02583    -0.42627
-1.02588    -0.423912
-1.02593    -0.421554
-1.02598    -0.419195
-1.02602    -0.416836
-1.02607    -0.414475
-1.02611    -0.412114
-1.02616    -0.409752
-1.0262    -0.40739
-1.02624    -0.405026
-1.02628    -0.402662
-1.02632    -0.400297
-1.02636    -0.397932
-1.02639    -0.395565
-1.02642    -0.393198
-1.02646    -0.390831
-1.02649    -0.388462
-1.02652    -0.386093
-1.02655    -0.383724
-1.02658    -0.381353
-1.0266    -0.378982
-1.02663    -0.37661
-1.02665    -0.374238
-1.02667    -0.371865
-1.02669    -0.369491
-1.02671    -0.367117
-1.02673    -0.364742
-1.02674    -0.362366
-1.02676    -0.35999
-1.02677    -0.357613
-1.02678    -0.355235
-1.02679    -0.352857
-1.0268    -0.350478
-1.0268    -0.348099
-1.02681    -0.345719
-1.02681    -0.343339
-1.02681    -0.340958
-1.02681    -0.338576
-1.02681    -0.336194
-1.02681    -0.333811
-1.02681    -0.331427
-1.0268    -0.329044
-1.02679    -0.326659
-1.02678    -0.324274
-1.02677    -0.321888
-1.02676    -0.319502
-1.02675    -0.317116
-1.02673    -0.314729
-1.02671    -0.312341
-1.02669    -0.309953
-1.02667    -0.307564
-1.02665    -0.305175
-1.02663    -0.302786
-1.0266    -0.300395
-1.02657    -0.298005
-1.02654    -0.295614
-1.02651    -0.293222
-1.02648    -0.29083
-1.02645    -0.288438
-1.02641    -0.286045
-1.02637    -0.283652
-1.02633    -0.281258
-1.02629    -0.278864
-1.02625    -0.276469
-1.0262    -0.274074
-1.02616    -0.271679
-1.02611    -0.269283
-1.02606    -0.266887
-1.026    -0.264491
-1.02595    -0.262094
-1.02589    -0.259696
-1.02584    -0.257299
-1.02578    -0.254901
-1.02571    -0.252502
-1.02565    -0.250103
-1.02558    -0.247704
-1.02552    -0.245305
-1.02545    -0.242905
-1.02538    -0.240505
-1.0253    -0.238105
-1.02523    -0.235704
-1.02515    -0.233303
-1.02507    -0.230901
-1.02499    -0.2285
-1.02491    -0.226098
-1.02482    -0.223696
-1.02474    -0.221293
-1.02465    -0.21889
-1.02456    -0.216487
-1.02447    -0.214084
-1.02437    -0.211681
-1.02427    -0.209277
-1.02418    -0.206873
-1.02408    -0.204469
-1.02397    -0.202064
-1.02387    -0.19966
-1.02376    -0.197255
-1.02365    -0.19485
-1.02354    -0.192444
-1.02343    -0.190039
-1.02331    -0.187633
-1.02319    -0.185228
-1.02308    -0.182822
-1.02295    -0.180415
-1.02283    -0.178009
-1.0227    -0.175603
-1.02258    -0.173196
-1.02245    -0.170789
-1.02231    -0.168383
-1.02218    -0.165976
-1.02204    -0.163569
-1.0219    -0.161161
-1.02176    -0.158754
-1.02162    -0.156347
-1.02148    -0.153939
-1.02133    -0.151532
-1.02118    -0.149124
-1.02103    -0.146716
-1.02087    -0.144309
-1.02072    -0.141901
-1.02056    -0.139493
-1.0204    -0.137085
-1.02023    -0.134677
-1.02007    -0.132269
-1.0199    -0.129861
-1.01973    -0.127453
-1.01956    -0.125045
-1.01938    -0.122637
-1.01921    -0.120229
-1.01903    -0.117821
-1.01885    -0.115413
-1.01866    -0.113005
-1.01848    -0.110597
-1.01829    -0.108189
-1.0181    -0.105782
-1.0179    -0.103374
-1.01771    -0.100966
-1.01751    -0.0985586
-1.01731    -0.096151
-1.01711    -0.0937436
-1.0169    -0.0913362
-1.0167    -0.088929
-1.01649    -0.0865218
-1.01627    -0.0841148
-1.01606    -0.0817079
-1.01584    -0.0793011
-1.01562    -0.0768944
-1.0154    -0.0744879
-1.01518    -0.0720816
-1.01495    -0.0696754
-1.01472    -0.0672693
-1.01449    -0.0648635
-1.01425    -0.0624578
-1.01402    -0.0600523
-1.01378    -0.057647
-1.01354    -0.0552419
-1.01329    -0.052837
-1.01305    -0.0504323
-1.0128    -0.0480278
-1.01255    -0.0456236
-1.01229    -0.0432196
-1.01203    -0.0408158
-1.01177    -0.0384123
-1.01151    -0.0360091
-1.01125    -0.0336061
-1.01098    -0.0312034
-1.01071    -0.028801
-1.01044    -0.0263989
-1.01017    -0.023997
-1.00989    -0.0215955
-1.00961    -0.0191943
-1.00933    -0.0167934
-1.00904    -0.0143928
-1.00875    -0.0119926
-1.00846    -0.00959267
-1.00817    -0.00719312
-1.00787    -0.00479393
-1.00758    -0.00239509
-1.00727    3.37056e-06
-1.00697    0.00240145
-1.00666    0.00479915
-1.00636    0.00719646
-1.00604    0.00959336
-1.00573    0.0119899
-1.00541    0.0143859
-1.00509    0.0167816
-1.00477    0.0191768
-1.00445    0.0215716
-1.00412    0.0239659
-1.00379    0.0263598
-1.00345    0.0287532
-1.00312    0.0311462
-1.00278    0.0335386
-1.00244    0.0359306
-1.00209    0.0383221
-1.00175    0.0407131
-1.0014    0.0431036
-1.00104    0.0454935
-1.00069    0.047883
-1.00033    0.0502719
-0.999971    0.0526602
-0.999607    0.0550481
-0.999241    0.0574353
-0.998871    0.059822
-0.998499    0.0622082
-0.998125    0.0645937
-0.997747    0.0669787
-0.997366    0.069363
-0.996983    0.0717468
-0.996597    0.0741299
-0.996208    0.0765125
-0.995816    0.0788944
-0.995421    0.0812757
-0.995023    0.0836563
-0.994623    0.0860363
-0.994219    0.0884156
-0.993813    0.0907943
-0.993404    0.0931722
-0.992992    0.0955495
-0.992577    0.0979261
-0.992159    0.100302
-0.991738    0.102677
-0.991315    0.105052
-0.990888    0.107426
-0.990458    0.109799
-0.990026    0.112171
-0.98959    0.114542
-0.989152    0.116913
-0.988711    0.119283
-0.988266    0.121652
-0.987819    0.124021
-0.987369    0.126389
-0.986916    0.128756
-0.98646    0.131122
-0.986    0.133487
-0.985538    0.135851
-0.985073    0.138215
-0.984605    0.140578
-0.984134    0.14294
-0.98366    0.145301
-0.983182    0.147661
-0.982702    0.150021
-0.982219    0.152379
-0.981733    0.154737
-0.981243    0.157093
-0.980751    0.159449
-0.980256    0.161804
-0.979757    0.164158
-0.979256    0.166511
-0.978751    0.168863
-0.978243    0.171214
-0.977733    0.173565
-0.977219    0.175914
-0.976702    0.178262
-0.976182    0.180609
-0.975659    0.182956
-0.975133    0.185301
-0.974604    0.187645
-0.974071    0.189989
-0.973536    0.192331
-0.972997    0.194672
-0.972455    0.197013
-0.971911    0.199352
-0.971363    0.20169
-0.970811    0.204027
-0.970257    0.206363
-0.9697    0.208698
-0.969139    0.211032
-0.968576    0.213365
-0.968009    0.215696
-0.967439    0.218027
-0.966865    0.220356
-0.966289    0.222684
-0.965709    0.225011
-0.965127    0.227337
-0.964541    0.229662
-0.963952    0.231986
-0.963359    0.234308
-0.962764    0.23663
-0.962165    0.23895
-0.961563    0.241269
-0.960958    0.243586
-0.96035    0.245903
-0.959738    0.248218
-0.959123    0.250532
-0.958505    0.252845
-0.957884    0.255157
-0.957259    0.257467
-0.956632    0.259776
-0.956001    0.262084
-0.955366    0.26439
-0.954729    0.266695
-0.954088    0.268999
-0.953444    0.271302
-0.952797    0.273603
-0.952146    0.275903
-0.951492    0.278201
-0.950835    0.280498
-0.950175    0.282794
-0.949511    0.285089
-0.948844    0.287382
-0.948174    0.289673
-0.9475    0.291964
-0.946823    0.294253
-0.946143    0.29654
-0.94546    0.298826
-0.944773    0.301111
-0.944083    0.303394
-0.943389    0.305676
-0.942692    0.307956
-0.941992    0.310235
-0.941289    0.312512
-0.940582    0.314788
-0.939872    0.317063
-0.939158    0.319336
-0.938442    0.321607
-0.937721    0.323877
-0.936998    0.326145
-0.936271    0.328412
-0.935541    0.330677
-0.934807    0.332941
-0.93407    0.335203
-0.93333    0.337464
-0.932586    0.339723
-0.931839    0.34198
-0.931089    0.344236
-0.930335    0.34649
-0.929578    0.348743
-0.928817    0.350994
-0.928053    0.353243
-0.927286    0.355491
-0.926515    0.357737
-0.925741    0.359981
-0.924963    0.362224
-0.924182    0.364465
-0.923398    0.366704
-0.92261    0.368942
-0.921819    0.371178
-0.921024    0.373412
-0.920226    0.375644
-0.919425    0.377875
-0.91862    0.380104
-0.917811    0.382331
-0.916999    0.384557
-0.916184    0.386781
-0.915366    0.389002
-0.914543    0.391223
-0.913718    0.393441
-0.912889    0.395657
-0.912057    0.397872
-0.911221    0.400085
-0.910381    0.402296
-0.909539    0.404505
-0.908692    0.406712
-0.907843    0.408918
-0.906989    0.411121
-0.906133    0.413323
-0.905273    0.415523
-0.904409    0.417721
-0.903542    0.419917
-0.902672    0.422111
-0.901798    0.424303
-0.90092    0.426493
-0.900039    0.428681
-0.899155    0.430867
-0.898267    0.433052
-0.897376    0.435234
-0.896481    0.437414
-0.895582    0.439593
-0.894681    0.441769
-0.893775    0.443943
-0.892866    0.446115
-0.891954    0.448286
-0.891038    0.450454
-0.890119    0.45262
-0.889196    0.454784
-0.88827    0.456946
-0.88734    0.459106
-0.886407    0.461264
-0.88547    0.46342
-0.884529    0.465573
-0.883585    0.467725
-0.882638    0.469874
-0.881687    0.472021
-0.880733    0.474166
-0.879775    0.476309
-0.878813    0.47845
-0.877848    0.480588
-0.87688    0.482725
-0.875908    0.484859
-0.874932    0.486991
-0.873953    0.489121
-0.872971    0.491248
-0.871985    0.493373
-0.870995    0.495496
-0.870002    0.497617
-0.869005    0.499736
-0.868005    0.501852
-0.867001    0.503966
-0.865994    0.506077
-0.864983    0.508187
-0.863968    0.510294
-0.86295    0.512398
-0.861929    0.514501
-0.860904    0.516601
-0.859875    0.518698
-0.858843    0.520794
-0.857808    0.522887
-0.856768    0.524977
-0.855726    0.527065
-0.854679    0.529151
-0.85363    0.531235
-0.852576    0.533315
-0.851519    0.535394
-0.850459    0.53747
-0.849395    0.539544
-0.848327    0.541615
-0.847256    0.543683
-0.846182    0.54575
-0.845104    0.547813
-0.844022    0.549875
-0.842937    0.551933
-0.841848    0.553989
-0.840755    0.556043
-0.83966    0.558094
-0.83856    0.560143
-0.837457    0.562189
-0.83635    0.564232
-0.83524    0.566273
-0.834127    0.568311
-0.833009    0.570347
-0.831889    0.57238
-0.830764    0.574411
-0.829637    0.576438
-0.828505    0.578464
-0.82737    0.580486
-0.826232    0.582506
-0.82509    0.584523
-0.823944    0.586538
-0.822795    0.58855
-0.821642    0.590559
-0.820486    0.592565
-0.819326    0.594569
-0.818163    0.59657
-0.816996    0.598568
-0.815825    0.600564
-0.814651    0.602557
-0.813474    0.604547
-0.812293    0.606534
-0.811108    0.608519
-0.80992    0.6105
-0.808728    0.612479
-0.807533    0.614455
-0.806334    0.616428
-0.805132    0.618399
-0.803926    0.620366
-0.802717    0.622331
-0.801504    0.624293
-0.800288    0.626252
-0.799068    0.628208
-0.797844    0.630161
-0.796617    0.632112
-0.795386    0.634059
-0.794152    0.636003
-0.792915    0.637945
-0.791674    0.639883
-0.790429    0.641819
-0.789181    0.643752
-0.787929    0.645681
-0.786674    0.647608
-0.785415    0.649532
-0.784153    0.651453
-0.782887    0.65337
-0.781617    0.655285
-0.780345    0.657197
-0.779068    0.659105
-0.777788    0.661011
-0.776505    0.662913
-0.775218    0.664813
-0.773928    0.666709
-0.772634    0.668602
-0.771336    0.670493
-0.770036    0.67238
-0.768731    0.674264
-0.767423    0.676144
-0.766112    0.678022
-0.764797    0.679897
-0.763479    0.681768
-0.762157    0.683636
-0.760831    0.685501
-0.759503    0.687363
-0.75817    0.689221
-0.756835    0.691077
-0.755495    0.692929
-0.754152    0.694778
-0.752806    0.696624
-0.751457    0.698466
-0.750103    0.700305
-0.748747    0.702141
-0.747387    0.703974
-0.746023    0.705803
-0.744656    0.707629
-0.743286    0.709452
-0.741912    0.711271
-0.740534    0.713088
-0.739154    0.7149
-0.737769    0.71671
-0.736382    0.718516
-0.734991    0.720318
-0.733596    0.722118
-0.732198    0.723914
-0.730797    0.725706
-0.729392    0.727495
-0.727983    0.729281
-0.726572    0.731063
-0.725156    0.732842
-0.723738    0.734617
-0.722316    0.736389
-0.720891    0.738158
-0.719462    0.739923
-0.71803    0.741684
-0.716594    0.743442
-0.715155    0.745197
-0.713713    0.746948
-0.712267    0.748695
-0.710818    0.750439
-0.709365    0.752179
-0.707909    0.753916
-0.70645    0.755649
-0.704987    0.757379
-0.703521    0.759105
-0.702052    0.760828
-0.700579    0.762546
-0.699103    0.764262
-0.697624    0.765973
-0.696141    0.767681
-0.694655    0.769386
-0.693165    0.771086
-0.691673    0.772783
-0.690176    0.774477
-0.688677    0.776166
-0.687174    0.777852
-0.685668    0.779535
-0.684158    0.781213
-0.682646    0.782888
-0.68113    0.784559
-0.67961    0.786227
-0.678088    0.78789
-0.676562    0.78955
-0.675032    0.791206
-0.6735    0.792858
-0.671964    0.794507
-0.670425    0.796152
-0.668882    0.797793
-0.667337    0.79943
-0.665788    0.801063
-0.664236    0.802692
-0.66268    0.804318
-0.661121    0.80594
-0.65956    0.807558
-0.657994    0.809171
-0.656426    0.810782
-0.654854    0.812388
-0.653279    0.81399
-0.651701    0.815588
-0.65012    0.817183
-0.648536    0.818773
-0.646948    0.82036
-0.645357    0.821943
-0.643763    0.823521
-0.642165    0.825096
-0.640565    0.826667
-0.638961    0.828233
-0.637354    0.829796
-0.635744    0.831355
-0.634131    0.832909
-0.632515    0.83446
-0.630895    0.836007
-0.629273    0.837549
-0.627647    0.839088
-0.626018    0.840622
-0.624386    0.842152
-0.622751    0.843679
-0.621112    0.845201
-0.619471    0.846719
-0.617826    0.848233
-0.616179    0.849743
-0.614528    0.851248
-0.612874    0.85275
-0.611217    0.854247
-0.609557    0.85574
-0.607894    0.857229
-0.606228    0.858714
-0.604559    0.860195
-0.602887    0.861672
-0.601211    0.863144
-0.599533    0.864612
-0.597852    0.866076
-0.596167    0.867535
-0.59448    0.868991
-0.592789    0.870442
-0.591096    0.871889
-0.589399    0.873331
-0.5877    0.87477
-0.585998    0.876204
-0.584292    0.877633
-0.582584    0.879059
-0.580872    0.88048
-0.579158    0.881897
-0.577441    0.883309
-0.57572    0.884717
-0.573997    0.886121
-0.572271    0.88752
-0.570542    0.888915
-0.56881    0.890306
-0.567075    0.891692
-0.565337    0.893074
-0.563596    0.894451
-0.561853    0.895824
-0.560106    0.897193
-0.558357    0.898557
-0.556605    0.899917
-0.554849    0.901272
-0.553091    0.902623
-0.551331    0.903969
-0.549567    0.905311
-0.5478    0.906648
-0.546031    0.907981
-0.544259    0.90931
-0.542484    0.910633
-0.540706    0.911953
-0.538925    0.913268
-0.537142    0.914578
-0.535355    0.915884
-0.533566    0.917185
-0.531775    0.918481
-0.52998    0.919773
-0.528183    0.921061
-0.526383    0.922344
-0.52458    0.923622
-0.522774    0.924896
-0.520966    0.926165
-0.519155    0.927429
-0.517341    0.928689
-0.515525    0.929944
-0.513706    0.931194
-0.511884    0.93244
-0.51006    0.933681
-0.508233    0.934918
-0.506403    0.93615
-0.50457    0.937377
-0.502735    0.938599
-0.500898    0.939817
-0.499057    0.94103
-0.497214    0.942238
-0.495369    0.943442
-0.493521    0.944641
-0.49167    0.945835
-0.489816    0.947024
-0.487961    0.948208
-0.486102    0.949388
-0.484241    0.950563
-0.482377    0.951733
-0.480511    0.952899
-0.478642    0.954059
-0.476771    0.955215
-0.474898    0.956366
-0.473021    0.957512
-0.471143    0.958653
-0.469261    0.95979
-0.467378    0.960921
-0.465491    0.962048
-0.463603    0.96317
-0.461712    0.964287
-0.459818    0.965399
-0.457922    0.966506
-0.456024    0.967609
-0.454123    0.968706
-0.452219    0.969798
-0.450314    0.970886
-0.448406    0.971969
-0.446495    0.973046
-0.444583    0.974119
-0.442667    0.975187
-0.44075    0.97625
-0.43883    0.977308
-0.436908    0.97836
-0.434983    0.979408
-0.433056    0.980451
-0.431127    0.981489
-0.429196    0.982522
-0.427262    0.98355
-0.425326    0.984573
-0.423388    0.985591
-0.421447    0.986604
-0.419505    0.987611
-0.417559    0.988614
-0.415612    0.989612
-0.413663    0.990604
-0.411711    0.991592
-0.409757    0.992574
-0.407801    0.993552
-0.405843    0.994524
-0.403882    0.995491
-0.40192    0.996453
-0.399955    0.99741
-0.397988    0.998362
-0.396019    0.999309
-0.394048    1.00025
-0.392075    1.00119
-0.3901    1.00212
-0.388122    1.00304
-0.386143    1.00397
-0.384161    1.00488
-0.382177    1.00579
-0.380192    1.0067
-0.378204    1.0076
-0.376214    1.00849
-0.374223    1.00938
-0.372229    1.01027
-0.370233    1.01115
-0.368235    1.01202
-0.366236    1.01289
-0.364234    1.01375
-0.36223    1.01461
-0.360225    1.01547
-0.358217    1.01631
-0.356208    1.01716
-0.354197    1.01799
-0.352183    1.01883
-0.350168    1.01965
-0.348151    1.02048
-0.346132    1.02129
-0.344112    1.0221
-0.342089    1.02291
-0.340065    1.02371
-0.338038    1.0245
-0.33601    1.02529
-0.33398    1.02608
-0.331949    1.02686
-0.329915    1.02763
-0.32788    1.0284
-0.325843    1.02916
-0.323805    1.02992
-0.321764    1.03067
-0.319722    1.03142
-0.317678    1.03216
-0.315633    1.0329
-0.313585    1.03363
-0.311536    1.03436
-0.309486    1.03508
-0.307434    1.03579
-0.30538    1.0365
-0.303324    1.03721
-0.301267    1.0379
-0.299208    1.0386
-0.297148    1.03928
-0.295086    1.03997
-0.293022    1.04064
-0.290957    1.04132
-0.288891    1.04198
-0.286822    1.04264
-0.284753    1.0433
-0.282682    1.04395
-0.280609    1.04459
-0.278535    1.04523
-0.276459    1.04586
-0.274382    1.04649
-0.272303    1.04711
-0.270223    1.04773
-0.268141    1.04834
-0.266058    1.04895
-0.263974    1.04955
-0.261888    1.05014
-0.259801    1.05073
-0.257713    1.05131
-0.255623    1.05189
-0.253531    1.05247
-0.251439    1.05303
-0.249345    1.05359
-0.24725    1.05415
-0.245153    1.0547
-0.243055    1.05525
-0.240956    1.05579
-0.238856    1.05632
-0.236754    1.05685
-0.234651    1.05737
-0.232547    1.05789
-0.230442    1.0584
-0.228335    1.0589
-0.226227    1.05941
-0.224118    1.0599
-0.222008    1.06039
-0.219897    1.06087
-0.217785    1.06135
-0.215671    1.06182
-0.213556    1.06229
-0.21144    1.06275
-0.209324    1.06321
-0.207206    1.06366
-0.205087    1.0641
-0.202966    1.06454
-0.200845    1.06497
-0.198723    1.0654
-0.1966    1.06582
-0.194476    1.06624
-0.19235    1.06665
-0.190224    1.06705
-0.188097    1.06745
-0.185969    1.06785
-0.18384    1.06823
-0.18171    1.06862
-0.179579    1.06899
-0.177447    1.06936
-0.175314    1.06973
-0.17318    1.07009
-0.171046    1.07044
-0.168911    1.07079
-0.166774    1.07113
-0.164637    1.07147
-0.162499    1.0718
-0.160361    1.07213
-0.158221    1.07245
-0.156081    1.07276
-0.15394    1.07307
-0.151798    1.07337
-0.149655    1.07367
-0.147512    1.07396
-0.145368    1.07424
-0.143223    1.07452
-0.141078    1.0748
-0.138932    1.07507
-0.136785    1.07533
-0.134637    1.07559
-0.132489    1.07584
-0.130341    1.07608
-0.128191    1.07632
-0.126041    1.07656
-0.123891    1.07678
-0.12174    1.07701
-0.119588    1.07722
-0.117436    1.07743
-0.115283    1.07764
-0.11313    1.07784
-0.110976    1.07803
-0.108821    1.07822
-0.106667    1.0784
-0.104511    1.07858
-0.102356    1.07875
-0.100199    1.07892
-0.0980427    1.07907
-0.0958856    1.07923
-0.0937281    1.07938
-0.0915702    1.07952
-0.0894119    1.07965
-0.0872532    1.07978
-0.0850942    1.07991
-0.0829349    1.08003
-0.0807752    1.08014
-0.0786151    1.08025
-0.0764548    1.08035
-0.0742942    1.08045
-0.0721333    1.08054
-0.0699721    1.08062
-0.0678107    1.0807
-0.065649    1.08077
-0.0634871    1.08084
-0.061325    1.0809
-0.0591626    1.08095
-0.0570001    1.081
-0.0548374    1.08105
-0.0526746    1.08109
-0.0505115    1.08112
-0.0483484    1.08114
-0.0461851    1.08117
-0.0440217    1.08118
-0.0418582    1.08119
-0.0396946    1.08119
-0.037531    1.08119
-0.0353673    1.08118
-0.0332035    1.08117
-0.0310397    1.08115
-0.0288759    1.08112
-0.026712    1.08109
-0.0245482    1.08105
-0.0223844    1.08101
-0.0202206    1.08096
-0.0180569    1.08091
-0.0158932    1.08085
-0.0137296    1.08078
-0.0115661    1.08071
-0.00940269    1.08063
-0.00723938    1.08055
-0.00507619    1.08046
-0.00291313    1.08036
-0.000750219    1.08026
0.00141253    1.08015
0.0035751    1.08004
0.00573749    1.07992
0.00789967    1.0798
0.0100616    1.07967
0.0122234    1.07953
0.0143849    1.07939
0.0165461    1.07924
0.0187071    1.07909
0.0208678    1.07893
0.0230283    1.07877
0.0251884    1.0786
0.0273482    1.07842
0.0295076    1.07824
0.0316667    1.07805
0.0338255    1.07786
0.0359839    1.07766
0.0381419    1.07745
0.0402995    1.07724
0.0424567    1.07703
0.0446135    1.0768
0.0467699    1.07658
0.0489258    1.07634
0.0510812    1.0761
0.0532362    1.07586
0.0553906    1.0756
0.0575446    1.07535
0.0596981    1.07508
0.061851    1.07482
0.0640034    1.07454
0.0661553    1.07426
0.0683066    1.07398
0.0704573    1.07368
0.0726074    1.07339
0.0747569    1.07308
0.0769058    1.07277
0.0790541    1.07246
0.0812017    1.07214
0.0833487    1.07181
0.085495    1.07148
0.0876407    1.07114
0.0897856    1.0708
0.0919299    1.07045
0.0940734    1.0701
0.0962162    1.06973
0.0983582    1.06937
0.1005    1.069
0.10264    1.06862
0.10478    1.06823
0.106919    1.06785
0.109057    1.06745
0.111194    1.06705
0.113331    1.06664
0.115466    1.06623
0.117601    1.06581
0.119735    1.06539
0.121868    1.06496
0.124    1.06452
0.126131    1.06408
0.128262    1.06364
0.130391    1.06319
0.13252    1.06273
0.134647    1.06226
0.136773    1.06179
0.138899    1.06132
0.141024    1.06084
0.143147    1.06035
0.14527    1.05986
0.147391    1.05936
0.149511    1.05886
0.151631    1.05835
0.153749    1.05784
0.155866    1.05732
0.157982    1.05679
0.160097    1.05626
0.162211    1.05572
0.164324    1.05518
0.166436    1.05463
0.168546    1.05408
0.170655    1.05352
0.172764    1.05295
0.17487    1.05238
0.176976    1.0518
0.179081    1.05122
0.181184    1.05063
0.183286    1.05004
0.185387    1.04944
0.187486    1.04883
0.189584    1.04822
0.191681    1.04761
0.193777    1.04699
0.195871    1.04636
0.197964    1.04573
0.200056    1.04509
0.202146    1.04444
0.204235    1.04379
0.206323    1.04314
0.208409    1.04248
0.210494    1.04181
0.212577    1.04114
0.214659    1.04046
0.21674    1.03978
0.218819    1.03909
0.220896    1.0384
0.222972    1.0377
0.225047    1.03699
0.22712    1.03628
0.229192    1.03557
0.231262    1.03484
0.233331    1.03412
0.235398    1.03338
0.237463    1.03265
0.239527    1.0319
0.24159    1.03115
0.243651    1.0304
0.24571    1.02964
0.247767    1.02887
0.249823    1.0281
0.251878    1.02732
0.253931    1.02654
0.255982    1.02575
0.258031    1.02496
0.260079    1.02416
0.262125    1.02336
0.264169    1.02255
0.266212    1.02173
0.268253    1.02091
0.270292    1.02009
0.272329    1.01926
0.274365    1.01842
0.276399    1.01758
0.278431    1.01673
0.280462    1.01588
0.28249    1.01502
0.284517    1.01416
0.286542    1.01329
0.288565    1.01241
0.290586    1.01153
0.292606    1.01065
0.294623    1.00976
0.296639    1.00886
0.298653    1.00796
0.300664    1.00706
0.302674    1.00614
0.304682    1.00523
0.306689    1.0043
0.308693    1.00338
0.310695    1.00244
0.312695    1.00151
0.314694    1.00056
0.31669    0.999613
0.318684    0.998658
0.320677    0.997699
0.322667    0.996734
0.324655    0.995764
0.326641    0.994788
0.328626    0.993808
0.330608    0.992822
0.332588    0.991831
0.334566    0.990834
0.336542    0.989833
0.338516    0.988826
0.340487    0.987814
0.342457    0.986797
0.344424    0.985774
0.34639    0.984746
0.348353    0.983714
0.350314    0.982675
0.352273    0.981632
0.35423    0.980584
0.356184    0.97953
0.358136    0.978471
0.360086    0.977407
0.362034    0.976338
0.36398    0.975264
0.365923    0.974185
0.367865    0.9731
0.369803    0.972011
0.37174    0.970916
0.373674    0.969816
0.375606    0.968711
0.377536    0.967601
0.379464    0.966486
0.381389    0.965366
0.383312    0.964241
0.385232    0.96311
0.38715    0.961975
0.389066    0.960834
0.39098    0.959689
0.392891    0.958538
0.394799    0.957383
0.396706    0.956222
0.39861    0.955057
0.400511    0.953886
0.40241    0.95271
0.404307    0.95153
0.406201    0.950344
0.408093    0.949154
0.409982    0.947958
0.411869    0.946757
0.413753    0.945552
0.415635    0.944342
0.417515    0.943126
0.419392    0.941906
0.421266    0.940681
0.423138    0.93945
0.425007    0.938215
0.426874    0.936975
0.428738    0.935731
0.4306    0.934481
0.432459    0.933226
0.434316    0.931967
0.43617    0.930702
0.438021    0.929433
0.43987    0.928159
0.441716    0.92688
0.44356    0.925596
0.445401    0.924308
0.447239    0.923014
0.449075    0.921716
0.450908    0.920413
0.452739    0.919105
0.454566    0.917792
0.456391    0.916475
0.458214    0.915153
0.460034    0.913826
0.461851    0.912494
0.463665    0.911158
0.465477    0.909817
0.467286    0.908471
0.469092    0.90712
0.470895    0.905765
0.472696    0.904405
0.474494    0.90304
0.476289    0.901671
0.478082    0.900296
0.479871    0.898918
0.481658    0.897534
0.483442    0.896146
0.485223    0.894753
0.487002    0.893356
0.488778    0.891954
0.49055    0.890547
0.49232    0.889136
0.494088    0.88772
0.495852    0.8863
0.497614    0.884875
0.499372    0.883445
0.501128    0.882011
0.502881    0.880572
0.504631    0.879129
0.506378    0.877681
0.508122    0.876228
0.509864    0.874772
0.511602    0.87331
0.513338    0.871844
0.51507    0.870374
0.5168    0.868899
0.518527    0.867419
0.520251    0.865935
0.521971    0.864447
0.523689    0.862954
0.525404    0.861457
0.527116    0.859955
0.528825    0.858449
0.530531    0.856938
0.532234    0.855423
0.533934    0.853904
0.535631    0.85238
0.537325    0.850852
0.539016    0.849319
0.540704    0.847782
0.542389    0.846241
0.544071    0.844695
0.54575    0.843145
0.547426    0.841591
0.549099    0.840032
0.550768    0.838469
0.552435    0.836902
0.554099    0.83533
0.555759    0.833755
0.557417    0.832174
0.559071    0.83059
0.560722    0.829001
0.56237    0.827408
0.564015    0.825811
0.565657    0.82421
0.567296    0.822604
0.568932    0.820994
0.570564    0.81938
0.572194    0.817762
0.57382    0.816139
0.575443    0.814513
0.577063    0.812882
0.57868    0.811247
0.580293    0.809608
0.581904    0.807965
0.583511    0.806317
0.585115    0.804666
0.586716    0.80301
0.588314    0.801351
0.589909    0.799687
0.5915    0.798019
0.593088    0.796347
0.594673    0.794671
0.596255    0.792991
0.597833    0.791307
0.599408    0.789619
0.60098    0.787926
0.602549    0.78623
0.604115    0.78453
0.605677    0.782826
0.607236    0.781118
0.608792    0.779405
0.610344    0.777689
0.611893    0.775969
0.613439    0.774245
0.614982    0.772517
0.616521    0.770785
0.618058    0.769049
0.61959    0.76731
0.62112    0.765566
0.622646    0.763818
0.624169    0.762067
0.625689    0.760312
0.627205    0.758552
0.628718    0.756789
0.630228    0.755022
0.631734    0.753252
0.633237    0.751477
0.634737    0.749699
0.636233    0.747917
0.637726    0.746131
0.639216    0.744341
0.640702    0.742547
0.642185    0.74075
0.643665    0.738949
0.645141    0.737144
0.646614    0.735336
0.648083    0.733524
0.649549    0.731708
0.651012    0.729888
0.652471    0.728065
0.653927    0.726238
0.65538    0.724407
0.656829    0.722572
0.658275    0.720734
0.659717    0.718893
0.661156    0.717047
0.662592    0.715198
0.664024    0.713346
0.665453    0.71149
0.666878    0.70963
0.6683    0.707766
0.669719    0.705899
0.671134    0.704029
0.672545    0.702155
0.673954    0.700277
0.675358    0.698396
0.67676    0.696511
0.678158    0.694623
0.679552    0.692731
0.680943    0.690836
0.682331    0.688938
0.683715    0.687035
0.685095    0.68513
0.686472    0.683221
0.687846    0.681308
0.689216    0.679392
0.690583    0.677473
0.691947    0.67555
0.693306    0.673624
0.694663    0.671694
0.696016    0.669761
0.697365    0.667824
0.698711    0.665885
0.700053    0.663942
0.701392    0.661995
0.702728    0.660045
0.70406    0.658092
0.705388    0.656136
0.706713    0.654176
0.708035    0.652213
0.709353    0.650247
0.710667    0.648277
0.711978    0.646304
0.713286    0.644328
0.71459    0.642349
0.71589    0.640366
0.717187    0.63838
0.71848    0.636391
0.71977    0.634399
0.721057    0.632403
0.72234    0.630405
0.723619    0.628403
0.724895    0.626398
0.726167    0.62439
0.727436    0.622379
0.728701    0.620364
0.729963    0.618347
0.731221    0.616326
0.732475    0.614302
0.733727    0.612275
0.734974    0.610246
0.736218    0.608213
0.737459    0.606177
0.738696    0.604137
0.739929    0.602095
0.741159    0.60005
0.742385    0.598002
0.743608    0.595951
0.744827    0.593897
0.746043    0.591839
0.747255    0.589779
0.748463    0.587716
0.749668    0.58565
0.75087    0.583581
0.752068    0.581509
0.753262    0.579434
0.754453    0.577356
0.75564    0.575276
0.756824    0.573192
0.758004    0.571106
0.759181    0.569016
0.760354    0.566924
0.761523    0.564829
0.762689    0.562731
0.763851    0.56063
0.76501    0.558527
0.766165    0.55642
0.767317    0.554311
0.768465    0.552199
0.76961    0.550084
0.770751    0.547967
0.771888    0.545846
0.773022    0.543723
0.774152    0.541598
0.775279    0.539469
0.776402    0.537338
0.777522    0.535204
0.778638    0.533067
0.77975    0.530928
0.780859    0.528786
0.781964    0.526641
0.783066    0.524494
0.784164    0.522344
0.785259    0.520191
0.78635    0.518036
0.787438    0.515878
0.788522    0.513717
0.789602    0.511554
0.790679    0.509389
0.791752    0.50722
0.792822    0.50505
0.793888    0.502876
0.79495    0.5007
0.796009    0.498522
0.797065    0.496341
0.798117    0.494157
0.799165    0.491971
0.80021    0.489783
0.801251    0.487592
0.802289    0.485399
0.803323    0.483203
0.804354    0.481004
0.805381    0.478803
0.806404    0.4766
0.807424    0.474395
0.80844    0.472187
0.809453    0.469976
0.810462    0.467763
0.811468    0.465548
0.81247    0.46333
0.813469    0.461111
0.814464    0.458888
0.815455    0.456664
0.816443    0.454437
0.817428    0.452207
0.818409    0.449976
0.819386    0.447742
0.82036    0.445506
0.82133    0.443267
0.822297    0.441027
0.82326    0.438784
0.82422    0.436538
0.825176    0.434291
0.826128    0.432041
0.827077    0.429789
0.828023    0.427535
0.828965    0.425279
0.829903    0.423021
0.830838    0.42076
0.83177    0.418497
0.832698    0.416232
0.833622    0.413965
0.834543    0.411696
0.835461    0.409425
0.836374    0.407151
0.837285    0.404876
0.838192    0.402598
0.839095    0.400318
0.839995    0.398036
0.840891    0.395753
0.841784    0.393467
0.842673    0.391179
0.843559    0.388889
0.844442    0.386597
0.845321    0.384303
0.846196    0.382007
0.847068    0.379709
0.847936    0.377409
0.848801    0.375107
0.849663    0.372803
0.850521    0.370497
0.851375    0.368189
0.852226    0.36588
0.853074    0.363568
0.853918    0.361255
0.854759    0.358939
0.855596    0.356622
0.85643    0.354303
0.85726    0.351982
0.858087    0.349659
0.85891    0.347334
0.85973    0.345008
0.860546    0.342679
0.861359    0.340349
0.862169    0.338017
0.862975    0.335683
0.863778    0.333348
0.864577    0.33101
0.865373    0.328671
0.866165    0.32633
0.866954    0.323988
0.86774    0.321643
0.868522    0.319297
0.869301    0.31695
0.870076    0.3146
0.870848    0.312249
0.871617    0.309896
0.872382    0.307542
0.873144    0.305185
0.873902    0.302828
0.874657    0.300468
0.875409    0.298107
0.876157    0.295744
0.876902    0.29338
0.877643    0.291014
0.878381    0.288646
0.879116    0.286277
0.879847    0.283907
0.880575    0.281534
0.8813    0.279161
0.882021    0.276785
0.882739    0.274408
0.883453    0.27203
0.884165    0.26965
0.884872    0.267269
0.885577    0.264886
0.886278    0.262502
0.886976    0.260116
0.887671    0.257729
0.888362    0.25534
0.88905    0.25295
0.889734    0.250558
0.890416    0.248165
0.891094    0.245771
0.891768    0.243375
0.89244    0.240978
0.893108    0.238579
0.893773    0.236179
0.894434    0.233778
0.895092    0.231375
0.895747    0.228971
0.896399    0.226566
0.897047    0.224159
0.897693    0.221751
0.898334    0.219342
0.898973    0.216931
0.899609    0.214519
0.900241    0.212106
0.90087    0.209692
0.901495    0.207276
0.902118    0.204859
0.902737    0.202441
0.903353    0.200022
0.903966    0.197601
0.904575    0.19518
0.905182    0.192757
0.905785    0.190333
0.906385    0.187908
0.906982    0.185481
0.907575    0.183054
0.908166    0.180625
0.908753    0.178195
0.909337    0.175764
0.909918    0.173332
0.910495    0.170899
0.91107    0.168464
0.911641    0.166029
0.91221    0.163593
0.912775    0.161155
0.913337    0.158717
0.913895    0.156277
0.914451    0.153836
0.915004    0.151395
0.915553    0.148952
0.916099    0.146508
0.916643    0.144064
0.917183    0.141618
0.91772    0.139171
0.918254    0.136724
0.918785    0.134275
0.919312    0.131826
0.919837    0.129375
0.920359    0.126924
0.920877    0.124472
0.921393    0.122018
0.921905    0.119564
0.922414    0.117109
0.922921    0.114654
0.923424    0.112197
0.923924    0.109739
0.924422    0.107281
0.924916    0.104821
0.925407    0.102361
0.925895    0.0999004
0.92638    0.0974387
0.926862    0.0949761
0.927342    0.0925128
0.927818    0.0900487
0.928291    0.0875838
0.928761    0.0851181
0.929229    0.0826517
0.929693    0.0801845
0.930154    0.0777166
0.930613    0.075248
0.931068    0.0727786
0.931521    0.0703086
0.93197    0.0678378
0.932417    0.0653664
0.932861    0.0628942
0.933302    0.0604214
0.933739    0.057948
0.934174    0.0554739
0.934607    0.0529991
0.935036    0.0505238
0.935462    0.0480478
0.935886    0.0455711
0.936306    0.0430939
0.936724    0.0406161
0.937139    0.0381377
0.937551    0.0356587
0.93796    0.0331792
0.938366    0.0306991
0.93877    0.0282184
0.93917    0.0257372
0.939568    0.0232555
0.939963    0.0207732
0.940356    0.0182905
0.940745    0.0158072
0.941132    0.0133235
0.941516    0.0108392
0.941897    0.0083545
0.942275    0.00586932
0.94265    0.00338369
0.943023    0.000897601
0.943393    -0.00158892
0.94376    -0.00407587
0.944125    -0.00656325
0.944487    -0.00905103
0.944846    -0.0115392
0.945202    -0.0140278
0.945556    -0.0165168
0.945907    -0.0190061
0.946255    -0.0214958
0.946601    -0.0239859
0.946943    -0.0264763
0.947284    -0.028967
0.947621    -0.0314581
0.947956    -0.0339495
0.948288    -0.0364412
0.948618    -0.0389332
0.948945    -0.0414255
0.949269    -0.0439181
0.94959    -0.0464109
0.949909    -0.0489041
0.950226    -0.0513974
0.95054    -0.0538911
0.950851    -0.056385
0.951159    -0.0588791
0.951466    -0.0613734
0.951769    -0.0638679
0.95207    -0.0663627
0.952368    -0.0688576
0.952664    -0.0713527
0.952957    -0.0738481
0.953248    -0.0763435
0.953536    -0.0788392
0.953822    -0.081335
0.954105    -0.0838309
0.954385    -0.0863269
0.954663    -0.0888231
0.954939    -0.0913194
0.955212    -0.0938159
0.955483    -0.0963124
0.955751    -0.098809
0.956016    -0.101306
0.95628    -0.103802
0.95654    -0.106299
0.956799    -0.108796
0.957055    -0.111293
0.957308    -0.11379
0.957559    -0.116287
0.957808    -0.118784
0.958054    -0.121281
0.958298    -0.123778
0.958539    -0.126275
0.958778    -0.128772
0.959015    -0.131269
0.959249    -0.133766
0.959481    -0.136263
0.959711    -0.13876
0.959938    -0.141257
0.960163    -0.143753
0.960386    -0.14625
0.960606    -0.148747
0.960824    -0.151243
0.96104    -0.15374
0.961254    -0.156236
0.961465    -0.158732
0.961674    -0.161228
0.96188    -0.163724
0.962085    -0.16622
0.962287    -0.168716
0.962487    -0.171211
0.962684    -0.173707
0.96288    -0.176202
0.963073    -0.178697
0.963264    -0.181191
0.963453    -0.183686
0.963639    -0.18618
0.963824    -0.188675
0.964006    -0.191169
0.964186    -0.193662
0.964364    -0.196156
0.96454    -0.198649
0.964713    -0.201142
0.964885    -0.203635
0.965054    -0.206127
0.965221    -0.208619
0.965386    -0.211111
0.965549    -0.213603
0.96571    -0.216094
0.965869    -0.218585
0.966026    -0.221076
0.966181    -0.223566
0.966334    -0.226056
0.966484    -0.228546
0.966633    -0.231035
0.966779    -0.233524
0.966924    -0.236013
0.967066    -0.238501
0.967207    -0.240989
0.967345    -0.243476
0.967482    -0.245963
0.967617    -0.24845
0.967749    -0.250936
0.96788    -0.253422
0.968008    -0.255907
0.968135    -0.258392
0.96826    -0.260877
0.968383    -0.263361
0.968504    -0.265844
0.968623    -0.268327
0.96874    -0.27081
0.968855    -0.273292
0.968969    -0.275774
0.96908    -0.278255
0.96919    -0.280735
0.969298    -0.283216
0.969404    -0.285695
0.969508    -0.288174
0.96961    -0.290653
0.969711    -0.293131
0.96981    -0.295608
0.969906    -0.298085
0.970002    -0.300561
0.970095    -0.303037
0.970186    -0.305512
0.970276    -0.307987
0.970364    -0.310461
0.970451    -0.312934
0.970535    -0.315407
0.970618    -0.317879
0.970699    -0.32035
0.970779    -0.322821
0.970856    -0.325291
0.970932    -0.327761
0.971007    -0.33023
0.971079    -0.332698
0.971151    -0.335166
0.97122    -0.337633
0.971288    -0.340099
0.971354    -0.342564
0.971418    -0.345029
0.971481    -0.347493
0.971542    -0.349957
0.971602    -0.352419
0.97166    -0.354881
0.971717    -0.357342
0.971772    -0.359803
0.971825    -0.362262
0.971877    -0.364721
0.971927    -0.36718
0.971976    -0.369637
0.972024    -0.372094
0.972069    -0.374549
0.972114    -0.377004
0.972156    -0.379459
0.972198    -0.381912
0.972238    -0.384365
0.972276    -0.386816
0.972313    -0.389267
0.972349    -0.391718
0.972383    -0.394167
0.972415    -0.396615
0.972447    -0.399063
0.972476    -0.40151
0.972505    -0.403955
0.972532    -0.4064
0.972558    -0.408844
0.972582    -0.411288
0.972605    -0.41373
0.972627    -0.416171
0.972647    -0.418612
0.972666    -0.421051
0.972684    -0.42349
0.9727    -0.425928
0.972715    -0.428364
0.972729    -0.4308
0.972742    -0.433235
0.972753    -0.435669
0.972763    -0.438102
0.972772    -0.440534
0.972779    -0.442965
0.972786    -0.445395
0.972791    -0.447824
0.972795    -0.450252
0.972797    -0.452679
0.972799    -0.455105
0.972799    -0.45753
0.972798    -0.459954
0.972796    -0.462377
0.972793    -0.464799
0.972789    -0.467219
0.972784    -0.469639
0.972777    -0.472058
0.97277    -0.474476
0.972761    -0.476892
0.972751    -0.479308
0.97274    -0.481722
0.972729    -0.484135
0.972716    -0.486548
0.972702    -0.488959
0.972687    -0.491369
0.972671    -0.493778
0.972654    -0.496186
0.972636    -0.498592
0.972617    -0.500998
0.972597    -0.503402
0.972576    -0.505806
0.972554    -0.508208
0.972531    -0.510609
0.972507    -0.513009
0.972482    -0.515407
0.972456    -0.517805
0.97243    -0.520201
0.972402    -0.522596
0.972374    -0.52499
0.972345    -0.527383
0.972315    -0.529774
0.972284    -0.532164
0.972252    -0.534553
0.972219    -0.536941
0.972186    -0.539328
0.972151    -0.541713
0.972116    -0.544097
0.97208    -0.54648
0.972044    -0.548862
0.972006    -0.551242
0.971968    -0.553621
0.971929    -0.555999
0.971889    -0.558376
0.971849    -0.560751
0.971808    -0.563125
0.971766    -0.565497
0.971723    -0.567869
0.97168    -0.570239
0.971636    -0.572608
0.971591    -0.574975
0.971546    -0.577341
0.9715    -0.579706
0.971453    -0.582069
0.971406    -0.584432
0.971358    -0.586792
0.97131    -0.589152
0.971261    -0.59151
0.971211    -0.593866
0.971161    -0.596222
0.97111    -0.598576
0.971059    -0.600928
0.971007    -0.60328
0.970955    -0.605629
0.970902    -0.607978
0.970848    -0.610325
0.970794    -0.61267
0.97074    -0.615014
0.970685    -0.617357
0.970629    -0.619698
0.970574    -0.622038
0.970517    -0.624377
0.970461    -0.626714
0.970403    -0.629049
0.970346    -0.631384
0.970288    -0.633716
0.97023    -0.636047
0.970171    -0.638377
0.970112    -0.640705
0.970052    -0.643032
0.969992    -0.645357
0.969932    -0.647681
0.969872    -0.650004
0.969811    -0.652324
0.96975    -0.654644
0.969688    -0.656962
0.969626    -0.659278
0.969564    -0.661593
0.969502    -0.663906
0.96944    -0.666218
0.969377    -0.668528
0.969314    -0.670836
0.96925    -0.673143
0.969187    -0.675449
0.969123    -0.677753
0.969059    -0.680055
0.968995    -0.682356
0.968931    -0.684655
0.968867    -0.686953
0.968802    -0.689249
0.968738    -0.691544
0.968673    -0.693837
0.968608    -0.696128
0.968543    -0.698418
0.968478    -0.700706
0.968413    -0.702992
0.968347    -0.705277
0.968282    -0.707561
0.968217    -0.709842
0.968151    -0.712122
0.968086    -0.714401
0.96802    -0.716677
0.967955    -0.718952
0.967889    -0.721226
0.967824    -0.723498
0.967759    -0.725768
0.967693    -0.728036
0.967628    -0.730303
0.967563    -0.732568
0.967497    -0.734832
0.967432    -0.737093
0.967367    -0.739353
0.967302    -0.741612
0.967237    -0.743868
