-0.013078    0.824885
-0.0118655    0.826614
-0.0106497    0.828339
-0.00943055    0.830061
-0.00820801    0.831779
-0.00698209    0.833494
-0.00575279    0.835206
-0.00452012    0.836914
-0.00328407    0.838619
-0.00204464    0.840321
-0.000801834    0.842019
0.000444355    0.843714
0.00169393    0.845405
0.00294688    0.847093
0.00420322    0.848777
0.00546294    0.850458
0.00672605    0.852135
0.00799255    0.853809
0.00926243    0.855479
0.0105357    0.857146
0.0118124    0.858809
0.0130924    0.860469
0.0143759    0.862125
0.0156627    0.863778
0.0169529    0.865427
0.0182465    0.867072
0.0195436    0.868714
0.020844    0.870353
0.0221478    0.871988
0.023455    0.873619
0.0247656    0.875246
0.0260795    0.87687
0.0273969    0.87849
0.0287177    0.880107
0.0300419    0.88172
0.0313695    0.883329
0.0327004    0.884935
0.0340348    0.886537
0.0353726    0.888135
0.0367137    0.88973
0.0380583    0.891321
0.0394063    0.892908
0.0407576    0.894491
0.0421124    0.896071
0.0434706    0.897647
0.0448321    0.899219
0.0461971    0.900787
0.0475654    0.902352
0.0489372    0.903913
0.0503123    0.90547
0.0516909    0.907023
0.0530728    0.908572
0.0544582    0.910118
0.0558469    0.91166
0.057239    0.913197
0.0586346    0.914731
0.0600335    0.916262
0.0614358    0.917788
0.0628415    0.91931
0.0642506    0.920829
0.0656631    0.922344
0.067079    0.923854
0.0684983    0.925361
0.069921    0.926864
0.071347    0.928363
0.0727765    0.929858
0.0742093    0.931349
0.0756455    0.932836
0.0770851    0.934319
0.0785281    0.935798
0.0799745    0.937273
0.0814243    0.938744
0.0828774    0.940211
0.084334    0.941675
0.0857939    0.943134
0.0872572    0.944589
0.0887238    0.946039
0.0901939    0.947486
0.0916673    0.948929
0.0931441    0.950368
0.0946243    0.951802
0.0961078    0.953233
0.0975947    0.954659
0.099085    0.956082
0.100579    0.9575
0.102076    0.958914
0.103576    0.960324
0.10508    0.961729
0.106587    0.963131
0.108097    0.964528
0.109611    0.965922
0.111128    0.967311
0.112649    0.968695
0.114173    0.970076
0.1157    0.971452
0.11723    0.972824
0.118764    0.974192
0.120302    0.975556
0.121842    0.976915
0.123386    0.97827
0.124933    0.979621
0.126484    0.980967
0.128038    0.98231
0.129595    0.983647
0.131156    0.984981
0.13272    0.98631
0.134287    0.987635
0.135857    0.988956
0.137431    0.990272
0.139008    0.991583
0.140589    0.992891
0.142173    0.994194
0.14376    0.995493
0.14535    0.996787
0.146944    0.998077
0.148541    0.999362
0.150141    1.00064
0.151745    1.00192
0.153352    1.00319
0.154962    1.00446
0.156575    1.00572
0.158192    1.00698
0.159812    1.00823
0.161435    1.00948
0.163062    1.01073
0.164692    1.01197
0.166325    1.01321
0.167961    1.01444
0.169601    1.01566
0.171244    1.01689
0.17289    1.0181
0.174539    1.01932
0.176192    1.02053
0.177848    1.02173
0.179507    1.02293
0.181169    1.02412
0.182835    1.02531
0.184503    1.0265
0.186175    1.02768
0.187851    1.02886
0.189529    1.03003
0.191211    1.0312
0.192895    1.03236
0.194583    1.03352
0.196275    1.03467
0.197969    1.03582
0.199667    1.03696
0.201368    1.0381
0.203072    1.03923
0.204779    1.04036
0.206489    1.04149
0.208203    1.04261
0.209919    1.04372
0.211639    1.04483
0.213362    1.04594
0.215088    1.04704
0.216817    1.04813
0.21855    1.04922
0.220285    1.05031
0.222024    1.05139
0.223766    1.05247
0.225511    1.05354
0.227259    1.0546
0.22901    1.05566
0.230764    1.05672
0.232522    1.05777
0.234282    1.05882
0.236046    1.05986
0.237812    1.0609
0.239582    1.06193
0.241355    1.06296
0.243131    1.06398
0.244909    1.065
0.246691    1.06601
0.248476    1.06702
0.250265    1.06802
0.252056    1.06902
0.25385    1.07001
0.255647    1.07099
0.257447    1.07198
0.25925    1.07295
0.261057    1.07393
0.262866    1.07489
0.264678    1.07585
0.266493    1.07681
0.268312    1.07776
0.270133    1.07871
0.271957    1.07965
0.273784    1.08059
0.275614    1.08152
0.277447    1.08244
0.279284    1.08337
0.281122    1.08428
0.282964    1.08519
0.284809    1.0861
0.286657    1.087
0.288508    1.08789
0.290361    1.08878
0.292218    1.08967
0.294077    1.09055
0.29594    1.09142
0.297805    1.09229
0.299673    1.09315
0.301544    1.09401
0.303418    1.09486
0.305295    1.09571
0.307174    1.09655
0.309057    1.09739
0.310942    1.09822
0.31283    1.09905
0.314721    1.09987
0.316614    1.10069
0.318511    1.1015
0.32041    1.1023
0.322312    1.1031
0.324217    1.1039
0.326125    1.10469
0.328035    1.10547
0.329949    1.10625
0.331865    1.10702
0.333783    1.10779
0.335705    1.10855
0.337629    1.10931
0.339556    1.11006
0.341486    1.11081
0.343418    1.11155
0.345353    1.11228
0.347291    1.11301
0.349231    1.11373
0.351174    1.11445
0.35312    1.11517
0.355069    1.11587
0.35702    1.11658
0.358973    1.11727
0.36093    1.11796
0.362889    1.11865
0.36485    1.11933
0.366815    1.12
0.368782    1.12067
0.370751    1.12133
0.372723    1.12199
0.374698    1.12264
0.376675    1.12329
0.378654    1.12393
0.380637    1.12456
0.382622    1.12519
0.384609    1.12582
0.386599    1.12644
0.388591    1.12705
0.390586    1.12765
0.392583    1.12826
0.394583    1.12885
0.396586    1.12944
0.39859    1.13002
0.400598    1.1306
0.402607    1.13118
0.40462    1.13174
0.406634    1.1323
0.408651    1.13286
0.410671    1.13341
0.412692    1.13395
0.414717    1.13449
0.416743    1.13502
0.418772    1.13555
0.420804    1.13607
0.422837    1.13659
0.424873    1.13709
0.426912    1.1376
0.428952    1.1381
0.430995    1.13859
0.433041    1.13907
0.435088    1.13955
0.437138    1.14003
0.43919    1.1405
0.441245    1.14096
0.443301    1.14141
0.44536    1.14186
0.447421    1.14231
0.449485    1.14275
0.45155    1.14318
0.453618    1.14361
0.455688    1.14403
0.45776    1.14444
0.459834    1.14485
0.461911    1.14526
0.463989    1.14565
0.46607    1.14605
0.468153    1.14643
0.470238    1.14681
0.472325    1.14718
0.474414    1.14755
0.476505    1.14791
0.478599    1.14827
0.480694    1.14862
0.482791    1.14896
0.484891    1.1493
0.486992    1.14963
0.489096    1.14996
0.491201    1.15028
0.493308    1.15059
0.495418    1.1509
0.497529    1.1512
0.499642    1.15149
0.501758    1.15178
0.503875    1.15206
0.505994    1.15234
0.508115    1.15261
0.510238    1.15288
0.512363    1.15313
0.514489    1.15339
0.516618    1.15363
0.518748    1.15387
0.52088    1.15411
0.523014    1.15433
0.52515    1.15456
0.527288    1.15477
0.529427    1.15498
0.531568    1.15518
0.533711    1.15538
0.535856    1.15557
0.538002    1.15576
0.540151    1.15593
0.5423    1.15611
0.544452    1.15627
0.546605    1.15643
0.54876    1.15658
0.550917    1.15673
0.553075    1.15687
0.555235    1.15701
0.557396    1.15714
0.559559    1.15726
0.561724    1.15737
0.56389    1.15748
0.566058    1.15759
0.568227    1.15768
0.570398    1.15777
0.57257    1.15786
0.574744    1.15794
0.57692    1.15801
0.579097    1.15807
0.581275    1.15813
0.583455    1.15819
0.585636    1.15823
0.587819    1.15827
0.590003    1.15831
0.592189    1.15833
0.594376    1.15835
0.596564    1.15837
0.598754    1.15838
0.600945    1.15838
0.603137    1.15838
0.605331    1.15837
0.607526    1.15835
