-0.533996    -1.19491
-0.532874    -1.19365
-0.531755    -1.19239
-0.530639    -1.19112
-0.529528    -1.18985
-0.52842    -1.18857
-0.527315    -1.18729
-0.526214    -1.18601
-0.525116    -1.18473
-0.524022    -1.18344
-0.522931    -1.18214
-0.521844    -1.18085
-0.52076    -1.17955
-0.51968    -1.17825
-0.518604    -1.17694
-0.51753    -1.17563
-0.516461    -1.17431
-0.515394    -1.173
-0.514332    -1.17167
-0.513272    -1.17035
-0.512217    -1.16902
-0.511164    -1.16769
-0.510115    -1.16636
-0.50907    -1.16502
-0.508028    -1.16367
-0.506989    -1.16233
-0.505954    -1.16098
-0.504923    -1.15963
-0.503894    -1.15827
-0.50287    -1.15691
-0.501848    -1.15555
-0.50083    -1.15418
-0.499816    -1.15281
-0.498805    -1.15144
-0.497797    -1.15006
-0.496793    -1.14868
-0.495792    -1.1473
-0.494794    -1.14591
-0.4938    -1.14452
-0.492809    -1.14313
-0.491822    -1.14173
-0.490838    -1.14033
-0.489857    -1.13893
-0.48888    -1.13752
-0.487906    -1.13611
-0.486936    -1.1347
-0.485968    -1.13328
-0.485005    -1.13186
-0.484044    -1.13044
-0.483087    -1.12901
-0.482133    -1.12758
-0.481183    -1.12615
-0.480235    -1.12471
-0.479292    -1.12327
-0.478351    -1.12183
-0.477414    -1.12038
-0.47648    -1.11893
-0.475549    -1.11748
-0.474622    -1.11602
-0.473698    -1.11456
-0.472777    -1.1131
-0.47186    -1.11164
-0.470946    -1.11017
-0.470035    -1.10869
-0.469127    -1.10722
-0.468223    -1.10574
-0.467321    -1.10426
-0.466423    -1.10277
-0.465529    -1.10129
-0.464637    -1.0998
-0.463749    -1.0983
-0.462864    -1.0968
-0.461982    -1.0953
-0.461104    -1.0938
-0.460229    -1.09229
-0.459357    -1.09078
-0.458488    -1.08927
-0.457622    -1.08776
-0.456759    -1.08624
-0.4559    -1.08471
-0.455044    -1.08319
-0.454191    -1.08166
-0.453341    -1.08013
-0.452494    -1.07859
-0.451651    -1.07706
-0.45081    -1.07552
-0.449973    -1.07397
-0.449139    -1.07243
-0.448308    -1.07088
-0.44748    -1.06933
-0.446656    -1.06777
-0.445834    -1.06621
-0.445016    -1.06465
-0.4442    -1.06309
-0.443388    -1.06152
-0.442579    -1.05995
-0.441773    -1.05837
-0.44097    -1.0568
-0.44017    -1.05522
-0.439373    -1.05364
-0.438579    -1.05205
-0.437789    -1.05046
-0.437001    -1.04887
-0.436216    -1.04728
-0.435435    -1.04568
-0.434656    -1.04408
-0.433881    -1.04248
-0.433108    -1.04087
-0.432339    -1.03926
-0.431572    -1.03765
-0.430809    -1.03604
-0.430048    -1.03442
-0.429291    -1.0328
-0.428536    -1.03118
-0.427785    -1.02955
-0.427036    -1.02792
-0.42629    -1.02629
-0.425548    -1.02466
-0.424808    -1.02302
-0.424071    -1.02138
-0.423338    -1.01974
-0.422607    -1.01809
-0.421879    -1.01645
-0.421154    -1.01479
-0.420432    -1.01314
-0.419712    -1.01148
-0.418996    -1.00982
-0.418283    -1.00816
-0.417572    -1.0065
-0.416865    -1.00483
-0.41616    -1.00316
-0.415458    -1.00149
-0.414759    -0.99981
-0.414063    -0.998132
-0.41337    -0.99645
-0.412679    -0.994766
-0.411992    -0.993079
-0.411307    -0.99139
-0.410625    -0.989697
-0.409946    -0.988002
-0.409269    -0.986305
-0.408596    -0.984604
-0.407925    -0.982901
-0.407257    -0.981195
-0.406592    -0.979487
-0.40593    -0.977776
-0.40527    -0.976062
-0.404613    -0.974346
-0.403959    -0.972627
-0.403308    -0.970905
-0.402659    -0.969181
-0.402014    -0.967454
-0.40137    -0.965724
-0.40073    -0.963992
-0.400092    -0.962257
-0.399457    -0.96052
-0.398825    -0.95878
-0.398196    -0.957037
-0.397569    -0.955292
-0.396945    -0.953544
-0.396323    -0.951794
-0.395704    -0.950041
-0.395088    -0.948285
-0.394475    -0.946527
-0.393864    -0.944767
-0.393255    -0.943003
-0.39265    -0.941238
-0.392047    -0.939469
-0.391447    -0.937699
-0.390849    -0.935925
-0.390254    -0.934149
-0.389661    -0.932371
-0.389071    -0.93059
-0.388484    -0.928806
-0.387899    -0.92702
-0.387317    -0.925232
-0.386737    -0.923441
-0.38616    -0.921648
-0.385586    -0.919852
-0.385013    -0.918053
-0.384444    -0.916252
-0.383877    -0.914449
-0.383313    -0.912643
-0.382751    -0.910835
-0.382191    -0.909024
-0.381634    -0.907211
-0.38108    -0.905395
-0.380528    -0.903577
-0.379979    -0.901757
-0.379432    -0.899934
-0.378887    -0.898108
-0.378345    -0.896281
-0.377805    -0.89445
-0.377268    -0.892618
-0.376733    -0.890783
-0.376201    -0.888946
-0.375671    -0.887106
-0.375143    -0.885264
-0.374618    -0.883419
-0.374096    -0.881572
-0.373575    -0.879723
-0.373057    -0.877871
-0.372542    -0.876017
-0.372028    -0.874161
-0.371517    -0.872302
-0.371009    -0.870441
-0.370503    -0.868578
-0.369999    -0.866712
-0.369497    -0.864844
-0.368998    -0.862974
-0.368501    -0.861101
-0.368007    -0.859226
-0.367514    -0.857348
-0.367024    -0.855469
-0.366537    -0.853587
-0.366051    -0.851703
-0.365568    -0.849816
-0.365087    -0.847927
-0.364608    -0.846036
-0.364132    -0.844143
-0.363658    -0.842247
-0.363186    -0.84035
-0.362716    -0.838449
-0.362248    -0.836547
-0.361783    -0.834642
-0.36132    -0.832735
-0.360859    -0.830826
-0.3604    -0.828915
-0.359943    -0.827001
-0.359489    -0.825086
-0.359036    -0.823168
-0.358586    -0.821247
-0.358138    -0.819325
-0.357692    -0.8174
-0.357249    -0.815473
-0.356807    -0.813544
-0.356367    -0.811613
-0.35593    -0.80968
-0.355495    -0.807744
-0.355061    -0.805806
-0.35463    -0.803866
-0.354201    -0.801924
-0.353774    -0.79998
-0.353349    -0.798033
-0.352926    -0.796085
-0.352505    -0.794134
-0.352086    -0.792181
-0.351669    -0.790226
-0.351254    -0.788269
-0.350841    -0.78631
-0.350431    -0.784348
-0.350022    -0.782385
-0.349615    -0.780419
-0.34921    -0.778452
-0.348807    -0.776482
-0.348406    -0.77451
-0.348007    -0.772536
-0.34761    -0.77056
-0.347214    -0.768582
-0.346821    -0.766601
-0.34643    -0.764619
-0.34604    -0.762635
-0.345653    -0.760648
-0.345267    -0.75866
-0.344883    -0.756669
-0.344501    -0.754677
-0.344121    -0.752682
-0.343743    -0.750685
-0.343367    -0.748686
-0.342992    -0.746686
-0.34262    -0.744683
-0.342249    -0.742678
-0.34188    -0.740671
-0.341513    -0.738663
-0.341147    -0.736652
-0.340784    -0.734639
-0.340422    -0.732624
-0.340062    -0.730607
-0.339704    -0.728589
-0.339347    -0.726568
-0.338992    -0.724545
-0.338639    -0.72252
-0.338288    -0.720494
-0.337938    -0.718465
-0.33759    -0.716434
-0.337244    -0.714402
-0.3369    -0.712367
-0.336557    -0.710331
-0.336216    -0.708293
-0.335877    -0.706252
-0.335539    -0.70421
-0.335203    -0.702166
-0.334868    -0.70012
-0.334536    -0.698072
-0.334204    -0.696022
-0.333875    -0.69397
-0.333547    -0.691917
-0.333221    -0.689861
-0.332896    -0.687804
-0.332573    -0.685744
-0.332251    -0.683683
-0.331931    -0.68162
-0.331613    -0.679555
-0.331296    -0.677488
-0.330981    -0.67542
-0.330667    -0.673349
-0.330355    -0.671277
-0.330044    -0.669203
-0.329735    -0.667126
-0.329427    -0.665049
-0.329121    -0.662969
-0.328816    -0.660887
-0.328513    -0.658804
-0.328211    -0.656719
-0.327911    -0.654632
-0.327612    -0.652543
-0.327315    -0.650453
-0.327019    -0.64836
-0.326724    -0.646266
-0.326431    -0.64417
-0.326139    -0.642072
-0.325849    -0.639973
-0.32556    -0.637872
-0.325273    -0.635769
-0.324987    -0.633664
-0.324702    -0.631557
-0.324418    -0.629449
-0.324136    -0.627339
-0.323856    -0.625227
-0.323576    -0.623114
-0.323298    -0.620999
-0.323021    -0.618882
-0.322746    -0.616763
-0.322472    -0.614643
-0.322199    -0.612521
-0.321927    -0.610397
-0.321657    -0.608272
-0.321388    -0.606144
-0.32112    -0.604016
-0.320853    -0.601885
-0.320588    -0.599753
-0.320324    -0.597619
-0.320061    -0.595483
-0.319799    -0.593346
-0.319539    -0.591207
-0.31928    -0.589067
-0.319021    -0.586925
-0.318764    -0.584781
-0.318509    -0.582636
-0.318254    -0.580489
-0.318001    -0.57834
-0.317748    -0.57619
-0.317497    -0.574038
-0.317247    -0.571884
-0.316998    -0.569729
-0.31675    -0.567572
-0.316503    -0.565414
-0.316258    -0.563254
-0.316013    -0.561093
-0.315769    -0.55893
-0.315527    -0.556765
-0.315286    -0.554599
-0.315045    -0.552431
-0.314806    -0.550262
-0.314567    -0.548091
-0.31433    -0.545918
-0.314094    -0.543744
-0.313858    -0.541569
-0.313624    -0.539392
-0.313391    -0.537213
-0.313158    -0.535033
-0.312927    -0.532852
-0.312696    -0.530669
-0.312467    -0.528484
-0.312238    -0.526298
-0.31201    -0.52411
-0.311784    -0.521921
-0.311558    -0.519731
-0.311333    -0.517539
-0.311109    -0.515345
-0.310885    -0.51315
-0.310663    -0.510954
-0.310442    -0.508756
-0.310221    -0.506557
-0.310001    -0.504356
-0.309782    -0.502154
-0.309564    -0.49995
-0.309347    -0.497745
-0.30913    -0.495538
-0.308914    -0.49333
-0.3087    -0.491121
-0.308485    -0.48891
-0.308272    -0.486698
-0.308059    -0.484485
-0.307848    -0.48227
-0.307636    -0.480054
-0.307426    -0.477836
-0.307216    -0.475617
-0.307007    -0.473396
-0.306799    -0.471175
-0.306592    -0.468952
-0.306385    -0.466727
-0.306179    -0.464501
-0.305973    -0.462274
-0.305768    -0.460046
-0.305564    -0.457816
-0.30536    -0.455585
-0.305157    -0.453352
-0.304955    -0.451119
-0.304753    -0.448884
-0.304552    -0.446647
-0.304352    -0.44441
-0.304152    -0.442171
-0.303953    -0.43993
-0.303754    -0.437689
-0.303556    -0.435446
-0.303358    -0.433202
-0.303161    -0.430957
-0.302964    -0.42871
-0.302768    -0.426463
-0.302573    -0.424214
-0.302378    -0.421963
-0.302183    -0.419712
-0.301989    -0.417459
-0.301796    -0.415205
-0.301603    -0.41295
-0.30141    -0.410694
-0.301218    -0.408436
-0.301026    -0.406178
-0.300835    -0.403918
-0.300644    -0.401657
-0.300453    -0.399395
-0.300263    -0.397131
-0.300074    -0.394867
-0.299884    -0.392601
-0.299695    -0.390334
-0.299507    -0.388066
-0.299319    -0.385797
-0.299131    -0.383527
-0.298943    -0.381255
-0.298756    -0.378983
-0.298569    -0.376709
-0.298383    -0.374434
-0.298197    -0.372158
-0.298011    -0.369881
-0.297825    -0.367603
-0.29764    -0.365324
-0.297455    -0.363044
-0.29727    -0.360763
-0.297085    -0.35848
-0.296901    -0.356197
-0.296717    -0.353913
-0.296533    -0.351627
-0.296349    -0.349341
-0.296165    -0.347053
-0.295982    -0.344764
-0.295799    -0.342475
-0.295616    -0.340184
-0.295433    -0.337893
-0.295251    -0.3356
-0.295068    -0.333306
-0.294886    -0.331012
-0.294703    -0.328716
-0.294521    -0.32642
-0.294339    -0.324122
-0.294157    -0.321824
-0.293976    -0.319524
-0.293794    -0.317224
-0.293612    -0.314922
-0.293431    -0.31262
-0.293249    -0.310317
-0.293068    -0.308013
-0.292886    -0.305708
-0.292705    -0.303402
-0.292523    -0.301095
-0.292342    -0.298787
-0.29216    -0.296478
-0.291979    -0.294169
-0.291798    -0.291858
-0.291616    -0.289547
-0.291435    -0.287235
-0.291253    -0.284922
-0.291071    -0.282608
-0.29089    -0.280293
-0.290708    -0.277978
-0.290526    -0.275661
-0.290344    -0.273344
-0.290162    -0.271026
-0.28998    -0.268707
-0.289798    -0.266388
-0.289615    -0.264067
-0.289433    -0.261746
-0.28925    -0.259424
-0.289067    -0.257101
-0.288884    -0.254778
-0.288701    -0.252453
-0.288517    -0.250128
-0.288334    -0.247802
-0.28815    -0.245476
-0.287966    -0.243148
-0.287782    -0.24082
-0.287597    -0.238492
-0.287413    -0.236162
-0.287228    -0.233832
-0.287042    -0.231501
-0.286857    -0.229169
-0.286671    -0.226837
-0.286485    -0.224504
-0.286299    -0.22217
-0.286112    -0.219836
-0.285925    -0.217501
-0.285738    -0.215165
-0.28555    -0.212829
-0.285362    -0.210492
-0.285174    -0.208155
-0.284985    -0.205816
-0.284796    -0.203478
-0.284607    -0.201138
-0.284417    -0.198798
-0.284227    -0.196457
-0.284036    -0.194116
-0.283845    -0.191774
-0.283654    -0.189432
-0.283462    -0.187089
-0.283269    -0.184746
-0.283076    -0.182401
-0.282883    -0.180057
-0.282689    -0.177712
-0.282495    -0.175366
-0.2823    -0.17302
-0.282105    -0.170673
-0.28191    -0.168326
-0.281713    -0.165978
-0.281517    -0.16363
-0.281319    -0.161281
-0.281121    -0.158932
-0.280923    -0.156582
-0.280724    -0.154232
-0.280525    -0.151881
-0.280324    -0.14953
-0.280124    -0.147179
-0.279922    -0.144827
-0.27972    -0.142474
-0.279518    -0.140121
-0.279315    -0.137768
-0.279111    -0.135414
-0.278907    -0.13306
-0.278701    -0.130706
-0.278496    -0.128351
-0.278289    -0.125996
-0.278082    -0.12364
-0.277874    -0.121284
-0.277666    -0.118928
-0.277457    -0.116571
-0.277247    -0.114214
-0.277036    -0.111856
-0.276825    -0.109499
-0.276613    -0.107141
-0.2764    -0.104782
-0.276186    -0.102424
-0.275972    -0.100065
-0.275757    -0.0977055
-0.275541    -0.095346
-0.275324    -0.0929862
-0.275106    -0.0906261
-0.274888    -0.0882657
-0.274669    -0.0859051
-0.274449    -0.0835443
-0.274228    -0.0811832
-0.274006    -0.0788219
-0.273783    -0.0764604
-0.27356    -0.0740986
-0.273336    -0.0717367
-0.27311    -0.0693745
-0.272884    -0.0670121
-0.272657    -0.0646496
-0.272429    -0.0622869
-0.2722    -0.059924
-0.27197    -0.0575609
-0.27174    -0.0551977
-0.271508    -0.0528344
-0.271275    -0.0504709
-0.271042    -0.0481073
-0.270807    -0.0457435
-0.270571    -0.0433797
-0.270335    -0.0410157
-0.270097    -0.0386516
-0.269859    -0.0362874
-0.269619    -0.0339232
-0.269378    -0.0315589
-0.269137    -0.0291945
-0.268894    -0.02683
-0.26865    -0.0244655
-0.268405    -0.0221009
-0.268159    -0.0197363
-0.267912    -0.0173717
-0.267664    -0.0150071
-0.267415    -0.0126424
-0.267165    -0.0102777
-0.266913    -0.00791305
-0.266661    -0.00554838
-0.266407    -0.00318374
-0.266152    -0.000819117
-0.265896    0.00154547
-0.265639    0.00391002
-0.265381    0.00627452
-0.265121    0.00863896
-0.264861    0.0110033
-0.264599    0.0133676
-0.264336    0.0157319
-0.264071    0.018096
-0.263806    0.0204601
-0.263539    0.022824
-0.263271    0.0251878
-0.263002    0.0275515
-0.262731    0.0299151
-0.26246    0.0322785
-0.262187    0.0346418
-0.261912    0.037005
-0.261637    0.039368
-0.26136    0.0417308
-0.261082    0.0440934
-0.260802    0.0464559
-0.260521    0.0488181
-0.260239    0.0511802
-0.259956    0.0535421
-0.259671    0.0559037
-0.259385    0.0582651
-0.259097    0.0606263
-0.258808    0.0629872
-0.258518    0.0653479
-0.258226    0.0677084
-0.257933    0.0700685
-0.257638    0.0724284
-0.257342    0.074788
-0.257045    0.0771474
-0.256746    0.0795064
-0.256446    0.0818651
-0.256144    0.0842235
-0.255841    0.0865816
-0.255536    0.0889394
-0.25523    0.0912968
-0.254922    0.0936539
-0.254613    0.0960106
-0.254303    0.0983669
-0.25399    0.100723
-0.253677    0.103079
-0.253362    0.105434
-0.253045    0.107789
-0.252727    0.110143
-0.252407    0.112497
-0.252086    0.114851
-0.251763    0.117204
-0.251438    0.119556
-0.251112    0.121909
-0.250784    0.12426
-0.250455    0.126612
-0.250124    0.128963
-0.249792    0.131313
-0.249458    0.133663
-0.249122    0.136012
-0.248784    0.138361
-0.248445    0.14071
-0.248105    0.143058
-0.247762    0.145405
-0.247418    0.147752
-0.247073    0.150098
-0.246725    0.152444
-0.246376    0.154789
-0.246025    0.157134
-0.245673    0.159478
-0.245318    0.161821
-0.244962    0.164164
-0.244605    0.166506
-0.244245    0.168848
-0.243884    0.171189
-0.243521    0.173529
-0.243156    0.175869
-0.24279    0.178208
-0.242421    0.180546
-0.242051    0.182884
-0.241679    0.185221
-0.241305    0.187558
-0.24093    0.189894
-0.240553    0.192229
-0.240173    0.194563
-0.239792    0.196897
-0.239409    0.19923
-0.239025    0.201562
-0.238638    0.203893
-0.23825    0.206224
-0.237859    0.208554
-0.237467    0.210883
-0.237073    0.213211
-0.236677    0.215539
-0.236279    0.217866
-0.235879    0.220192
-0.235477    0.222517
-0.235073    0.224842
-0.234668    0.227165
-0.23426    0.229488
-0.23385    0.23181
-0.233439    0.234131
-0.233025    0.236451
-0.23261    0.238771
-0.232192    0.241089
-0.231773    0.243407
-0.231351    0.245724
-0.230928    0.24804
-0.230502    0.250355
-0.230075    0.252669
-0.229645    0.254982
-0.229213    0.257294
-0.22878    0.259605
-0.228344    0.261915
-0.227906    0.264225
-0.227466    0.266533
-0.227024    0.26884
-0.22658    0.271147
-0.226134    0.273452
-0.225686    0.275757
-0.225236    0.27806
-0.224783    0.280363
-0.224329    0.282664
-0.223872    0.284964
-0.223413    0.287264
-0.222952    0.289562
-0.222489    0.291859
-0.222024    0.294155
-0.221556    0.29645
-0.221087    0.298744
-0.220615    0.301037
-0.220141    0.303329
-0.219665    0.305619
-0.219186    0.307909
-0.218706    0.310197
-0.218223    0.312485
-0.217738    0.314771
-0.217251    0.317056
-0.216761    0.31934
-0.216269    0.321622
-0.215775    0.323904
-0.215279    0.326184
-0.214781    0.328463
-0.21428    0.330741
-0.213777    0.333018
-0.213271    0.335293
-0.212764    0.337567
-0.212254    0.33984
-0.211742    0.342112
-0.211227    0.344383
-0.21071    0.346652
-0.210191    0.34892
-0.209669    0.351187
-0.209145    0.353452
-0.208619    0.355716
-0.208091    0.357979
-0.20756    0.36024
-0.207026    0.3625
-0.206491    0.364759
-0.205953    0.367017
-0.205412    0.369273
-0.204869    0.371528
-0.204324    0.373781
-0.203776    0.376033
-0.203226    0.378284
-0.202674    0.380533
-0.202119    0.382781
-0.201561    0.385027
-0.201002    0.387272
-0.200439    0.389516
-0.199875    0.391758
-0.199307    0.393999
-0.198738    0.396238
-0.198166    0.398476
-0.197591    0.400712
-0.197014    0.402947
-0.196434    0.40518
-0.195852    0.407412
-0.195268    0.409642
-0.194681    0.411871
-0.194091    0.414099
-0.193499    0.416324
-0.192904    0.418549
-0.192307    0.420771
-0.191707    0.422992
-0.191105    0.425212
-0.1905    0.42743
-0.189893    0.429646
-0.189283    0.431861
-0.18867    0.434075
-0.188055    0.436286
-0.187437    0.438496
-0.186817    0.440705
-0.186194    0.442911
-0.185568    0.445116
-0.18494    0.44732
-0.184309    0.449522
-0.183676    0.451722
-0.18304    0.45392
-0.182401    0.456117
-0.18176    0.458312
-0.181116    0.460506
-0.180469    0.462697
-0.17982    0.464887
-0.179168    0.467075
-0.178513    0.469262
-0.177856    0.471447
-0.177196    0.47363
-0.176533    0.475811
-0.175868    0.47799
-0.1752    0.480168
-0.174529    0.482344
-0.173855    0.484518
-0.173179    0.48669
-0.1725    0.48886
-0.171819    0.491029
-0.171134    0.493196
-0.170447    0.495361
-0.169757    0.497524
-0.169064    0.499685
-0.168369    0.501845
-0.167671    0.504002
-0.16697    0.506158
-0.166266    0.508311
-0.16556    0.510463
-0.16485    0.512613
-0.164138    0.514761
-0.163423    0.516907
-0.162706    0.519051
-0.161985    0.521193
-0.161262    0.523334
-0.160536    0.525472
-0.159807    0.527608
-0.159075    0.529742
-0.15834    0.531875
-0.157603    0.534005
-0.156862    0.536133
-0.156119    0.53826
-0.155373    0.540384
-0.154624    0.542506
-0.153872    0.544626
-0.153118    0.546744
-0.15236    0.54886
-0.1516    0.550974
-0.150836    0.553086
-0.15007    0.555196
-0.149301    0.557304
-0.148529    0.55941
-0.147754    0.561513
-0.146976    0.563615
-0.146196    0.565714
-0.145412    0.567811
-0.144625    0.569906
-0.143836    0.571999
-0.143043    0.57409
-0.142248    0.576178
-0.14145    0.578264
-0.140648    0.580348
-0.139844    0.58243
-0.139037    0.58451
-0.138227    0.586588
-0.137414    0.588663
-0.136597    0.590736
-0.135778    0.592807
-0.134956    0.594875
-0.134131    0.596942
-0.133303    0.599006
-0.132472    0.601067
-0.131638    0.603127
-0.130801    0.605184
-0.12996    0.607239
-0.129117    0.609291
-0.128271    0.611342
-0.127422    0.613389
-0.12657    0.615435
-0.125714    0.617478
-0.124856    0.619519
-0.123995    0.621558
-0.12313    0.623594
-0.122263    0.625627
-0.121392    0.627659
-0.120519    0.629688
-0.119642    0.631714
-0.118762    0.633738
-0.11788    0.63576
-0.116994    0.637779
-0.116105    0.639796
-0.115213    0.64181
-0.114317    0.643822
-0.113419    0.645831
-0.112518    0.647838
-0.111613    0.649843
-0.110706    0.651845
-0.109795    0.653844
-0.108881    0.655841
-0.107964    0.657835
-0.107044    0.659827
-0.106121    0.661816
-0.105195    0.663803
-0.104266    0.665787
-0.103333    0.667769
-0.102397    0.669748
-0.101458    0.671724
-0.100516    0.673698
-0.0995712    0.675669
-0.0986228    0.677638
-0.0976714    0.679604
-0.0967167    0.681567
-0.0957589    0.683528
-0.0947978    0.685486
-0.0938337    0.687441
-0.0928663    0.689394
-0.0918957    0.691344
-0.090922    0.693291
-0.0899451    0.695236
-0.088965    0.697178
-0.0879816    0.699117
-0.0869951    0.701054
-0.0860054    0.702988
-0.0850124    0.704919
-0.0840163    0.706847
-0.0830169    0.708773
-0.0820143    0.710695
-0.0810085    0.712615
-0.0799995    0.714533
-0.0789873    0.716447
-0.0779718    0.718359
-0.076953    0.720267
-0.0759311    0.722173
-0.0749059    0.724077
-0.0738774    0.725977
-0.0728457    0.727874
-0.0718108    0.729769
-0.0707726    0.731661
-0.0697312    0.73355
-0.0686864    0.735435
-0.0676385    0.737319
-0.0665872    0.739199
-0.0655327    0.741076
-0.064475    0.74295
-0.0634139    0.744822
-0.0623496    0.74669
-0.061282    0.748556
-0.0602111    0.750418
-0.059137    0.752278
-0.0580595    0.754135
-0.0569788    0.755988
-0.0558947    0.757839
-0.0548074    0.759687
-0.0537168    0.761531
-0.0526229    0.763373
-0.0515257    0.765212
-0.0504251    0.767047
-0.0493213    0.76888
-0.0482142    0.770709
-0.0471037    0.772536
-0.04599    0.774359
-0.0448729    0.776179
-0.0437525    0.777996
-0.0426288    0.77981
-0.0415017    0.781621
-0.0403713    0.783429
-0.0392377    0.785234
-0.0381006    0.787035
-0.0369603    0.788834
-0.0358166    0.790629
-0.0346696    0.792421
-0.0335192    0.79421
-0.0323655    0.795995
-0.0312085    0.797778
-0.0300481    0.799557
-0.0288844    0.801333
-0.0277173    0.803106
-0.0265469    0.804876
-0.0253731    0.806642
-0.024196    0.808405
-0.0230155    0.810165
-0.0218317    0.811922
-0.0206445    0.813675
-0.0194539    0.815425
-0.01826    0.817172
-0.0170628    0.818916
-0.0158621    0.820656
-0.0146581    0.822393
-0.0134508    0.824126
-0.01224    0.825856
-0.0110259    0.827583
-0.00980845    0.829306
-0.0085876    0.831026
-0.00736338    0.832743
-0.00613579    0.834456
-0.00490482    0.836166
-0.00367047    0.837873
-0.00243275    0.839576
-0.00119164    0.841276
5.2841e-05    0.842972
0.00130071    0.844665
0.00255196    0.846354
0.00380659    0.84804
