-0.742063    -1.07654
-0.741761    -1.07466
-0.741461    -1.07278
-0.741164    -1.0709
-0.74087    -1.06902
-0.740578    -1.06714
-0.740289    -1.06525
-0.740002    -1.06336
-0.739718    -1.06147
-0.739437    -1.05958
-0.739157    -1.05768
-0.738881    -1.05578
-0.738606    -1.05388
-0.738335    -1.05197
-0.738065    -1.05007
-0.737798    -1.04816
-0.737534    -1.04624
-0.737272    -1.04433
-0.737012    -1.04241
-0.736755    -1.04049
-0.7365    -1.03857
-0.736248    -1.03665
-0.735998    -1.03472
-0.73575    -1.03279
-0.735505    -1.03086
-0.735262    -1.02893
-0.735021    -1.02699
-0.734782    -1.02505
-0.734546    -1.02311
-0.734312    -1.02117
-0.734081    -1.01922
-0.733852    -1.01727
-0.733625    -1.01532
-0.7334    -1.01337
-0.733177    -1.01142
-0.732957    -1.00946
-0.732739    -1.0075
-0.732523    -1.00554
-0.73231    -1.00357
-0.732098    -1.0016
-0.731889    -0.999634
-0.731682    -0.997662
-0.731477    -0.995688
-0.731274    -0.993712
-0.731073    -0.991733
-0.730875    -0.989752
-0.730678    -0.987768
-0.730484    -0.985783
-0.730292    -0.983794
-0.730102    -0.981804
-0.729914    -0.979811
-0.729728    -0.977816
-0.729544    -0.975819
-0.729362    -0.97382
-0.729182    -0.971818
-0.729004    -0.969814
-0.728828    -0.967807
-0.728654    -0.965799
-0.728482    -0.963788
-0.728312    -0.961775
-0.728144    -0.95976
-0.727978    -0.957742
-0.727814    -0.955722
-0.727652    -0.9537
-0.727492    -0.951676
-0.727334    -0.949649
-0.727177    -0.94762
-0.727023    -0.945589
-0.72687    -0.943556
-0.726719    -0.941521
-0.726571    -0.939483
-0.726424    -0.937443
-0.726278    -0.935401
-0.726135    -0.933357
-0.725993    -0.931311
-0.725854    -0.929262
-0.725716    -0.927212
-0.72558    -0.925159
-0.725445    -0.923104
-0.725312    -0.921047
-0.725182    -0.918987
-0.725052    -0.916926
-0.724925    -0.914862
-0.724799    -0.912796
-0.724675    -0.910728
-0.724553    -0.908658
-0.724432    -0.906586
-0.724313    -0.904512
-0.724196    -0.902435
-0.724081    -0.900357
-0.723967    -0.898276
-0.723854    -0.896193
-0.723743    -0.894109
-0.723634    -0.892022
-0.723527    -0.889933
-0.723421    -0.887841
-0.723317    -0.885748
-0.723214    -0.883653
-0.723113    -0.881556
-0.723013    -0.879456
-0.722915    -0.877355
-0.722818    -0.875251
-0.722723    -0.873146
-0.72263    -0.871038
-0.722537    -0.868928
-0.722447    -0.866817
-0.722358    -0.864703
-0.72227    -0.862587
-0.722184    -0.860469
-0.722099    -0.85835
-0.722016    -0.856228
-0.721934    -0.854104
-0.721853    -0.851978
-0.721774    -0.84985
-0.721696    -0.84772
-0.72162    -0.845589
-0.721545    -0.843455
-0.721471    -0.841319
-0.721399    -0.839181
-0.721328    -0.837041
-0.721258    -0.8349
-0.72119    -0.832756
-0.721123    -0.83061
-0.721057    -0.828463
-0.720992    -0.826313
-0.720929    -0.824162
-0.720867    -0.822008
-0.720806    -0.819853
-0.720747    -0.817696
-0.720689    -0.815537
-0.720632    -0.813375
-0.720576    -0.811212
-0.720521    -0.809047
-0.720467    -0.806881
-0.720415    -0.804712
-0.720364    -0.802541
-0.720314    -0.800369
-0.720265    -0.798194
-0.720217    -0.796018
-0.720171    -0.79384
-0.720125    -0.79166
-0.720081    -0.789478
-0.720037    -0.787294
-0.719995    -0.785108
-0.719954    -0.782921
-0.719913    -0.780731
-0.719874    -0.77854
-0.719836    -0.776347
-0.719799    -0.774152
-0.719763    -0.771956
-0.719728    -0.769757
-0.719694    -0.767557
-0.71966    -0.765355
-0.719628    -0.763151
-0.719597    -0.760945
-0.719567    -0.758737
-0.719537    -0.756528
-0.719509    -0.754317
-0.719481    -0.752104
-0.719455    -0.749889
-0.719429    -0.747673
-0.719404    -0.745454
-0.71938    -0.743234
-0.719357    -0.741013
-0.719334    -0.738789
-0.719313    -0.736564
-0.719292    -0.734337
-0.719272    -0.732108
-0.719253    -0.729878
-0.719235    -0.727645
-0.719218    -0.725411
-0.719201    -0.723176
-0.719185    -0.720938
-0.71917    -0.718699
-0.719155    -0.716458
-0.719141    -0.714216
-0.719128    -0.711972
-0.719116    -0.709726
-0.719104    -0.707478
-0.719093    -0.705229
-0.719083    -0.702978
-0.719073    -0.700725
-0.719064    -0.698471
-0.719056    -0.696215
-0.719048    -0.693958
-0.719041    -0.691698
-0.719034    -0.689438
-0.719028    -0.687175
-0.719023    -0.684911
-0.719018    -0.682645
-0.719014    -0.680378
-0.71901    -0.678109
-0.719007    -0.675838
-0.719005    -0.673566
-0.719003    -0.671292
-0.719001    -0.669017
-0.719    -0.66674
-0.718999    -0.664461
-0.718999    -0.662181
-0.719    -0.659899
-0.719    -0.657616
-0.719002    -0.655331
-0.719003    -0.653044
-0.719005    -0.650756
-0.719008    -0.648467
-0.719011    -0.646176
-0.719014    -0.643883
-0.719018    -0.641589
-0.719022    -0.639293
-0.719026    -0.636996
-0.719031    -0.634697
-0.719036    -0.632397
-0.719041    -0.630095
-0.719047    -0.627792
-0.719053    -0.625487
-0.71906    -0.623181
-0.719066    -0.620873
-0.719073    -0.618564
-0.71908    -0.616253
-0.719087    -0.613941
-0.719095    -0.611627
-0.719103    -0.609312
-0.719111    -0.606996
-0.719119    -0.604678
-0.719128    -0.602358
-0.719136    -0.600038
-0.719145    -0.597715
-0.719154    -0.595392
-0.719163    -0.593067
-0.719172    -0.59074
-0.719182    -0.588412
-0.719191    -0.586083
-0.719201    -0.583752
-0.719211    -0.58142
-0.71922    -0.579086
-0.71923    -0.576752
-0.71924    -0.574415
-0.71925    -0.572078
-0.71926    -0.569739
-0.71927    -0.567398
-0.71928    -0.565057
-0.719291    -0.562714
-0.719301    -0.560369
-0.719311    -0.558024
-0.719321    -0.555677
-0.719331    -0.553328
-0.719341    -0.550979
-0.719351    -0.548628
-0.719361    -0.546275
-0.719371    -0.543922
-0.71938    -0.541567
-0.71939    -0.539211
-0.7194    -0.536853
-0.719409    -0.534495
-0.719418    -0.532135
-0.719427    -0.529774
-0.719437    -0.527411
-0.719445    -0.525047
-0.719454    -0.522682
-0.719463    -0.520316
-0.719471    -0.517949
-0.719479    -0.51558
-0.719487    -0.51321
-0.719495    -0.510839
-0.719502    -0.508467
-0.719509    -0.506093
-0.719516    -0.503719
-0.719523    -0.501343
-0.71953    -0.498966
-0.719536    -0.496588
-0.719542    -0.494208
-0.719547    -0.491828
-0.719552    -0.489446
-0.719557    -0.487063
-0.719562    -0.484679
-0.719566    -0.482294
-0.71957    -0.479907
-0.719574    -0.47752
-0.719577    -0.475131
-0.719579    -0.472742
-0.719582    -0.470351
-0.719584    -0.467959
-0.719585    -0.465566
-0.719586    -0.463172
-0.719587    -0.460777
-0.719587    -0.458381
-0.719587    -0.455983
-0.719586    -0.453585
-0.719585    -0.451186
-0.719583    -0.448785
-0.719581    -0.446384
-0.719578    -0.443981
-0.719575    -0.441577
-0.719571    -0.439173
-0.719567    -0.436767
-0.719562    -0.434361
-0.719556    -0.431953
-0.71955    -0.429544
-0.719544    -0.427135
-0.719537    -0.424724
-0.719529    -0.422312
-0.71952    -0.4199
-0.719511    -0.417486
-0.719502    -0.415072
-0.719491    -0.412656
-0.71948    -0.41024
-0.719468    -0.407823
-0.719456    -0.405404
-0.719443    -0.402985
-0.719429    -0.400565
-0.719415    -0.398144
-0.7194    -0.395722
-0.719384    -0.393299
-0.719367    -0.390875
-0.71935    -0.388451
-0.719332    -0.386025
-0.719313    -0.383599
-0.719293    -0.381172
-0.719272    -0.378744
-0.719251    -0.376315
-0.719229    -0.373885
-0.719206    -0.371454
-0.719182    -0.369023
-0.719158    -0.36659
-0.719132    -0.364157
-0.719106    -0.361723
-0.719079    -0.359289
-0.719051    -0.356853
-0.719022    -0.354417
-0.718992    -0.35198
-0.718961    -0.349542
-0.718929    -0.347103
-0.718897    -0.344664
-0.718863    -0.342224
-0.718829    -0.339783
-0.718793    -0.337341
-0.718757    -0.334899
-0.718719    -0.332455
-0.718681    -0.330012
-0.718642    -0.327567
-0.718601    -0.325122
-0.71856    -0.322676
-0.718517    -0.320229
-0.718474    -0.317782
-0.718429    -0.315334
-0.718383    -0.312885
-0.718337    -0.310436
-0.718289    -0.307986
-0.71824    -0.305535
-0.71819    -0.303084
-0.718139    -0.300632
-0.718087    -0.298179
-0.718033    -0.295726
-0.717979    -0.293272
-0.717923    -0.290818
-0.717867    -0.288363
-0.717809    -0.285907
-0.717749    -0.283451
-0.717689    -0.280994
-0.717628    -0.278537
-0.717565    -0.276079
-0.717501    -0.27362
-0.717436    -0.271161
-0.717369    -0.268702
-0.717302    -0.266242
-0.717233    -0.263781
-0.717163    -0.26132
-0.717091    -0.258858
-0.717018    -0.256396
-0.716944    -0.253934
-0.716869    -0.25147
-0.716793    -0.249007
-0.716715    -0.246543
-0.716635    -0.244078
-0.716555    -0.241613
-0.716473    -0.239148
-0.716389    -0.236682
-0.716305    -0.234216
-0.716219    -0.231749
-0.716131    -0.229282
-0.716042    -0.226814
-0.715952    -0.224346
-0.71586    -0.221878
-0.715767    -0.219409
-0.715672    -0.21694
-0.715576    -0.21447
-0.715479    -0.212
-0.71538    -0.20953
-0.71528    -0.207059
-0.715178    -0.204588
-0.715074    -0.202117
-0.71497    -0.199645
-0.714863    -0.197173
-0.714755    -0.194701
-0.714646    -0.192228
-0.714535    -0.189755
-0.714422    -0.187282
-0.714308    -0.184809
-0.714193    -0.182335
-0.714075    -0.179861
-0.713957    -0.177387
-0.713836    -0.174912
-0.713714    -0.172437
-0.713591    -0.169962
-0.713465    -0.167487
-0.713339    -0.165012
-0.71321    -0.162536
-0.71308    -0.16006
-0.712948    -0.157584
-0.712815    -0.155108
-0.71268    -0.152631
-0.712543    -0.150155
-0.712404    -0.147678
-0.712264    -0.145201
-0.712122    -0.142724
-0.711978    -0.140247
-0.711833    -0.137769
-0.711686    -0.135292
-0.711537    -0.132814
-0.711387    -0.130337
-0.711234    -0.127859
-0.71108    -0.125381
-0.710924    -0.122903
-0.710766    -0.120425
-0.710607    -0.117947
-0.710446    -0.115468
-0.710283    -0.11299
-0.710118    -0.110512
-0.709951    -0.108033
-0.709782    -0.105555
-0.709612    -0.103077
-0.709439    -0.100598
-0.709265    -0.0981198
-0.709089    -0.0956414
-0.708911    -0.093163
-0.708731    -0.0906846
-0.708549    -0.0882062
-0.708366    -0.0857279
-0.70818    -0.0832496
-0.707993    -0.0807714
-0.707803    -0.0782932
-0.707612    -0.0758151
-0.707419    -0.0733371
-0.707223    -0.0708591
-0.707026    -0.0683813
-0.706827    -0.0659035
-0.706625    -0.0634259
-0.706422    -0.0609483
-0.706217    -0.0584709
-0.70601    -0.0559937
-0.7058    -0.0535165
-0.705589    -0.0510395
-0.705376    -0.0485627
-0.70516    -0.0460861
-0.704943    -0.0436096
-0.704723    -0.0411333
-0.704502    -0.0386572
-0.704278    -0.0361813
-0.704052    -0.0337056
-0.703825    -0.0312301
-0.703595    -0.0287548
-0.703363    -0.0262798
-0.703128    -0.023805
-0.702892    -0.0213305
-0.702654    -0.0188562
-0.702413    -0.0163822
-0.70217    -0.0139085
-0.701926    -0.011435
-0.701678    -0.00896187
-0.701429    -0.00648902
-0.701178    -0.00401647
-0.700924    -0.00154423
-0.700668    0.000927676
-0.70041    0.00339925
-0.70015    0.00587048
-0.699888    0.00834136
-0.699623    0.0108119
-0.699356    0.013282
-0.699087    0.0157518
-0.698816    0.0182212
-0.698542    0.0206902
-0.698266    0.0231588
-0.697988    0.025627
-0.697707    0.0280948
-0.697425    0.0305621
-0.697139    0.033029
-0.696852    0.0354955
-0.696562    0.0379615
-0.69627    0.0404271
-0.695976    0.0428921
-0.695679    0.0453567
-0.69538    0.0478209
-0.695079    0.0502845
-0.694775    0.0527476
-0.694469    0.0552102
-0.69416    0.0576723
-0.693849    0.0601338
-0.693536    0.0625948
-0.69322    0.0650553
-0.692902    0.0675152
-0.692582    0.0699746
-0.692259    0.0724333
-0.691934    0.0748915
-0.691606    0.0773491
-0.691276    0.0798062
-0.690943    0.0822626
-0.690608    0.0847183
-0.69027    0.0871735
-0.68993    0.089628
-0.689588    0.0920819
-0.689243    0.0945351
-0.688895    0.0969877
-0.688545    0.0994396
-0.688193    0.101891
-0.687838    0.104341
-0.68748    0.106791
-0.68712    0.10924
-0.686757    0.111689
-0.686392    0.114137
-0.686024    0.116584
-0.685654    0.11903
-0.685281    0.121475
-0.684906    0.12392
-0.684528    0.126364
-0.684147    0.128807
-0.683764    0.13125
-0.683378    0.133691
-0.68299    0.136132
-0.682599    0.138572
-0.682206    0.141011
-0.681809    0.14345
-0.681411    0.145887
-0.681009    0.148324
-0.680605    0.15076
-0.680198    0.153195
-0.679789    0.155629
-0.679377    0.158062
-0.678962    0.160495
-0.678544    0.162926
-0.678124    0.165357
-0.677702    0.167786
-0.677276    0.170215
-0.676848    0.172643
-0.676417    0.17507
-0.675983    0.177496
-0.675547    0.179921
-0.675108    0.182345
-0.674666    0.184768
-0.674221    0.18719
-0.673774    0.189611
-0.673324    0.192031
-0.672871    0.19445
-0.672416    0.196868
-0.671957    0.199285
-0.671496    0.201701
-0.671032    0.204116
-0.670565    0.20653
-0.670096    0.208942
-0.669624    0.211354
-0.669148    0.213765
-0.668671    0.216174
-0.66819    0.218583
-0.667706    0.22099
-0.66722    0.223396
-0.66673    0.225801
-0.666238    0.228205
-0.665743    0.230608
-0.665245    0.23301
-0.664745    0.23541
-0.664241    0.237809
-0.663735    0.240208
-0.663225    0.242605
-0.662713    0.245
-0.662198    0.247395
-0.66168    0.249788
-0.661159    0.25218
-0.660635    0.254571
-0.660109    0.256961
-0.659579    0.259349
-0.659046    0.261736
-0.658511    0.264122
-0.657972    0.266507
-0.657431    0.26889
-0.656887    0.271272
-0.656339    0.273653
-0.655789    0.276032
-0.655236    0.27841
-0.65468    0.280787
-0.654121    0.283162
-0.653558    0.285536
-0.652993    0.287909
-0.652425    0.29028
-0.651854    0.29265
-0.65128    0.295018
-0.650703    0.297386
-0.650122    0.299751
-0.649539    0.302116
-0.648953    0.304479
-0.648364    0.30684
-0.647772    0.3092
-0.647176    0.311559
-0.646578    0.313916
-0.645977    0.316271
-0.645372    0.318625
-0.644765    0.320978
-0.644154    0.323329
-0.64354    0.325679
-0.642924    0.328027
-0.642304    0.330374
-0.641681    0.332719
-0.641055    0.335062
-0.640426    0.337404
-0.639794    0.339745
-0.639158    0.342084
-0.63852    0.344421
-0.637878    0.346757
-0.637234    0.349091
-0.636586    0.351423
-0.635935    0.353754
-0.635281    0.356084
-0.634624    0.358411
-0.633964    0.360737
-0.6333    0.363062
-0.632634    0.365384
-0.631964    0.367705
-0.631291    0.370025
-0.630615    0.372342
-0.629936    0.374658
-0.629253    0.376973
-0.628568    0.379285
-0.627879    0.381596
-0.627187    0.383905
-0.626492    0.386212
-0.625793    0.388518
-0.625092    0.390822
-0.624387    0.393124
-0.623679    0.395424
-0.622968    0.397723
-0.622254    0.40002
-0.621536    0.402314
-0.620815    0.404608
-0.620091    0.406899
-0.619364    0.409188
-0.618633    0.411476
-0.6179    0.413762
-0.617163    0.416045
-0.616422    0.418327
-0.615679    0.420608
-0.614932    0.422886
-0.614182    0.425162
-0.613429    0.427437
-0.612672    0.429709
-0.611912    0.43198
-0.611149    0.434248
-0.610383    0.436515
-0.609613    0.43878
-0.60884    0.441043
-0.608064    0.443304
-0.607284    0.445562
-0.606502    0.447819
-0.605715    0.450074
-0.604926    0.452327
-0.604133    0.454578
-0.603337    0.456827
-0.602538    0.459073
-0.601735    0.461318
-0.600929    0.463561
-0.60012    0.465801
-0.599307    0.46804
-0.598491    0.470276
-0.597672    0.472511
-0.596849    0.474743
-0.596023    0.476973
-0.595194    0.479201
-0.594361    0.481427
-0.593525    0.483651
-0.592685    0.485872
-0.591843    0.488092
-0.590996    0.490309
-0.590147    0.492524
-0.589294    0.494737
-0.588438    0.496948
-0.587578    0.499157
-0.586715    0.501363
-0.585849    0.503567
-0.584979    0.505769
-0.584106    0.507969
-0.583229    0.510166
-0.58235    0.512361
-0.581466    0.514554
-0.58058    0.516745
-0.579689    0.518933
-0.578796    0.521119
-0.577899    0.523302
-0.576999    0.525484
-0.576095    0.527663
-0.575188    0.52984
-0.574277    0.532014
-0.573363    0.534186
-0.572446    0.536356
-0.571525    0.538523
-0.570601    0.540688
-0.569673    0.54285
-0.568742    0.545011
-0.567808    0.547168
-0.56687    0.549324
-0.565928    0.551476
-0.564984    0.553627
-0.564035    0.555775
-0.563084    0.55792
-0.562128    0.560064
-0.56117    0.562204
-0.560208    0.564342
-0.559242    0.566478
-0.558273    0.568611
-0.557301    0.570742
-0.556325    0.57287
-0.555346    0.574995
-0.554363    0.577118
-0.553377    0.579239
-0.552387    0.581357
-0.551394    0.583472
-0.550397    0.585585
-0.549397    0.587695
-0.548394    0.589803
-0.547387    0.591908
-0.546376    0.59401
-0.545362    0.59611
-0.544345    0.598207
-0.543324    0.600301
-0.542299    0.602393
-0.541271    0.604482
-0.54024    0.606569
-0.539205    0.608653
-0.538167    0.610734
-0.537125    0.612812
-0.536079    0.614888
-0.535031    0.616961
-0.533978    0.619031
-0.532922    0.621099
-0.531863    0.623163
-0.5308    0.625225
-0.529734    0.627285
-0.528664    0.629341
-0.527591    0.631395
-0.526514    0.633446
-0.525434    0.635494
-0.52435    0.637539
-0.523263    0.639582
-0.522172    0.641621
-0.521077    0.643658
-0.51998    0.645692
-0.518878    0.647723
-0.517773    0.649752
-0.516665    0.651777
-0.515553    0.653799
-0.514438    0.655819
-0.513319    0.657836
-0.512197    0.659849
-0.511071    0.66186
-0.509941    0.663868
-0.508808    0.665873
-0.507672    0.667875
-0.506532    0.669874
-0.505388    0.67187
-0.504241    0.673863
-0.503091    0.675853
-0.501937    0.67784
-0.500779    0.679824
-0.499618    0.681805
-0.498454    0.683783
-0.497285    0.685758
-0.496114    0.68773
-0.494939    0.689699
-0.49376    0.691665
-0.492578    0.693628
-0.491392    0.695587
-0.490203    0.697544
-0.48901    0.699497
-0.487814    0.701448
-0.486614    0.703395
-0.485411    0.705339
-0.484204    0.70728
-0.482994    0.709218
-0.48178    0.711152
-0.480563    0.713084
-0.479342    0.715012
-0.478118    0.716937
-0.47689    0.718859
-0.475658    0.720778
-0.474423    0.722693
-0.473185    0.724605
-0.471943    0.726514
-0.470697    0.72842
-0.469448    0.730322
-0.468196    0.732222
-0.46694    0.734118
-0.46568    0.73601
-0.464417    0.7379
-0.463151    0.739786
-0.461881    0.741668
-0.460607    0.743548
-0.45933    0.745424
-0.45805    0.747296
-0.456766    0.749166
-0.455478    0.751032
-0.454187    0.752895
-0.452892    0.754754
-0.451594    0.75661
-0.450293    0.758462
-0.448988    0.760311
-0.447679    0.762157
-0.446367    0.763999
-0.445051    0.765838
-0.443732    0.767673
-0.44241    0.769505
-0.441084    0.771334
-0.439754    0.773158
-0.438421    0.77498
-0.437084    0.776798
-0.435744    0.778612
-0.434401    0.780423
-0.433054    0.782231
-0.431704    0.784035
-0.43035    0.785835
-0.428992    0.787632
-0.427631    0.789425
-0.426267    0.791215
-0.424899    0.793001
-0.423528    0.794783
-0.422153    0.796562
-0.420775    0.798337
-0.419393    0.800109
-0.418008    0.801877
-0.416619    0.803642
-0.415227    0.805402
-0.413831    0.80716
-0.412432    0.808913
-0.41103    0.810663
-0.409624    0.812409
-0.408215    0.814151
-0.406802    0.81589
-0.405386    0.817625
-0.403966    0.819356
-0.402543    0.821084
-0.401116    0.822808
-0.399686    0.824528
-0.398253    0.826244
-0.396816    0.827956
-0.395375    0.829665
-0.393932    0.83137
-0.392484    0.833071
-0.391034    0.834769
-0.38958    0.836462
-0.388122    0.838152
-0.386662    0.839838
-0.385197    0.84152
-0.38373    0.843198
-0.382259    0.844872
-0.380784    0.846543
-0.379306    0.848209
-0.377825    0.849872
-0.37634    0.851531
-0.374852    0.853186
-0.373361    0.854837
-0.371866    0.856484
-0.370368    0.858127
-0.368867    0.859766
-0.367362    0.861401
-0.365853    0.863032
-0.364342    0.864659
-0.362827    0.866283
-0.361308    0.867902
-0.359787    0.869517
-0.358262    0.871129
-0.356733    0.872736
-0.355201    0.874339
-0.353666    0.875938
-0.352128    0.877533
-0.350586    0.879124
-0.349041    0.880711
-0.347492    0.882294
-0.345941    0.883873
-0.344386    0.885448
-0.342827    0.887018
-0.341266    0.888585
-0.339701    0.890147
-0.338132    0.891705
-0.336561    0.89326
-0.334986    0.89481
-0.333407    0.896355
-0.331826    0.897897
-0.330241    0.899434
-0.328653    0.900968
-0.327062    0.902497
-0.325467    0.904022
-0.323869    0.905542
-0.322268    0.907059
-0.320664    0.908571
-0.319056    0.910079
-0.317445    0.911582
-0.315831    0.913082
-0.314214    0.914577
-0.312593    0.916068
-0.31097    0.917554
-0.309343    0.919037
-0.307712    0.920515
-0.306079    0.921988
-0.304442    0.923458
-0.302802    0.924923
-0.301159    0.926383
-0.299513    0.92784
-0.297863    0.929292
-0.296211    0.930739
-0.294555    0.932182
-0.292896    0.933621
-0.291234    0.935056
-0.289569    0.936486
-0.2879    0.937911
-0.286228    0.939332
-0.284554    0.940749
-0.282876    0.942161
-0.281195    0.943569
-0.27951    0.944972
-0.277823    0.946371
-0.276133    0.947766
-0.274439    0.949156
-0.272742    0.950541
-0.271043    0.951922
-0.26934    0.953299
-0.267634    0.95467
-0.265925    0.956038
-0.264213    0.957401
-0.262497    0.958759
-0.260779    0.960113
-0.259058    0.961462
-0.257333    0.962806
-0.255606    0.964146
-0.253875    0.965482
-0.252142    0.966812
-0.250405    0.968139
-0.248666    0.96946
-0.246923    0.970777
-0.245177    0.972089
-0.243429    0.973397
-0.241677    0.9747
-0.239923    0.975998
-0.238165    0.977292
-0.236404    0.978581
-0.234641    0.979865
-0.232874    0.981145
-0.231105    0.982419
-0.229332    0.98369
-0.227557    0.984955
-0.225778    0.986216
-0.223997    0.987472
-0.222213    0.988723
-0.220426    0.989969
-0.218636    0.991211
-0.216843    0.992448
-0.215047    0.99368
-0.213248    0.994907
-0.211446    0.99613
-0.209642    0.997348
-0.207835    0.99856
-0.206024    0.999768
-0.204211    1.00097
-0.202395    1.00217
-0.200576    1.00336
-0.198755    1.00455
-0.19693    1.00574
-0.195103    1.00691
-0.193273    1.00809
-0.19144    1.00926
-0.189604    1.01042
-0.187766    1.01158
-0.185924    1.01274
-0.18408    1.01389
-0.182233    1.01503
-0.180384    1.01617
-0.178531    1.0173
-0.176676    1.01843
-0.174818    1.01956
-0.172958    1.02068
-0.171094    1.02179
-0.169228    1.0229
-0.16736    1.02401
-0.165488    1.02511
-0.163614    1.0262
-0.161737    1.02729
-0.159858    1.02838
-0.157976    1.02946
-0.156091    1.03053
-0.154204    1.0316
-0.152313    1.03267
-0.150421    1.03372
-0.148525    1.03478
-0.146627    1.03583
-0.144727    1.03687
-0.142824    1.03791
-0.140918    1.03895
-0.13901    1.03997
-0.137099    1.041
-0.135185    1.04202
-0.133269    1.04303
-0.131351    1.04404
-0.12943    1.04504
-0.127506    1.04604
-0.12558    1.04703
-0.123651    1.04802
-0.12172    1.049
-0.119786    1.04998
-0.11785    1.05095
-0.115912    1.05192
-0.11397    1.05288
-0.112027    1.05384
-0.110081    1.05479
-0.108132    1.05573
-0.106182    1.05667
-0.104228    1.05761
-0.102273    1.05854
-0.100315    1.05946
-0.0983541    1.06038
-0.0963912    1.0613
-0.094426    1.06221
-0.0924584    1.06311
-0.0904884    1.06401
-0.0885161    1.0649
-0.0865415    1.06579
-0.0845646    1.06667
-0.0825853    1.06755
-0.0806037    1.06842
-0.0786198    1.06929
-0.0766337    1.07015
-0.0746453    1.071
-0.0726546    1.07185
-0.0706616    1.0727
-0.0686664    1.07354
-0.066669    1.07437
-0.0646693    1.0752
-0.0626675    1.07602
-0.0606634    1.07684
-0.0586571    1.07765
-0.0566487    1.07846
-0.054638    1.07926
-0.0526252    1.08006
-0.0506103    1.08085
-0.0485932    1.08164
-0.046574    1.08242
-0.0445526    1.08319
-0.0425291    1.08396
-0.0405036    1.08472
-0.0384759    1.08548
-0.0364462    1.08623
-0.0344144    1.08698
-0.0323805    1.08772
-0.0303446    1.08846
-0.0283066    1.08919
-0.0262667    1.08991
-0.0242247    1.09063
-0.0221807    1.09135
-0.0201347    1.09205
-0.0180867    1.09276
-0.0160367    1.09345
-0.0139848    1.09415
-0.0119309    1.09483
-0.00987512    1.09551
-0.00781738    1.09619
-0.00575772    1.09686
-0.00369615    1.09752
-0.00163269    1.09818
0.000432651    1.09883
0.00249987    1.09948
0.00456895    1.10012
0.00663988    1.10076
0.00871265    1.10139
0.0107873    1.10201
0.0128637    1.10263
0.0149419    1.10324
0.0170219    1.10385
0.0191037    1.10445
0.0211873    1.10505
0.0232726    1.10564
0.0253597    1.10622
0.0274485    1.1068
0.029539    1.10738
0.0316313    1.10794
0.0337252    1.10851
0.0358209    1.10906
0.0379182    1.10961
0.0400172    1.11016
0.0421178    1.1107
0.0442201    1.11123
0.046324    1.11176
0.0484295    1.11228
0.0505366    1.1128
0.0526454    1.11331
0.0547557    1.11381
0.0568675    1.11431
0.058981    1.1148
0.061096    1.11529
0.0632125    1.11577
0.0653305    1.11625
0.0674501    1.11672
0.0695711    1.11718
0.0716936    1.11764
0.0738177    1.1181
0.0759431    1.11854
0.07807    1.11898
0.0801984    1.11942
0.0823281    1.11985
0.0844593    1.12027
0.0865919    1.12069
0.0887259    1.1211
0.0908612    1.12151
0.0929979    1.12191
0.0951359    1.12231
0.0972753    1.1227
0.099416    1.12308
0.101558    1.12346
0.103701    1.12383
0.105846    1.12419
0.107992    1.12455
0.110139    1.12491
0.112287    1.12525
0.114437    1.1256
0.116588    1.12593
0.11874    1.12626
0.120893    1.12659
0.123047    1.12691
0.125203    1.12722
0.12736    1.12752
0.129518    1.12783
0.131677    1.12812
0.133837    1.12841
0.135998    1.12869
0.13816    1.12897
0.140324    1.12924
0.142488    1.12951
0.144654    1.12977
0.14682    1.13002
0.148988    1.13027
0.151157    1.13051
0.153326    1.13074
0.155497    1.13097
0.157668    1.1312
0.159841    1.13142
0.162014    1.13163
0.164189    1.13183
0.166364    1.13203
0.16854    1.13223
0.170717    1.13242
0.172895    1.1326
0.175074    1.13277
0.177254    1.13294
0.179435    1.13311
0.181616    1.13327
0.183798    1.13342
0.185981    1.13356
0.188165    1.1337
0.190349    1.13384
0.192535    1.13397
0.194721    1.13409
0.196908    1.13421
0.199095    1.13432
0.201283    1.13442
0.203472    1.13452
0.205662    1.13461
0.207852    1.1347
0.210043    1.13478
0.212234    1.13485
0.214426    1.13492
0.216619    1.13498
0.218812    1.13504
0.221006    1.13509
0.223201    1.13513
0.225396    1.13517
0.227591    1.1352
0.229787    1.13523
0.231984    1.13525
0.234181    1.13526
0.236379    1.13527
0.238577    1.13527
0.240775    1.13527
0.242974    1.13526
0.245173    1.13524
0.247373    1.13522
0.249573    1.13519
0.251774    1.13516
0.253975    1.13512
0.256176    1.13507
0.258378    1.13502
0.26058    1.13496
0.262782    1.13489
0.264984    1.13482
0.267187    1.13475
0.26939    1.13466
0.271594    1.13458
0.273797    1.13448
0.276001    1.13438
0.278205    1.13427
0.280409    1.13416
0.282614    1.13404
0.284818    1.13392
0.287023    1.13378
0.289228    1.13365
0.291433    1.1335
0.293638    1.13335
0.295844    1.1332
0.298049    1.13304
0.300254    1.13287
0.30246    1.1327
0.304665    1.13252
0.306871    1.13233
0.309076    1.13214
0.311282    1.13194
0.313488    1.13174
0.315693    1.13153
0.317898    1.13131
0.320104    1.13109
0.322309    1.13086
0.324514    1.13063
0.32672    1.13039
0.328925    1.13014
0.33113    1.12989
0.333334    1.12963
0.335539    1.12936
0.337743    1.12909
0.339948    1.12882
0.342152    1.12853
0.344356    1.12824
0.346559    1.12795
0.348763    1.12765
0.350966    1.12734
0.353169    1.12703
0.355371    1.12671
0.357573    1.12638
0.359775    1.12605
0.361977    1.12571
0.364178    1.12537
0.366379    1.12502
0.36858    1.12467
0.37078    1.1243
0.37298    1.12394
0.375179    1.12356
0.377378    1.12318
0.379576    1.1228
0.381774    1.12241
0.383972    1.12201
0.386169    1.1216
0.388365    1.1212
0.390561    1.12078
0.392757    1.12036
0.394952    1.11993
0.397146    1.1195
0.39934    1.11906
0.401533    1.11861
0.403726    1.11816
0.405918    1.1177
0.408109    1.11723
0.4103    1.11676
0.41249    1.11629
0.414679    1.11581
0.416868    1.11532
0.419056    1.11482
0.421243    1.11432
0.42343    1.11382
0.425616    1.1133
0.427801    1.11279
0.429985    1.11226
0.432168    1.11173
0.434351    1.1112
0.436533    1.11065
0.438714    1.1101
0.440894    1.10955
0.443073    1.10899
0.445252    1.10842
0.447429    1.10785
0.449606    1.10727
0.451782    1.10669
0.453956    1.1061
0.45613    1.1055
0.458303    1.1049
0.460475    1.10429
0.462646    1.10368
0.464816    1.10306
0.466985    1.10243
0.469153    1.1018
0.47132    1.10116
0.473485    1.10052
0.47565    1.09987
0.477814    1.09921
0.479976    1.09855
0.482138    1.09789
0.484298    1.09721
0.486457    1.09653
0.488615    1.09585
0.490772    1.09516
0.492927    1.09446
0.495082    1.09376
0.497235    1.09305
0.499387    1.09233
0.501537    1.09161
0.503687    1.09089
0.505835    1.09015
0.507982    1.08942
0.510128    1.08867
0.512272    1.08792
0.514415    1.08716
0.516557    1.0864
0.518697    1.08564
0.520836    1.08486
0.522973    1.08408
0.525109    1.0833
0.527244    1.08251
0.529377    1.08171
0.531509    1.08091
0.53364    1.0801
0.535769    1.07928
0.537896    1.07846
0.540022    1.07764
0.542147    1.07681
0.54427    1.07597
0.546391    1.07512
0.548511    1.07428
0.550629    1.07342
0.552746    1.07256
0.554861    1.07169
0.556975    1.07082
0.559087    1.06994
0.561197    1.06906
0.563306    1.06817
0.565413    1.06727
0.567518    1.06637
0.569622    1.06546
0.571724    1.06455
0.573824    1.06363
0.575923    1.06271
0.578019    1.06178
0.580115    1.06084
0.582208    1.0599
0.584299    1.05896
0.586389    1.058
0.588477    1.05704
0.590563    1.05608
0.592648    1.05511
0.59473    1.05414
0.596811    1.05315
0.59889    1.05217
0.600966    1.05117
0.603041    1.05018
0.605115    1.04917
0.607186    1.04816
0.609255    1.04715
0.611322    1.04613
0.613388    1.0451
0.615451    1.04407
0.617512    1.04303
0.619572    1.04199
0.621629    1.04094
0.623685    1.03989
0.625738    1.03883
0.627789    1.03776
0.629838    1.03669
0.631886    1.03561
0.633931    1.03453
0.635974    1.03344
0.638015    1.03235
0.640053    1.03125
0.64209    1.03015
0.644124    1.02904
0.646157    1.02792
0.648187    1.0268
0.650215    1.02567
0.652241    1.02454
0.654264    1.02341
0.656286    1.02226
0.658305    1.02111
0.660322    1.01996
0.662336    1.0188
0.664348    1.01764
0.666359    1.01647
0.668366    1.01529
0.670372    1.01411
0.672375    1.01292
0.674376    1.01173
0.676374    1.01053
0.67837    1.00933
0.680364    1.00812
0.682355    1.00691
0.684344    1.00569
0.686331    1.00447
0.688315    1.00324
0.690297    1.002
0.692276    1.00076
0.694253    0.999517
0.696227    0.998266
0.698199    0.99701
0.700169    0.995749
0.702136    0.994482
0.7041    0.99321
0.706062    0.991932
0.708021    0.990649
0.709978    0.989361
0.711932    0.988068
0.713884    0.98677
0.715833    0.985466
0.71778    0.984157
0.719724    0.982842
0.721665    0.981523
0.723604    0.980198
0.72554    0.978868
0.727473    0.977533
0.729404    0.976193
