0.702774    0.993858
0.704738    0.992583
0.706698    0.991303
0.708656    0.990018
0.710612    0.988728
0.712565    0.987432
0.714515    0.986132
0.716463    0.984826
0.718408    0.983514
0.720351    0.982198
0.722291    0.980876
0.724228    0.979549
0.726163    0.978217
0.728095    0.976879
0.730025    0.975537
0.731952    0.974189
0.733876    0.972836
0.735797    0.971478
0.737716    0.970114
0.739632    0.968746
0.741545    0.967372
0.743456    0.965994
0.745363    0.96461
0.747268    0.963221
0.749171    0.961827
0.75107    0.960428
0.752967    0.959024
0.754861    0.957614
0.756752    0.9562
0.75864    0.954781
0.760526    0.953356
0.762408    0.951927
0.764288    0.950492
0.766165    0.949052
0.768039    0.947608
0.76991    0.946158
0.771778    0.944704
0.773644    0.943244
0.775506    0.941779
0.777366    0.94031
0.779222    0.938835
0.781076    0.937356
0.782926    0.935872
0.784774    0.934382
0.786619    0.932888
0.788461    0.931389
0.790299    0.929885
0.792135    0.928376
0.793968    0.926862
0.795798    0.925343
0.797624    0.92382
0.799448    0.922291
0.801268    0.920758
0.803086    0.91922
0.8049    0.917677
0.806712    0.916129
0.80852    0.914576
0.810325    0.913019
0.812127    0.911457
0.813926    0.90989
0.815722    0.908318
0.817515    0.906742
0.819304    0.90516
0.821091    0.903574
0.822874    0.901984
0.824654    0.900388
0.826431    0.898788
0.828204    0.897183
0.829975    0.895573
0.831742    0.893959
0.833506    0.89234
0.835267    0.890717
0.837025    0.889088
0.838779    0.887456
0.84053    0.885818
0.842278    0.884176
0.844022    0.882529
0.845764    0.880878
0.847502    0.879222
0.849236    0.877561
0.850968    0.875896
0.852696    0.874226
0.854421    0.872552
0.856142    0.870873
0.85786    0.86919
0.859575    0.867502
0.861286    0.86581
0.862994    0.864113
0.864699    0.862412
0.8664    0.860706
0.868098    0.858996
0.869793    0.857281
0.871484    0.855562
0.873171    0.853838
0.874856    0.85211
0.876536    0.850378
0.878214    0.848641
0.879888    0.8469
0.881558    0.845154
0.883225    0.843404
0.884889    0.841649
0.886549    0.839891
0.888206    0.838128
0.889859    0.83636
0.891508    0.834588
0.893155    0.832812
0.894797    0.831032
0.896436    0.829247
0.898072    0.827458
0.899704    0.825665
0.901333    0.823868
0.902958    0.822066
0.904579    0.82026
0.906197    0.81845
0.907811    0.816635
0.909422    0.814817
0.911029    0.812994
0.912633    0.811167
0.914233    0.809336
0.915829    0.8075
0.917422    0.805661
0.919011    0.803817
0.920597    0.80197
0.922178    0.800118
0.923757    0.798262
0.925331    0.796402
0.926902    0.794538
0.92847    0.792669
0.930033    0.790797
0.931593    0.788921
0.93315    0.78704
0.934702    0.785156
0.936251    0.783267
0.937797    0.781375
0.939338    0.779479
0.940876    0.777578
0.94241    0.775674
0.943941    0.773765
0.945468    0.771853
0.946991    0.769937
0.94851    0.768016
0.950026    0.766092
0.951537    0.764164
0.953045    0.762232
0.95455    0.760297
0.95605    0.758357
0.957547    0.756413
0.95904    0.754466
0.960529    0.752515
0.962015    0.75056
0.963497    0.748601
0.964974    0.746638
0.966449    0.744671
0.967919    0.742701
0.969385    0.740727
0.970848    0.738749
0.972307    0.736768
0.973762    0.734782
0.975213    0.732793
0.976661    0.7308
0.978104    0.728804
0.979544    0.726804
0.98098    0.7248
0.982412    0.722792
0.98384    0.720781
0.985264    0.718766
0.986684    0.716748
0.988101    0.714726
0.989514    0.7127
0.990922    0.710671
0.992327    0.708638
0.993728    0.706601
0.995126    0.704561
0.996519    0.702517
0.997908    0.70047
0.999294    0.698419
1.00068    0.696365
1.00205    0.694307
1.00343    0.692246
1.0048    0.690181
1.00616    0.688113
1.00752    0.686041
1.00888    0.683966
1.01024    0.681887
1.01159    0.679805
1.01293    0.67772
1.01427    0.675631
1.01561    0.673539
1.01695    0.671443
1.01828    0.669344
1.0196    0.667241
1.02093    0.665136
1.02224    0.663026
1.02356    0.660914
1.02487    0.658798
1.02618    0.656679
1.02748    0.654557
1.02878    0.652431
1.03007    0.650302
1.03136    0.64817
1.03265    0.646034
1.03393    0.643896
1.03521    0.641754
1.03648    0.639609
1.03776    0.63746
1.03902    0.635309
1.04028    0.633154
1.04154    0.630996
1.0428    0.628835
1.04405    0.626671
1.04529    0.624503
1.04654    0.622333
1.04777    0.620159
1.04901    0.617982
1.05024    0.615803
1.05147    0.61362
1.05269    0.611434
1.05391    0.609245
1.05512    0.607053
1.05633    0.604858
1.05754    0.60266
1.05874    0.600458
1.05994    0.598254
1.06113    0.596047
1.06232    0.593837
1.06351    0.591624
1.06469    0.589408
1.06587    0.587189
1.06704    0.584967
1.06821    0.582743
1.06937    0.580515
1.07054    0.578284
1.07169    0.576051
1.07285    0.573814
1.074    0.571575
1.07514    0.569333
1.07628    0.567088
1.07742    0.56484
1.07855    0.56259
1.07968    0.560336
1.08081    0.55808
1.08193    0.555821
1.08304    0.55356
1.08415    0.551295
1.08526    0.549028
1.08637    0.546758
1.08747    0.544485
1.08856    0.54221
1.08966    0.539932
1.09074    0.537651
1.09183    0.535368
1.09291    0.533081
1.09398    0.530793
1.09505    0.528501
1.09612    0.526207
1.09719    0.52391
1.09824    0.521611
1.0993    0.519309
1.10035    0.517005
1.1014    0.514698
1.10244    0.512388
1.10348    0.510076
1.10451    0.507761
1.10554    0.505444
1.10657    0.503124
1.10759    0.500802
1.10861    0.498477
1.10963    0.49615
1.11064    0.49382
1.11164    0.491488
1.11264    0.489153
1.11364    0.486816
1.11463    0.484476
1.11562    0.482134
1.11661    0.47979
1.11759    0.477443
1.11857    0.475094
1.11954    0.472742
1.12051    0.470389
1.12147    0.468032
1.12244    0.465674
1.12339    0.463313
1.12434    0.46095
1.12529    0.458584
1.12624    0.456216
1.12718    0.453846
1.12811    0.451474
1.12905    0.449099
1.12997    0.446722
1.1309    0.444343
1.13182    0.441961
1.13273    0.439578
1.13364    0.437192
1.13455    0.434804
1.13546    0.432414
1.13635    0.430021
1.13725    0.427627
1.13814    0.42523
1.13903    0.422831
1.13991    0.42043
1.14079    0.418027
1.14166    0.415622
1.14253    0.413215
1.1434    0.410805
1.14426    0.408394
1.14512    0.40598
1.14598    0.403565
1.14683    0.401147
1.14767    0.398728
1.14851    0.396306
1.14935    0.393882
1.15019    0.391457
1.15102    0.389029
1.15184    0.386599
1.15266    0.384168
1.15348    0.381734
1.1543    0.379299
1.1551    0.376861
1.15591    0.374422
1.15671    0.371981
1.15751    0.369537
1.1583    0.367092
1.15909    0.364645
1.15988    0.362197
1.16066    0.359746
1.16143    0.357294
1.16221    0.354839
1.16298    0.352383
1.16374    0.349925
1.1645    0.347465
1.16526    0.345004
1.16601    0.34254
1.16676    0.340075
1.1675    0.337608
1.16825    0.33514
1.16898    0.332669
1.16971    0.330197
1.17044    0.327723
1.17117    0.325248
1.17189    0.322771
1.1726    0.320292
1.17332    0.317811
1.17403    0.315329
1.17473    0.312845
1.17543    0.310359
1.17613    0.307872
1.17682    0.305383
1.17751    0.302893
1.17819    0.300401
1.17887    0.297907
1.17955    0.295412
1.18022    0.292915
1.18089    0.290417
1.18155    0.287917
1.18222    0.285416
1.18287    0.282913
1.18352    0.280408
1.18417    0.277902
1.18482    0.275395
1.18546    0.272886
1.1861    0.270376
1.18673    0.267864
1.18736    0.26535
1.18798    0.262836
1.1886    0.260319
1.18922    0.257802
1.18983    0.255283
1.19044    0.252762
1.19105    0.25024
1.19165    0.247717
1.19225    0.245192
1.19284    0.242666
1.19343    0.240139
1.19401    0.23761
1.1946    0.23508
1.19517    0.232549
1.19575    0.230016
1.19632    0.227482
1.19688    0.224947
1.19745    0.222411
1.198    0.219873
1.19856    0.217334
1.19911    0.214793
1.19966    0.212252
1.2002    0.209709
1.20074    0.207165
1.20127    0.20462
1.2018    0.202073
1.20233    0.199526
1.20285    0.196977
1.20337    0.194427
1.20389    0.191876
1.2044    0.189324
1.20491    0.18677
1.20541    0.184216
1.20591    0.18166
1.20641    0.179103
1.2069    0.176545
1.20739    0.173986
1.20788    0.171426
1.20836    0.168865
1.20884    0.166303
1.20931    0.163739
1.20978    0.161175
1.21025    0.15861
1.21071    0.156043
1.21117    0.153476
1.21162    0.150908
1.21207    0.148338
1.21252    0.145768
1.21296    0.143197
1.2134    0.140624
1.21384    0.138051
1.21427    0.135477
1.2147    0.132902
1.21513    0.130326
1.21555    0.127749
1.21596    0.125171
1.21638    0.122592
1.21679    0.120012
1.21719    0.117432
1.2176    0.11485
1.21799    0.112268
1.21839    0.109685
1.21878    0.107101
1.21917    0.104516
1.21955    0.10193
1.21993    0.0993437
1.22031    0.0967564
1.22068    0.0941683
1.22105    0.0915795
1.22142    0.0889898
1.22178    0.0863994
1.22214    0.0838083
1.22249    0.0812163
1.22284    0.0786237
1.22319    0.0760303
1.22354    0.0734362
1.22388    0.0708414
1.22421    0.0682459
1.22455    0.0656497
1.22488    0.0630528
1.2252    0.0604552
1.22552    0.057857
1.22584    0.0552581
1.22616    0.0526586
1.22647    0.0500584
1.22678    0.0474576
1.22708    0.0448562
1.22738    0.0422541
1.22768    0.0396515
1.22797    0.0370483
1.22826    0.0344445
1.22855    0.0318401
1.22883    0.0292351
1.22911    0.0266296
1.22939    0.0240235
1.22966    0.021417
1.22993    0.0188098
1.2302    0.0162022
1.23046    0.013594
1.23072    0.0109854
1.23097    0.00837619
1.23123    0.00576655
1.23147    0.00315643
1.23172    0.00054584
1.23196    -0.00206521
1.2322    -0.00467671
1.23243    -0.00728865
1.23266    -0.00990102
1.23289    -0.0125138
1.23312    -0.015127
1.23334    -0.0177407
1.23355    -0.0203547
1.23377    -0.0229691
1.23398    -0.0255839
1.23419    -0.028199
1.23439    -0.0308146
1.23459    -0.0334304
1.23479    -0.0360467
1.23498    -0.0386632
1.23517    -0.0412801
1.23536    -0.0438973
1.23554    -0.0465149
1.23572    -0.0491327
1.2359    -0.0517508
1.23607    -0.0543692
1.23624    -0.0569879
1.23641    -0.0596069
1.23657    -0.0622261
1.23674    -0.0648456
1.23689    -0.0674653
1.23705    -0.0700852
1.2372    -0.0727054
1.23734    -0.0753258
1.23749    -0.0779464
1.23763    -0.0805673
1.23777    -0.0831883
1.2379    -0.0858095
1.23803    -0.0884308
1.23816    -0.0910524
1.23829    -0.0936741
1.23841    -0.096296
1.23853    -0.098918
1.23864    -0.10154
1.23875    -0.104162
1.23886    -0.106785
1.23897    -0.109407
1.23907    -0.11203
1.23917    -0.114653
1.23926    -0.117275
1.23936    -0.119898
1.23945    -0.122521
1.23953    -0.125144
1.23962    -0.127767
1.2397    -0.13039
1.23978    -0.133014
1.23985    -0.135637
1.23992    -0.13826
1.23999    -0.140883
1.24005    -0.143506
1.24012    -0.14613
1.24018    -0.148753
1.24023    -0.151376
1.24028    -0.153999
1.24033    -0.156622
1.24038    -0.159246
1.24042    -0.161869
1.24046    -0.164492
1.2405    -0.167115
1.24054    -0.169738
1.24057    -0.17236
1.2406    -0.174983
1.24062    -0.177606
1.24065    -0.180228
1.24067    -0.182851
1.24068    -0.185473
1.2407    -0.188095
1.24071    -0.190717
1.24072    -0.193339
1.24072    -0.195961
1.24072    -0.198583
1.24072    -0.201204
1.24072    -0.203825
1.24071    -0.206446
1.2407    -0.209067
1.24069    -0.211688
1.24067    -0.214309
1.24066    -0.216929
1.24064    -0.219549
1.24061    -0.222169
1.24059    -0.224789
1.24056    -0.227408
1.24052    -0.230027
1.24049    -0.232646
1.24045    -0.235265
1.24041    -0.237883
1.24037    -0.240502
1.24032    -0.243119
1.24027    -0.245737
1.24022    -0.248354
1.24017    -0.250971
1.24011    -0.253588
1.24005    -0.256204
1.23999    -0.25882
1.23992    -0.261436
1.23985    -0.264051
1.23978    -0.266666
1.23971    -0.269281
1.23963    -0.271895
1.23955    -0.274509
1.23947    -0.277123
1.23939    -0.279736
1.2393    -0.282349
1.23921    -0.284961
1.23912    -0.287573
1.23902    -0.290185
1.23893    -0.292796
1.23883    -0.295407
1.23872    -0.298017
1.23862    -0.300627
1.23851    -0.303237
1.2384    -0.305846
1.23829    -0.308454
1.23817    -0.311062
1.23805    -0.31367
1.23793    -0.316277
1.23781    -0.318884
1.23768    -0.32149
1.23755    -0.324096
1.23742    -0.326701
1.23729    -0.329306
1.23716    -0.33191
1.23702    -0.334513
1.23688    -0.337117
1.23673    -0.339719
1.23659    -0.342321
1.23644    -0.344923
1.23629    -0.347524
1.23614    -0.350124
1.23598    -0.352724
1.23582    -0.355323
1.23566    -0.357922
1.2355    -0.36052
1.23534    -0.363117
1.23517    -0.365714
1.235    -0.36831
1.23483    -0.370906
1.23465    -0.373501
1.23448    -0.376095
1.2343    -0.378689
1.23412    -0.381282
1.23393    -0.383874
1.23375    -0.386466
1.23356    -0.389057
1.23337    -0.391648
1.23317    -0.394238
1.23298    -0.396827
1.23278    -0.399415
1.23258    -0.402003
1.23238    -0.40459
1.23218    -0.407176
1.23197    -0.409762
1.23176    -0.412347
1.23155    -0.414931
1.23134    -0.417514
1.23112    -0.420097
1.23091    -0.422679
1.23069    -0.42526
1.23047    -0.427841
1.23024    -0.430421
1.23002    -0.433
1.22979    -0.435578
1.22956    -0.438155
1.22933    -0.440732
1.22909    -0.443308
1.22886    -0.445883
1.22862    -0.448457
1.22838    -0.45103
