-0.729113    0.0927248
-0.729064    0.0903725
-0.729014    0.0880198
-0.728963    0.0856667
-0.728911    0.0833133
-0.728857    0.0809595
-0.728802    0.0786053
-0.728745    0.0762508
-0.728688    0.073896
-0.728629    0.0715408
-0.728569    0.0691852
-0.728507    0.0668294
-0.728444    0.0644732
-0.72838    0.0621167
-0.728314    0.05976
-0.728247    0.0574029
-0.728179    0.0550455
-0.728109    0.0526878
-0.728038    0.0503298
-0.727966    0.0479716
-0.727892    0.0456131
-0.727816    0.0432543
-0.72774    0.0408952
-0.727662    0.038536
-0.727582    0.0361764
-0.727501    0.0338166
-0.727418    0.0314566
-0.727334    0.0290964
-0.727249    0.0267359
-0.727162    0.0243752
-0.727073    0.0220143
-0.726983    0.0196532
-0.726892    0.0172919
-0.726799    0.0149304
-0.726705    0.0125687
-0.726608    0.0102069
-0.726511    0.00784484
-0.726412    0.00548264
-0.726311    0.00312028
-0.726209    0.000757769
-0.726105    -0.00160489
-0.725999    -0.0039677
-0.725892    -0.00633064
-0.725784    -0.00869371
-0.725673    -0.0110569
-0.725562    -0.0134202
-0.725448    -0.0157836
-0.725333    -0.0181472
-0.725216    -0.0205108
-0.725098    -0.0228745
-0.724977    -0.0252383
-0.724856    -0.0276022
-0.724732    -0.0299662
-0.724607    -0.0323302
-0.72448    -0.0346943
-0.724351    -0.0370584
-0.724221    -0.0394226
-0.724089    -0.0417868
-0.723955    -0.0441511
-0.72382    -0.0465154
-0.723682    -0.0488797
-0.723543    -0.051244
-0.723403    -0.0536083
-0.72326    -0.0559727
-0.723116    -0.058337
-0.722969    -0.0607013
-0.722822    -0.0630657
-0.722672    -0.0654299
-0.72252    -0.0677942
-0.722367    -0.0701584
-0.722211    -0.0725226
-0.722054    -0.0748867
-0.721895    -0.0772508
-0.721735    -0.0796148
-0.721572    -0.0819788
-0.721407    -0.0843426
-0.721241    -0.0867064
-0.721073    -0.0890701
-0.720902    -0.0914337
-0.72073    -0.0937972
-0.720556    -0.0961606
-0.72038    -0.0985239
-0.720202    -0.100887
-0.720022    -0.10325
-0.719841    -0.105613
-0.719657    -0.107976
-0.719471    -0.110338
-0.719283    -0.112701
-0.719094    -0.115063
-0.718902    -0.117425
-0.718708    -0.119787
-0.718512    -0.122149
-0.718315    -0.124511
-0.718115    -0.126872
-0.717913    -0.129233
-0.717709    -0.131594
-0.717504    -0.133955
-0.717296    -0.136315
-0.717086    -0.138676
-0.716873    -0.141036
-0.716659    -0.143396
-0.716443    -0.145755
-0.716225    -0.148115
-0.716004    -0.150474
-0.715782    -0.152833
-0.715557    -0.155191
-0.71533    -0.157549
-0.715101    -0.159907
-0.71487    -0.162265
-0.714637    -0.164622
-0.714402    -0.16698
-0.714164    -0.169336
-0.713924    -0.171693
-0.713682    -0.174049
-0.713438    -0.176405
-0.713192    -0.17876
-0.712943    -0.181115
-0.712692    -0.18347
-0.712439    -0.185824
-0.712184    -0.188178
-0.711927    -0.190532
-0.711667    -0.192885
-0.711405    -0.195238
-0.711141    -0.19759
-0.710874    -0.199942
-0.710606    -0.202294
-0.710335    -0.204645
-0.710061    -0.206996
-0.709786    -0.209346
-0.709508    -0.211696
-0.709227    -0.214046
-0.708945    -0.216395
-0.70866    -0.218743
-0.708372    -0.221091
-0.708083    -0.223439
-0.707791    -0.225786
-0.707496    -0.228133
-0.7072    -0.230479
-0.706901    -0.232825
-0.706599    -0.23517
-0.706295    -0.237514
-0.705989    -0.239858
-0.70568    -0.242202
-0.705369    -0.244545
-0.705056    -0.246888
-0.70474    -0.249229
-0.704421    -0.251571
-0.7041    -0.253912
-0.703777    -0.256252
-0.703451    -0.258592
-0.703123    -0.260931
-0.702792    -0.263269
-0.702459    -0.265607
-0.702124    -0.267944
-0.701785    -0.270281
-0.701445    -0.272617
-0.701102    -0.274952
-0.700756    -0.277287
-0.700408    -0.279621
-0.700057    -0.281955
-0.699703    -0.284288
-0.699348    -0.28662
-0.698989    -0.288951
-0.698628    -0.291282
-0.698265    -0.293612
-0.697898    -0.295942
-0.69753    -0.29827
-0.697158    -0.300598
-0.696784    -0.302926
-0.696408    -0.305252
-0.696029    -0.307578
-0.695647    -0.309903
-0.695263    -0.312227
-0.694876    -0.314551
-0.694486    -0.316874
-0.694094    -0.319196
-0.693699    -0.321517
-0.693301    -0.323838
-0.692901    -0.326157
-0.692498    -0.328476
-0.692092    -0.330794
-0.691684    -0.333112
-0.691273    -0.335428
-0.690859    -0.337744
-0.690442    -0.340059
-0.690023    -0.342373
-0.689601    -0.344686
-0.689177    -0.346998
-0.688749    -0.34931
-0.688319    -0.35162
-0.687886    -0.35393
-0.687451    -0.356239
-0.687012    -0.358546
-0.686571    -0.360853
-0.686127    -0.363159
-0.68568    -0.365465
-0.685231    -0.367769
-0.684778    -0.370072
-0.684323    -0.372375
-0.683865    -0.374676
-0.683404    -0.376976
-0.682941    -0.379276
-0.682474    -0.381574
-0.682005    -0.383872
-0.681533    -0.386169
-0.681058    -0.388464
-0.68058    -0.390759
-0.680099    -0.393052
-0.679616    -0.395345
-0.679129    -0.397636
-0.67864    -0.399927
-0.678147    -0.402216
-0.677652    -0.404505
-0.677154    -0.406792
-0.676653    -0.409078
-0.676149    -0.411364
-0.675642    -0.413648
-0.675133    -0.415931
-0.67462    -0.418213
-0.674104    -0.420494
-0.673586    -0.422774
-0.673064    -0.425052
-0.67254    -0.42733
-0.672012    -0.429606
-0.671482    -0.431882
-0.670948    -0.434156
-0.670412    -0.436429
-0.669872    -0.4387
-0.66933    -0.440971
-0.668785    -0.443241
-0.668236    -0.445509
-0.667685    -0.447776
-0.66713    -0.450042
-0.666573    -0.452306
-0.666012    -0.45457
-0.665448    -0.456832
-0.664882    -0.459093
-0.664312    -0.461353
-0.663739    -0.463611
-0.663163    -0.465869
-0.662585    -0.468125
-0.662003    -0.470379
-0.661417    -0.472633
-0.660829    -0.474885
-0.660238    -0.477136
-0.659644    -0.479385
-0.659046    -0.481634
-0.658446    -0.483881
-0.657842    -0.486126
-0.657235    -0.488371
-0.656625    -0.490613
-0.656012    -0.492855
-0.655396    -0.495095
-0.654776    -0.497334
-0.654154    -0.499571
-0.653528    -0.501808
-0.652899    -0.504042
-0.652267    -0.506276
-0.651632    -0.508507
-0.650993    -0.510738
-0.650352    -0.512967
-0.649707    -0.515194
-0.649059    -0.517421
-0.648408    -0.519645
-0.647753    -0.521869
-0.647096    -0.52409
-0.646435    -0.526311
-0.645771    -0.528529
-0.645103    -0.530747
-0.644433    -0.532963
-0.643759    -0.535177
-0.643082    -0.53739
-0.642402    -0.539601
-0.641718    -0.541811
-0.641031    -0.544019
-0.640341    -0.546226
-0.639648    -0.548431
-0.638951    -0.550634
-0.638251    -0.552836
-0.637548    -0.555037
-0.636841    -0.557235
-0.636132    -0.559433
-0.635418    -0.561628
-0.634702    -0.563822
-0.633982    -0.566014
-0.633259    -0.568205
-0.632533    -0.570394
-0.631803    -0.572582
-0.63107    -0.574767
-0.630333    -0.576952
-0.629594    -0.579134
-0.628851    -0.581315
-0.628104    -0.583494
-0.627354    -0.585671
-0.626601    -0.587847
-0.625845    -0.590021
-0.625085    -0.592193
-0.624321    -0.594363
-0.623555    -0.596532
-0.622784    -0.598699
-0.622011    -0.600864
-0.621234    -0.603028
-0.620454    -0.605189
-0.61967    -0.607349
-0.618883    -0.609507
-0.618092    -0.611663
-0.617299    -0.613818
-0.616501    -0.61597
-0.6157    -0.618121
-0.614896    -0.62027
-0.614088    -0.622417
-0.613277    -0.624563
-0.612463    -0.626706
-0.611645    -0.628848
-0.610823    -0.630987
-0.609998    -0.633125
-0.60917    -0.635261
-0.608338    -0.637395
-0.607503    -0.639527
-0.606664    -0.641657
-0.605821    -0.643785
-0.604976    -0.645911
-0.604126    -0.648035
-0.603274    -0.650158
-0.602417    -0.652278
-0.601558    -0.654396
-0.600694    -0.656513
-0.599827    -0.658627
-0.598957    -0.66074
-0.598083    -0.66285
-0.597206    -0.664958
-0.596325    -0.667065
-0.595441    -0.669169
-0.594553    -0.671271
-0.593661    -0.673371
-0.592766    -0.675469
-0.591867    -0.677565
-0.590965    -0.679659
-0.59006    -0.681751
-0.58915    -0.683841
-0.588238    -0.685928
-0.587321    -0.688014
-0.586401    -0.690097
-0.585478    -0.692178
-0.584551    -0.694257
-0.58362    -0.696334
-0.582686    -0.698409
-0.581748    -0.700481
-0.580806    -0.702552
-0.579861    -0.70462
-0.578913    -0.706686
-0.577961    -0.708749
-0.577005    -0.710811
-0.576045    -0.71287
-0.575082    -0.714927
-0.574116    -0.716982
-0.573145    -0.719035
-0.572171    -0.721085
-0.571194    -0.723133
-0.570213    -0.725178
-0.569228    -0.727222
-0.56824    -0.729263
-0.567248    -0.731302
-0.566252    -0.733338
-0.565253    -0.735372
-0.56425    -0.737404
-0.563243    -0.739433
-0.562233    -0.74146
-0.561219    -0.743485
-0.560201    -0.745507
-0.55918    -0.747527
-0.558155    -0.749545
-0.557127    -0.75156
-0.556094    -0.753572
-0.555059    -0.755582
-0.554019    -0.75759
-0.552976    -0.759596
-0.551929    -0.761598
-0.550878    -0.763599
-0.549824    -0.765597
-0.548766    -0.767592
-0.547704    -0.769585
-0.546639    -0.771576
-0.54557    -0.773563
-0.544497    -0.775549
-0.543421    -0.777532
-0.542341    -0.779512
-0.541257    -0.78149
-0.54017    -0.783465
-0.539078    -0.785438
-0.537983    -0.787408
-0.536885    -0.789375
-0.535782    -0.79134
-0.534676    -0.793302
-0.533567    -0.795262
-0.532453    -0.797219
-0.531336    -0.799173
-0.530215    -0.801125
-0.52909    -0.803074
-0.527962    -0.80502
-0.52683    -0.806964
-0.525694    -0.808905
-0.524554    -0.810843
-0.523411    -0.812779
-0.522264    -0.814711
-0.521113    -0.816642
-0.519959    -0.818569
-0.5188    -0.820494
-0.517638    -0.822415
-0.516473    -0.824335
-0.515303    -0.826251
-0.51413    -0.828164
-0.512953    -0.830075
-0.511772    -0.831983
-0.510588    -0.833888
-0.5094    -0.83579
-0.508208    -0.83769
-0.507012    -0.839586
-0.505812    -0.84148
-0.504609    -0.843371
-0.503402    -0.845259
-0.502191    -0.847144
-0.500977    -0.849026
-0.499759    -0.850906
-0.498537    -0.852782
-0.497311    -0.854655
-0.496081    -0.856526
-0.494848    -0.858393
-0.493611    -0.860258
-0.49237    -0.86212
-0.491125    -0.863978
-0.489877    -0.865834
-0.488625    -0.867687
-0.487369    -0.869536
-0.486109    -0.871383
-0.484846    -0.873226
-0.483578    -0.875067
-0.482307    -0.876905
-0.481032    -0.878739
-0.479754    -0.88057
-0.478472    -0.882399
-0.477185    -0.884224
-0.475896    -0.886046
-0.474602    -0.887865
-0.473305    -0.889681
-0.472003    -0.891493
-0.470698    -0.893303
-0.46939    -0.895109
-0.468077    -0.896913
-0.466761    -0.898713
-0.465441    -0.90051
-0.464117    -0.902303
-0.462789    -0.904094
-0.461458    -0.905881
-0.460123    -0.907665
-0.458784    -0.909446
-0.457441    -0.911224
-0.456094    -0.912998
-0.454744    -0.914769
-0.45339    -0.916537
-0.452032    -0.918301
-0.450671    -0.920063
-0.449305    -0.921821
-0.447936    -0.923575
-0.446563    -0.925326
-0.445187    -0.927074
-0.443806    -0.928819
-0.442422    -0.93056
-0.441034    -0.932298
-0.439642    -0.934032
-0.438247    -0.935763
-0.436848    -0.937491
-0.435445    -0.939215
-0.434038    -0.940936
-0.432627    -0.942653
-0.431213    -0.944367
-0.429795    -0.946078
-0.428373    -0.947785
-0.426947    -0.949488
-0.425518    -0.951189
-0.424085    -0.952885
-0.422648    -0.954578
-0.421207    -0.956268
-0.419763    -0.957954
-0.418315    -0.959636
-0.416863    -0.961315
-0.415407    -0.96299
-0.413948    -0.964662
-0.412485    -0.96633
-0.411018    -0.967995
-0.409547    -0.969656
-0.408073    -0.971313
-0.406595    -0.972967
-0.405113    -0.974617
-0.403628    -0.976264
-0.402138    -0.977907
-0.400645    -0.979546
-0.399149    -0.981181
-0.397648    -0.982813
-0.396144    -0.984441
-0.394636    -0.986065
-0.393124    -0.987686
-0.391609    -0.989303
-0.39009    -0.990916
-0.388567    -0.992526
-0.387041    -0.994131
-0.385511    -0.995733
-0.383977    -0.997331
-0.382439    -0.998926
-0.380898    -1.00052
-0.379353    -1.0021
-0.377804    -1.00369
-0.376252    -1.00526
-0.374696    -1.00684
-0.373136    -1.00841
-0.371572    -1.00998
-0.370005    -1.01154
-0.368434    -1.0131
-0.36686    -1.01466
-0.365282    -1.01621
-0.3637    -1.01776
-0.362114    -1.0193
-0.360525    -1.02084
-0.358932    -1.02238
-0.357336    -1.02391
-0.355736    -1.02544
-0.354132    -1.02696
-0.352524    -1.02848
-0.350913    -1.03
-0.349299    -1.03151
-0.34768    -1.03302
-0.346058    -1.03452
-0.344433    -1.03602
-0.342803    -1.03752
-0.34117    -1.03901
-0.339534    -1.0405
-0.337894    -1.04198
-0.33625    -1.04346
-0.334603    -1.04494
-0.332952    -1.04641
-0.331297    -1.04788
-0.329639    -1.04934
-0.327977    -1.0508
-0.326312    -1.05225
-0.324643    -1.0537
-0.32297    -1.05515
-0.321294    -1.05659
-0.319615    -1.05803
-0.317932    -1.05946
-0.316245    -1.06089
-0.314554    -1.06232
-0.312861    -1.06374
-0.311163    -1.06516
-0.309462    -1.06657
-0.307758    -1.06798
-0.30605    -1.06938
-0.304338    -1.07078
-0.302623    -1.07218
-0.300904    -1.07357
-0.299182    -1.07495
-0.297456    -1.07634
-0.295727    -1.07771
-0.293995    -1.07909
-0.292258    -1.08046
-0.290519    -1.08182
-0.288776    -1.08318
-0.287029    -1.08454
-0.285279    -1.08589
-0.283525    -1.08724
-0.281768    -1.08858
-0.280008    -1.08992
-0.278244    -1.09125
-0.276477    -1.09258
-0.274706    -1.0939
-0.272932    -1.09522
-0.271154    -1.09654
-0.269373    -1.09785
-0.267588    -1.09916
-0.2658    -1.10046
-0.264009    -1.10176
-0.262214    -1.10305
-0.260416    -1.10434
-0.258615    -1.10562
-0.25681    -1.1069
-0.255001    -1.10817
-0.25319    -1.10944
-0.251375    -1.11071
-0.249556    -1.11197
-0.247735    -1.11323
-0.24591    -1.11448
-0.244081    -1.11572
-0.242249    -1.11697
-0.240414    -1.1182
-0.238576    -1.11944
-0.236734    -1.12066
-0.234889    -1.12189
-0.233041    -1.12311
-0.231189    -1.12432
-0.229334    -1.12553
-0.227476    -1.12673
-0.225615    -1.12793
-0.22375    -1.12913
-0.221882    -1.13032
-0.220011    -1.1315
-0.218137    -1.13268
-0.216259    -1.13386
-0.214378    -1.13503
-0.212494    -1.13619
-0.210607    -1.13735
-0.208716    -1.13851
-0.206822    -1.13966
-0.204925    -1.14081
-0.203025    -1.14195
-0.201122    -1.14308
-0.199216    -1.14422
-0.197306    -1.14534
-0.195393    -1.14646
-0.193477    -1.14758
-0.191558    -1.14869
-0.189636    -1.1498
-0.187711    -1.1509
-0.185783    -1.152
-0.183851    -1.15309
-0.181917    -1.15418
-0.179979    -1.15526
-0.178038    -1.15633
-0.176094    -1.15741
-0.174147    -1.15847
-0.172197    -1.15953
-0.170245    -1.16059
-0.168288    -1.16164
-0.166329    -1.16269
-0.164367    -1.16373
-0.162402    -1.16477
-0.160434    -1.1658
-0.158463    -1.16682
-0.156489    -1.16784
-0.154512    -1.16886
-0.152532    -1.16987
-0.150549    -1.17087
-0.148563    -1.17187
-0.146575    -1.17287
-0.144583    -1.17386
-0.142588    -1.17484
-0.140591    -1.17582
-0.13859    -1.1768
-0.136587    -1.17776
-0.13458    -1.17873
-0.132571    -1.17969
-0.130559    -1.18064
-0.128544    -1.18159
-0.126527    -1.18253
-0.124506    -1.18347
-0.122483    -1.1844
-0.120457    -1.18532
-0.118428    -1.18625
-0.116396    -1.18716
-0.114361    -1.18807
-0.112324    -1.18898
-0.110284    -1.18988
-0.108241    -1.19077
-0.106196    -1.19166
-0.104147    -1.19254
-0.102096    -1.19342
-0.100042    -1.19429
-0.097986    -1.19516
-0.0959269    -1.19602
-0.093865    -1.19688
-0.0918005    -1.19773
-0.0897334    -1.19858
-0.0876636    -1.19942
-0.0855911    -1.20025
-0.083516    -1.20108
-0.0814383    -1.2019
-0.079358    -1.20272
-0.0772751    -1.20354
-0.0751896    -1.20434
-0.0731015    -1.20514
-0.0710109    -1.20594
-0.0689177    -1.20673
-0.066822    -1.20752
-0.0647237    -1.2083
-0.0626229    -1.20907
-0.0605196    -1.20984
-0.0584139    -1.2106
-0.0563056    -1.21136
-0.0541948    -1.21211
-0.0520816    -1.21285
-0.049966    -1.2136
-0.0478479    -1.21433
-0.0457274    -1.21506
-0.0436044    -1.21578
-0.0414791    -1.2165
-0.0393514    -1.21721
-0.0372212    -1.21792
-0.0350888    -1.21862
-0.0329539    -1.21931
-0.0308167    -1.22
-0.0286772    -1.22069
-0.0265354    -1.22137
-0.0243912    -1.22204
-0.0222448    -1.2227
-0.020096    -1.22336
-0.017945    -1.22402
-0.0157918    -1.22467
-0.0136362    -1.22531
-0.0114785    -1.22595
-0.00931853    -1.22658
-0.00715635    -1.22721
-0.00499197    -1.22783
-0.0028254    -1.22844
-0.00065666    -1.22905
0.00151424    -1.22965
0.00368729    -1.23025
0.00586247    -1.23084
0.00803977    -1.23143
0.0102192    -1.23201
0.0124007    -1.23258
0.0145843    -1.23315
0.01677    -1.23371
0.0189577    -1.23427
0.0211474    -1.23482
0.0233392    -1.23536
0.0255331    -1.2359
0.0277289    -1.23643
0.0299267    -1.23696
0.0321265    -1.23748
0.0343283    -1.238
0.036532    -1.2385
0.0387376    -1.23901
0.0409452    -1.2395
0.0431547    -1.24
0.0453661    -1.24048
0.0475793    -1.24096
0.0497945    -1.24143
0.0520115    -1.2419
0.0542303    -1.24236
0.056451    -1.24282
0.0586735    -1.24326
0.0608978    -1.24371
0.0631239    -1.24415
0.0653517    -1.24458
0.0675813    -1.245
0.0698127    -1.24542
0.0720458    -1.24583
0.0742806    -1.24624
0.0765171    -1.24664
0.0787553    -1.24704
0.0809952    -1.24742
0.0832368    -1.24781
0.08548    -1.24818
0.0877248    -1.24855
0.0899713    -1.24892
0.0922193    -1.24928
0.094469    -1.24963
0.0967202    -1.24998
0.098973    -1.25032
0.101227    -1.25065
0.103483    -1.25098
0.105741    -1.2513
0.107999    -1.25161
0.11026    -1.25192
0.112522    -1.25223
0.114785    -1.25252
0.11705    -1.25281
0.119316    -1.2531
0.121584    -1.25338
0.123853    -1.25365
0.126123    -1.25392
0.128395    -1.25418
0.130668    -1.25443
0.132942    -1.25468
0.135218    -1.25492
0.137495    -1.25515
0.139773    -1.25538
0.142053    -1.25561
0.144334    -1.25582
0.146616    -1.25603
0.1489    -1.25624
0.151184    -1.25643
0.15347    -1.25663
0.155757    -1.25681
0.158045    -1.25699
0.160335    -1.25716
0.162625    -1.25733
0.164917    -1.25749
0.16721    -1.25764
0.169503    -1.25779
0.171798    -1.25793
0.174094    -1.25807
0.176391    -1.2582
0.178689    -1.25832
0.180988    -1.25844
0.183289    -1.25855
0.18559    -1.25865
0.187892    -1.25875
0.190195    -1.25884
0.192499    -1.25892
0.194803    -1.259
0.197109    -1.25907
0.199416    -1.25914
0.201723    -1.2592
0.204032    -1.25925
0.206341    -1.2593
0.208651    -1.25934
0.210962    -1.25937
0.213274    -1.2594
0.215586    -1.25942
0.217899    -1.25944
0.220213    -1.25944
0.222528    -1.25945
0.224843    -1.25944
0.227159    -1.25943
0.229476    -1.25942
0.231794    -1.25939
0.234112    -1.25936
0.23643    -1.25933
0.23875    -1.25929
0.24107    -1.25924
0.24339    -1.25918
0.245711    -1.25912
0.248033    -1.25905
0.250355    -1.25898
0.252678    -1.2589
0.255001    -1.25881
0.257325    -1.25872
0.259649    -1.25862
0.261974    -1.25851
0.264299    -1.2584
0.266624    -1.25828
0.26895    -1.25815
0.271277    -1.25802
0.273603    -1.25788
0.27593    -1.25774
0.278258    -1.25759
0.280585    -1.25743
0.282913    -1.25727
0.285241    -1.2571
0.28757    -1.25692
0.289899    -1.25674
0.292228    -1.25655
0.294557    -1.25635
0.296887    -1.25615
0.299216    -1.25594
0.301546    -1.25572
0.303876    -1.2555
0.306206    -1.25527
0.308536    -1.25504
0.310867    -1.2548
0.313197    -1.25455
0.315528    -1.2543
0.317858    -1.25404
0.320189    -1.25377
0.322519    -1.25349
0.32485    -1.25322
0.32718    -1.25293
0.329511    -1.25264
0.331842    -1.25234
0.334172    -1.25203
0.336502    -1.25172
0.338833    -1.2514
0.341163    -1.25108
0.343493    -1.25074
0.345823    -1.25041
0.348152    -1.25006
0.350482    -1.24971
0.352811    -1.24936
0.35514    -1.24899
0.357469    -1.24862
0.359798    -1.24825
0.362126    -1.24786
0.364454    -1.24747
0.366782    -1.24708
0.369109    -1.24668
0.371436    -1.24627
0.373763    -1.24585
0.37609    -1.24543
0.378416    -1.245
0.380741    -1.24457
0.383066    -1.24413
0.385391    -1.24368
0.387715    -1.24323
0.390039    -1.24277
0.392363    -1.2423
0.394685    -1.24183
0.397008    -1.24135
0.399329    -1.24086
0.401651    -1.24037
0.403971    -1.23987
0.406291    -1.23936
0.408611    -1.23885
0.410929    -1.23834
0.413248    -1.23781
0.415565    -1.23728
0.417882    -1.23674
0.420198    -1.2362
0.422513    -1.23565
0.424828    -1.23509
0.427142    -1.23453
0.429455    -1.23396
0.431768    -1.23339
0.434079    -1.2328
0.43639    -1.23221
0.4387    -1.23162
0.441009    -1.23102
0.443317    -1.23041
0.445625    -1.2298
0.447931    -1.22918
0.450237    -1.22855
0.452542    -1.22792
0.454845    -1.22728
> 
0.925975    -0.925125
0.927667    -0.923204
0.929355    -0.921278
0.931039    -0.919348
0.932719    -0.917414
0.934395    -0.915475
0.936067    -0.913532
0.937734    -0.911585
0.939398    -0.909633
0.941058    -0.907677
0.942713    -0.905717
0.944365    -0.903752
0.946012    -0.901783
0.947656    -0.89981
0.949295    -0.897833
0.95093    -0.895852
0.952561    -0.893866
0.954188    -0.891876
0.955811    -0.889882
0.95743    -0.887884
0.959044    -0.885882
0.960655    -0.883875
0.962261    -0.881864
0.963863    -0.87985
0.965461    -0.877831
0.967054    -0.875808
0.968644    -0.873781
0.970229    -0.87175
0.971811    -0.869715
0.973388    -0.867676
0.97496    -0.865633
0.976529    -0.863585
0.978093    -0.861534
0.979654    -0.859479
0.981209    -0.85742
0.982761    -0.855357
0.984309    -0.85329
0.985852    -0.851219
0.987391    -0.849144
0.988926    -0.847065
0.990456    -0.844982
0.991982    -0.842896
0.993504    -0.840806
0.995022    -0.838711
0.996535    -0.836613
0.998044    -0.834511
0.999549    -0.832405
1.00105    -0.830296
1.00255    -0.828183
1.00404    -0.826065
1.00552    -0.823945
1.00701    -0.82182
1.00849    -0.819692
1.00996    -0.81756
1.01143    -0.815424
1.0129    -0.813284
1.01436    -0.811141
1.01582    -0.808994
1.01727    -0.806844
1.01872    -0.80469
1.02016    -0.802532
1.0216    -0.800371
1.02304    -0.798206
1.02447    -0.796037
1.0259    -0.793865
1.02732    -0.791689
1.02874    -0.78951
1.03015    -0.787327
1.03156    -0.785141
1.03296    -0.782951
1.03436    -0.780758
1.03576    -0.778561
1.03715    -0.776361
1.03854    -0.774157
1.03992    -0.77195
1.0413    -0.769739
1.04267    -0.767525
1.04404    -0.765308
1.04541    -0.763087
1.04677    -0.760863
1.04812    -0.758635
1.04948    -0.756404
1.05082    -0.75417
1.05217    -0.751933
1.0535    -0.749692
1.05484    -0.747448
1.05617    -0.7452
1.05749    -0.742949
1.05881    -0.740696
1.06013    -0.738438
1.06144    -0.736178
1.06275    -0.733914
1.06405    -0.731647
1.06535    -0.729377
1.06664    -0.727104
1.06793    -0.724828
1.06922    -0.722548
1.0705    -0.720265
1.07177    -0.71798
1.07304    -0.715691
1.07431    -0.713399
1.07557    -0.711103
1.07683    -0.708805
1.07808    -0.706504
1.07933    -0.7042
1.08058    -0.701892
1.08182    -0.699582
1.08305    -0.697269
1.08428    -0.694952
1.08551    -0.692633
1.08673    -0.690311
1.08795    -0.687986
1.08916    -0.685657
1.09037    -0.683326
1.09157    -0.680992
1.09277    -0.678655
1.09396    -0.676316
1.09515    -0.673973
1.09634    -0.671627
1.09752    -0.669279
1.0987    -0.666928
1.09987    -0.664574
1.10104    -0.662217
1.1022    -0.659857
1.10336    -0.657495
1.10451    -0.655129
1.10566    -0.652762
1.10681    -0.650391
1.10795    -0.648017
1.10908    -0.645641
1.11021    -0.643262
1.11134    -0.640881
1.11246    -0.638497
1.11358    -0.63611
1.11469    -0.63372
1.1158    -0.631328
1.11691    -0.628933
1.11801    -0.626536
1.1191    -0.624136
1.12019    -0.621733
1.12128    -0.619328
1.12236    -0.61692
1.12343    -0.61451
1.12451    -0.612097
1.12557    -0.609682
1.12664    -0.607264
1.1277    -0.604843
1.12875    -0.602421
1.1298    -0.599995
1.13084    -0.597567
1.13188    -0.595137
1.13292    -0.592705
1.13395    -0.590269
1.13498    -0.587832
1.136    -0.585392
1.13702    -0.58295
1.13803    -0.580505
1.13904    -0.578058
1.14004    -0.575609
1.14104    -0.573157
1.14204    -0.570703
1.14303    -0.568247
1.14402    -0.565788
1.145    -0.563328
1.14597    -0.560864
1.14695    -0.558399
1.14791    -0.555932
1.14888    -0.553462
1.14984    -0.55099
1.15079    -0.548515
1.15174    -0.546039
1.15269    -0.54356
1.15363    -0.541079
1.15456    -0.538597
1.1555    -0.536111
1.15642    -0.533624
1.15735    -0.531135
1.15826    -0.528643
1.15918    -0.52615
1.16009    -0.523654
1.16099    -0.521157
1.16189    -0.518657
1.16279    -0.516155
1.16368    -0.513651
1.16456    -0.511146
1.16545    -0.508638
1.16632    -0.506128
1.1672    -0.503616
1.16807    -0.501102
1.16893    -0.498587
1.16979    -0.496069
1.17065    -0.49355
1.1715    -0.491028
1.17234    -0.488505
1.17318    -0.485979
1.17402    -0.483452
1.17485    -0.480923
1.17568    -0.478392
1.17651    -0.47586
1.17733    -0.473325
1.17814    -0.470789
1.17895    -0.46825
1.17976    -0.46571
1.18056    -0.463169
1.18136    -0.460625
1.18215    -0.45808
1.18294    -0.455533
1.18372    -0.452984
1.1845    -0.450433
1.18527    -0.447881
1.18605    -0.445327
1.18681    -0.442772
1.18757    -0.440214
1.18833    -0.437656
1.18908    -0.435095
1.18983    -0.432533
1.19058    -0.429969
1.19131    -0.427403
1.19205    -0.424836
1.19278    -0.422268
1.19351    -0.419697
1.19423    -0.417126
1.19495    -0.414552
1.19566    -0.411977
1.19637    -0.409401
1.19707    -0.406823
1.19777    -0.404244
1.19847    -0.401663
1.19916    -0.39908
1.19985    -0.396496
1.20053    -0.393911
1.20121    -0.391324
1.20188    -0.388736
1.20255    -0.386146
1.20322    -0.383555
1.20388    -0.380962
1.20453    -0.378368
1.20518    -0.375773
1.20583    -0.373177
1.20648    -0.370579
1.20711    -0.367979
1.20775    -0.365378
1.20838    -0.362776
1.20901    -0.360173
1.20963    -0.357568
1.21024    -0.354963
1.21086    -0.352355
1.21147    -0.349747
1.21207    -0.347137
1.21267    -0.344526
1.21327    -0.341914
1.21386    -0.339301
1.21445    -0.336686
1.21503    -0.33407
1.21561    -0.331453
1.21618    -0.328835
1.21675    -0.326216
1.21732    -0.323595
1.21788    -0.320973
1.21844    -0.318351
1.21899    -0.315727
1.21954    -0.313102
1.22009    -0.310476
1.22063    -0.307848
1.22117    -0.30522
1.2217    -0.302591
1.22223    -0.29996
1.22275    -0.297329
1.22327    -0.294697
1.22378    -0.292063
1.2243    -0.289429
1.2248    -0.286793
1.22531    -0.284157
1.22581    -0.281519
1.2263    -0.278881
1.22679    -0.276241
1.22728    -0.273601
1.22776    -0.27096
1.22824    -0.268317
1.22871    -0.265674
1.22918    -0.26303
1.22965    -0.260385
1.23011    -0.25774
1.23057    -0.255093
1.23102    -0.252446
1.23147    -0.249797
1.23191    -0.247148
1.23236    -0.244498
1.23279    -0.241847
1.23323    -0.239195
1.23365    -0.236543
1.23408    -0.23389
1.2345    -0.231236
1.23492    -0.228581
1.23533    -0.225925
1.23574    -0.223269
1.23614    -0.220612
1.23654    -0.217954
1.23694    -0.215296
1.23733    -0.212637
1.23772    -0.209977
1.23811    -0.207316
1.23849    -0.204655
1.23886    -0.201993
1.23923    -0.199331
1.2396    -0.196668
1.23997    -0.194004
1.24033    -0.19134
1.24069    -0.188675
1.24104    -0.186009
1.24139    -0.183343
1.24173    -0.180676
1.24207    -0.178009
1.24241    -0.175341
1.24274    -0.172672
1.24307    -0.170003
1.2434    -0.167334
1.24372    -0.164664
1.24404    -0.161993
1.24435    -0.159322
1.24466    -0.15665
1.24496    -0.153978
1.24527    -0.151306
1.24556    -0.148633
1.24586    -0.145959
1.24615    -0.143286
1.24644    -0.140611
1.24672    -0.137937
1.247    -0.135261
1.24727    -0.132586
1.24754    -0.12991
1.24781    -0.127234
1.24808    -0.124557
1.24833    -0.12188
1.24859    -0.119203
1.24884    -0.116525
1.24909    -0.113847
1.24934    -0.111168
1.24958    -0.10849
1.24982    -0.105811
1.25005    -0.103131
1.25028    -0.100452
1.2505    -0.0977717
1.25073    -0.0950915
1.25095    -0.0924111
1.25116    -0.0897304
1.25137    -0.0870495
1.25158    -0.0843684
1.25178    -0.081687
1.25198    -0.0790054
1.25218    -0.0763236
1.25237    -0.0736416
1.25256    -0.0709595
1.25275    -0.0682771
1.25293    -0.0655946
1.25311    -0.0629119
1.25328    -0.0602291
1.25345    -0.0575462
1.25362    -0.0548631
1.25379    -0.0521799
1.25395    -0.0494965
1.2541    -0.0468131
1.25426    -0.0441296
1.25441    -0.041446
1.25455    -0.0387623
1.25469    -0.0360785
1.25483    -0.0333947
1.25497    -0.0307109
1.2551    -0.028027
1.25523    -0.025343
1.25535    -0.0226591
1.25548    -0.0199751
1.25559    -0.0172911
1.25571    -0.0146072
1.25582    -0.0119232
1.25593    -0.00923925
1.25603    -0.00655534
1.25613    -0.00387147
1.25623    -0.00118764
1.25632    0.00149614
1.25641    0.00417984
1.2565    0.00686348
1.25658    0.00954704
1.25666    0.0122305
1.25674    0.0149139
1.25681    0.0175971
1.25688    0.0202803
1.25695    0.0229633
1.25701    0.0256462
1.25707    0.0283289
1.25713    0.0310115
1.25718    0.033694
1.25723    0.0363763
1.25728    0.0390584
1.25732    0.0417403
1.25736    0.044422
1.2574    0.0471036
1.25743    0.0497849
1.25746    0.052466
1.25749    0.0551469
1.25751    0.0578275
1.25753    0.0605079
1.25755    0.0631881
1.25757    0.065868
1.25758    0.0685477
1.25758    0.071227
1.25759    0.0739061
1.25759    0.0765849
1.25759    0.0792634
1.25758    0.0819417
1.25757    0.0846195
1.25756    0.0872971
1.25755    0.0899744
1.25753    0.0926513
1.25751    0.0953278
1.25748    0.098004
1.25746    0.10068
1.25743    0.103355
1.25739    0.10603
1.25736    0.108705
1.25732    0.11138
1.25727    0.114053
1.25723    0.116727
1.25718    0.1194
1.25713    0.122073
1.25707    0.124745
1.25702    0.127417
1.25695    0.130088
1.25689    0.132759
1.25682    0.13543
1.25675    0.1381
1.25668    0.140769
1.25661    0.143438
1.25653    0.146107
1.25644    0.148775
1.25636    0.151442
1.25627    0.154109
1.25618    0.156776
1.25609    0.159442
1.25599    0.162107
1.25589    0.164772
1.25579    0.167437
1.25569    0.1701
1.25558    0.172764
1.25547    0.175426
1.25535    0.178088
1.25524    0.18075
1.25512    0.183411
1.255    0.186071
1.25487    0.188731
1.25474    0.19139
1.25461    0.194048
1.25448    0.196706
1.25434    0.199364
1.25421    0.20202
1.25406    0.204676
1.25392    0.207331
1.25377    0.209986
1.25362    0.21264
1.25347    0.215293
1.25332    0.217946
1.25316    0.220597
1.253    0.223249
1.25284    0.225899
1.25267    0.228549
1.2525    0.231198
1.25233    0.233846
1.25216    0.236494
1.25198    0.239141
1.2518    0.241787
1.25162    0.244432
1.25144    0.247077
1.25125    0.24972
1.25106    0.252364
1.25087    0.255006
1.25067    0.257647
1.25048    0.260288
1.25028    0.262928
1.25007    0.265567
1.24987    0.268205
1.24966    0.270843
1.24945    0.273479
1.24924    0.276115
1.24903    0.27875
1.24881    0.281384
1.24859    0.284017
1.24837    0.28665
1.24815    0.289281
1.24792    0.291912
1.24769    0.294542
1.24746    0.297171
1.24722    0.299799
1.24699    0.302426
1.24675    0.305052
1.24651    0.307677
1.24626    0.310302
1.24602    0.312925
1.24577    0.315548
1.24552    0.31817
1.24527    0.32079
1.24501    0.32341
1.24476    0.326029
1.2445    0.328647
1.24423    0.331264
1.24397    0.333879
1.2437    0.336494
1.24344    0.339108
1.24316    0.341721
1.24289    0.344333
1.24262    0.346944
1.24234    0.349554
1.24206    0.352163
1.24178    0.354771
1.24149    0.357378
1.24121    0.359984
1.24092    0.362589
1.24063    0.365193
1.24034    0.367795
1.24004    0.370397
1.23974    0.372998
1.23945    0.375597
1.23915    0.378196
1.23884    0.380793
1.23854    0.38339
1.23823    0.385985
1.23792    0.388579
1.23761    0.391173
1.2373    0.393765
1.23698    0.396355
1.23666    0.398945
1.23634    0.401534
1.23602    0.404121
1.2357    0.406708
1.23538    0.409293
1.23505    0.411877
1.23472    0.41446
1.23439    0.417042
1.23406    0.419623
1.23372    0.422203
1.23338    0.424781
1.23305    0.427358
1.2327    0.429934
1.23236    0.432509
1.23202    0.435083
1.23167    0.437655
1.23132    0.440226
1.23097    0.442796
1.23062    0.445365
