-0.771691    1.05621
-0.771231    1.05456
-0.770775    1.0529
-0.770321    1.05124
-0.76987    1.04959
-0.769422    1.04792
-0.768977    1.04626
-0.768535    1.04459
-0.768096    1.04292
-0.767659    1.04125
-0.767226    1.03958
-0.766795    1.0379
-0.766367    1.03622
-0.765942    1.03454
-0.76552    1.03286
-0.765101    1.03117
-0.764684    1.02948
-0.76427    1.02779
-0.763859    1.02609
-0.763451    1.0244
-0.763046    1.0227
-0.762643    1.021
-0.762244    1.01929
-0.761846    1.01759
-0.761452    1.01588
-0.761061    1.01416
-0.760672    1.01245
-0.760286    1.01073
-0.759902    1.00902
-0.759522    1.00729
-0.759144    1.00557
-0.758768    1.00384
-0.758396    1.00212
-0.758026    1.00038
-0.757659    0.998651
-0.757294    0.996915
-0.756932    0.995177
-0.756573    0.993436
-0.756216    0.991693
-0.755862    0.989948
-0.755511    0.9882
-0.755162    0.98645
-0.754816    0.984697
-0.754472    0.982943
-0.754131    0.981185
-0.753793    0.979426
-0.753457    0.977664
-0.753124    0.9759
-0.752793    0.974133
-0.752465    0.972364
-0.752139    0.970593
-0.751816    0.96882
-0.751495    0.967044
-0.751177    0.965265
-0.750861    0.963485
-0.750548    0.961702
-0.750238    0.959917
-0.74993    0.95813
-0.749624    0.95634
-0.749321    0.954548
-0.74902    0.952754
-0.748722    0.950958
-0.748426    0.949159
-0.748132    0.947358
-0.747841    0.945554
-0.747553    0.943749
-0.747266    0.941941
-0.746983    0.940131
-0.746701    0.938319
-0.746422    0.936504
-0.746145    0.934688
-0.745871    0.932869
-0.745599    0.931048
-0.74533    0.929224
-0.745062    0.927399
-0.744797    0.925571
-0.744535    0.923741
-0.744274    0.921909
-0.744016    0.920074
-0.74376    0.918238
-0.743507    0.916399
-0.743256    0.914558
-0.743007    0.912715
-0.74276    0.910869
-0.742516    0.909022
-0.742274    0.907172
-0.742034    0.90532
-0.741796    0.903466
-0.74156    0.90161
-0.741327    0.899752
-0.741096    0.897892
-0.740867    0.896029
-0.74064    0.894165
-0.740416    0.892298
-0.740194    0.890429
-0.739973    0.888558
-0.739755    0.886685
-0.739539    0.88481
-0.739325    0.882932
-0.739114    0.881053
-0.738904    0.879171
-0.738697    0.877288
-0.738491    0.875402
-0.738288    0.873514
-0.738087    0.871624
-0.737888    0.869732
-0.73769    0.867838
-0.737495    0.865942
-0.737302    0.864044
-0.737111    0.862144
-0.736922    0.860242
-0.736736    0.858337
-0.736551    0.856431
-0.736368    0.854523
-0.736187    0.852612
-0.736008    0.8507
-0.735831    0.848785
-0.735656    0.846869
-0.735483    0.84495
-0.735312    0.84303
-0.735142    0.841107
-0.734975    0.839183
-0.73481    0.837256
-0.734646    0.835328
-0.734485    0.833397
-0.734325    0.831465
-0.734167    0.82953
-0.734012    0.827594
-0.733858    0.825655
-0.733705    0.823715
-0.733555    0.821772
-0.733407    0.819828
-0.73326    0.817882
-0.733115    0.815933
-0.732972    0.813983
-0.732831    0.812031
-0.732692    0.810077
-0.732554    0.808121
-0.732418    0.806163
-0.732284    0.804203
-0.732152    0.802241
-0.732021    0.800277
-0.731893    0.798312
-0.731765    0.796344
-0.73164    0.794375
-0.731516    0.792403
-0.731395    0.79043
-0.731274    0.788455
-0.731156    0.786478
-0.731039    0.784499
-0.730924    0.782518
-0.73081    0.780535
-0.730698    0.778551
-0.730588    0.776564
-0.730479    0.774576
-0.730372    0.772586
-0.730267    0.770594
-0.730163    0.7686
-0.730061    0.766604
-0.729961    0.764606
-0.729862    0.762607
-0.729764    0.760605
-0.729668    0.758602
-0.729574    0.756597
-0.729481    0.754591
-0.72939    0.752582
-0.7293    0.750572
-0.729212    0.748559
-0.729126    0.746545
-0.72904    0.744529
-0.728957    0.742512
-0.728875    0.740492
-0.728794    0.738471
-0.728715    0.736448
-0.728637    0.734423
-0.72856    0.732397
-0.728486    0.730368
-0.728412    0.728338
-0.72834    0.726306
-0.728269    0.724272
-0.7282    0.722237
-0.728132    0.7202
-0.728066    0.718161
-0.728001    0.71612
-0.727937    0.714078
-0.727874    0.712034
-0.727813    0.709988
-0.727754    0.70794
-0.727695    0.705891
-0.727638    0.703839
-0.727582    0.701787
-0.727528    0.699732
-0.727475    0.697676
-0.727423    0.695618
-0.727372    0.693558
-0.727323    0.691497
-0.727275    0.689434
-0.727228    0.687369
-0.727182    0.685303
-0.727138    0.683235
-0.727094    0.681165
-0.727052    0.679093
-0.727012    0.67702
-0.726972    0.674946
-0.726934    0.672869
-0.726896    0.670791
-0.72686    0.668711
-0.726825    0.66663
-0.726791    0.664547
-0.726759    0.662462
-0.726727    0.660376
-0.726697    0.658288
-0.726667    0.656198
-0.726639    0.654107
-0.726612    0.652014
-0.726586    0.64992
-0.726561    0.647824
-0.726537    0.645726
-0.726514    0.643627
-0.726492    0.641526
-0.726472    0.639423
-0.726452    0.637319
-0.726433    0.635214
-0.726415    0.633106
-0.726398    0.630998
-0.726383    0.628887
-0.726368    0.626775
-0.726354    0.624662
-0.726341    0.622547
-0.726329    0.62043
-0.726318    0.618312
-0.726308    0.616192
-0.726299    0.614071
-0.726291    0.611948
-0.726283    0.609824
-0.726277    0.607698
-0.726271    0.605571
-0.726267    0.603442
-0.726263    0.601311
-0.72626    0.599179
-0.726258    0.597046
-0.726256    0.594911
-0.726256    0.592774
-0.726256    0.590636
-0.726257    0.588497
-0.726259    0.586356
-0.726262    0.584213
-0.726266    0.58207
-0.72627    0.579924
-0.726275    0.577777
-0.726281    0.575629
-0.726287    0.573479
-0.726295    0.571328
-0.726303    0.569175
-0.726311    0.567021
-0.726321    0.564865
-0.726331    0.562708
-0.726342    0.56055
-0.726353    0.55839
-0.726365    0.556229
-0.726378    0.554066
-0.726392    0.551902
-0.726406    0.549736
-0.72642    0.547569
-0.726436    0.545401
-0.726452    0.543231
-0.726468    0.541059
-0.726485    0.538887
-0.726503    0.536713
-0.726522    0.534537
-0.72654    0.532361
-0.72656    0.530182
-0.72658    0.528003
-0.7266    0.525822
-0.726621    0.52364
-0.726643    0.521456
-0.726665    0.519271
-0.726688    0.517085
-0.726711    0.514897
-0.726734    0.512708
-0.726758    0.510518
-0.726783    0.508326
-0.726808    0.506133
-0.726833    0.503939
-0.726859    0.501743
-0.726885    0.499546
-0.726912    0.497348
-0.726939    0.495148
-0.726966    0.492948
-0.726994    0.490745
-0.727022    0.488542
-0.727051    0.486337
-0.72708    0.484131
-0.727109    0.481924
-0.727139    0.479715
-0.727169    0.477505
-0.727199    0.475294
-0.727229    0.473082
-0.72726    0.470868
-0.727291    0.468653
-0.727323    0.466437
-0.727355    0.46422
-0.727387    0.462001
-0.727419    0.459781
-0.727451    0.45756
-0.727484    0.455338
-0.727517    0.453115
-0.72755    0.45089
-0.727584    0.448664
-0.727617    0.446437
-0.727651    0.444209
-0.727685    0.441979
-0.727719    0.439748
-0.727753    0.437516
-0.727788    0.435283
-0.727822    0.433049
-0.727857    0.430814
-0.727892    0.428577
-0.727927    0.426339
-0.727962    0.4241
-0.727997    0.42186
-0.728032    0.419619
-0.728067    0.417377
-0.728103    0.415133
-0.728138    0.412889
-0.728173    0.410643
-0.728209    0.408396
-0.728244    0.406148
-0.72828    0.403899
-0.728315    0.401649
-0.728351    0.399397
-0.728387    0.397145
-0.728422    0.394892
-0.728457    0.392637
-0.728493    0.390381
-0.728528    0.388124
-0.728564    0.385867
-0.728599    0.383608
-0.728634    0.381348
-0.728669    0.379087
-0.728704    0.376825
-0.728739    0.374561
-0.728774    0.372297
-0.728809    0.370032
-0.728843    0.367766
-0.728878    0.365498
-0.728912    0.36323
-0.728946    0.360961
-0.72898    0.35869
-0.729013    0.356419
-0.729047    0.354147
-0.72908    0.351873
-0.729114    0.349599
-0.729146    0.347323
-0.729179    0.345047
-0.729212    0.34277
-0.729244    0.340491
-0.729276    0.338212
-0.729307    0.335932
-0.729339    0.333651
-0.72937    0.331368
-0.729401    0.329085
-0.729431    0.326801
-0.729462    0.324516
-0.729492    0.32223
-0.729521    0.319943
-0.72955    0.317656
-0.729579    0.315367
-0.729608    0.313077
-0.729636    0.310787
-0.729664    0.308495
-0.729691    0.306203
-0.729718    0.30391
-0.729745    0.301615
-0.729771    0.29932
-0.729797    0.297025
-0.729822    0.294728
-0.729847    0.29243
-0.729871    0.290132
-0.729895    0.287832
-0.729919    0.285532
-0.729942    0.283231
-0.729964    0.280929
-0.729986    0.278626
-0.730008    0.276323
-0.730029    0.274018
-0.73005    0.271713
-0.730069    0.269407
-0.730089    0.2671
-0.730108    0.264792
-0.730126    0.262484
-0.730144    0.260175
-0.730161    0.257865
-0.730177    0.255554
-0.730193    0.253242
-0.730209    0.25093
-0.730223    0.248616
-0.730238    0.246303
-0.730251    0.243988
-0.730264    0.241672
-0.730276    0.239356
-0.730287    0.237039
-0.730298    0.234722
-0.730308    0.232403
-0.730318    0.230084
-0.730326    0.227764
-0.730334    0.225444
-0.730342    0.223122
-0.730348    0.2208
-0.730354    0.218478
-0.730359    0.216154
-0.730364    0.21383
-0.730367    0.211506
-0.73037    0.20918
-0.730372    0.206854
-0.730373    0.204527
-0.730373    0.2022
-0.730373    0.199872
-0.730372    0.197543
-0.73037    0.195214
-0.730367    0.192884
-0.730363    0.190553
-0.730358    0.188222
-0.730353    0.18589
-0.730346    0.183558
-0.730339    0.181225
-0.730331    0.178891
-0.730322    0.176557
-0.730312    0.174222
-0.730301    0.171886
-0.730289    0.16955
-0.730276    0.167214
-0.730263    0.164876
-0.730248    0.162539
-0.730232    0.1602
-0.730216    0.157861
-0.730198    0.155522
-0.730179    0.153182
-0.73016    0.150841
-0.730139    0.1485
-0.730118    0.146159
-0.730095    0.143817
-0.730071    0.141474
-0.730046    0.139131
-0.73002    0.136787
-0.729994    0.134443
-0.729966    0.132099
-0.729936    0.129754
-0.729906    0.127408
-0.729875    0.125062
-0.729843    0.122716
-0.729809    0.120369
-0.729774    0.118021
-0.729739    0.115673
-0.729702    0.113325
-0.729664    0.110976
-0.729624    0.108627
-0.729584    0.106278
-0.729542    0.103928
-0.729499    0.101577
-0.729455    0.0992264
-0.72941    0.0968751
-0.729364    0.0945235
-0.729316    0.0921714
-0.729267    0.089819
-0.729217    0.0874662
-0.729165    0.0851131
-0.729113    0.0827595
-0.729059    0.0804057
-0.729003    0.0780514
-0.728947    0.0756968
-0.728889    0.0733419
-0.72883    0.0709866
-0.728769    0.068631
-0.728707    0.0662751
-0.728644    0.0639188
-0.72858    0.0615622
