-0.444567    -1.23068
-0.442833    -1.23001
-0.441102    -1.22933
-0.439374    -1.22865
-0.437649    -1.22796
-0.435926    -1.22727
-0.434207    -1.22658
-0.43249    -1.22587
-0.430775    -1.22517
-0.429064    -1.22446
-0.427355    -1.22374
-0.425649    -1.22302
-0.423946    -1.2223
-0.422246    -1.22157
-0.420549    -1.22083
-0.418854    -1.22009
-0.417162    -1.21935
-0.415473    -1.2186
-0.413787    -1.21785
-0.412104    -1.21709
-0.410423    -1.21633
-0.408746    -1.21556
-0.407071    -1.21479
-0.405399    -1.21401
-0.40373    -1.21323
-0.402063    -1.21244
-0.4004    -1.21165
-0.39874    -1.21085
-0.397082    -1.21005
-0.395427    -1.20925
-0.393775    -1.20844
-0.392126    -1.20762
-0.39048    -1.2068
-0.388837    -1.20598
-0.387197    -1.20515
-0.385559    -1.20432
-0.383925    -1.20348
-0.382293    -1.20264
-0.380664    -1.20179
-0.379039    -1.20094
-0.377416    -1.20008
-0.375796    -1.19922
-0.374179    -1.19836
-0.372565    -1.19749
-0.370954    -1.19661
-0.369345    -1.19573
-0.36774    -1.19485
-0.366138    -1.19396
-0.364538    -1.19307
-0.362942    -1.19217
-0.361348    -1.19127
-0.359758    -1.19037
-0.35817    -1.18946
-0.356586    -1.18854
-0.355004    -1.18762
-0.353426    -1.1867
-0.35185    -1.18577
-0.350277    -1.18484
-0.348707    -1.1839
-0.347141    -1.18296
-0.345577    -1.18201
-0.344016    -1.18106
-0.342458    -1.18011
-0.340904    -1.17915
-0.339352    -1.17819
-0.337803    -1.17722
-0.336257    -1.17625
-0.334714    -1.17527
-0.333175    -1.17429
-0.331638    -1.17331
-0.330104    -1.17232
-0.328573    -1.17132
-0.327046    -1.17033
-0.325521    -1.16932
-0.323999    -1.16832
-0.322481    -1.16731
-0.320965    -1.16629
-0.319452    -1.16527
-0.317943    -1.16425
-0.316436    -1.16322
-0.314933    -1.16219
-0.313432    -1.16115
-0.311935    -1.16011
-0.310441    -1.15907
-0.308949    -1.15802
-0.307461    -1.15696
-0.305976    -1.15591
-0.304493    -1.15485
-0.303014    -1.15378
-0.301538    -1.15271
-0.300065    -1.15164
-0.298595    -1.15056
-0.297128    -1.14948
-0.295664    -1.14839
-0.294203    -1.1473
-0.292745    -1.1462
-0.291291    -1.14511
-0.289839    -1.144
-0.28839    -1.1429
-0.286945    -1.14178
-0.285502    -1.14067
-0.284063    -1.13955
-0.282627    -1.13843
-0.281193    -1.1373
-0.279763    -1.13617
-0.278336    -1.13503
-0.276912    -1.13389
-0.275491    -1.13275
-0.274073    -1.1316
-0.272658    -1.13045
-0.271246    -1.1293
-0.269838    -1.12814
-0.268432    -1.12697
-0.26703    -1.12581
-0.26563    -1.12463
-0.264234    -1.12346
-0.26284    -1.12228
-0.26145    -1.1211
-0.260063    -1.11991
-0.258679    -1.11872
-0.257298    -1.11752
-0.25592    -1.11632
-0.254545    -1.11512
-0.253174    -1.11391
-0.251805    -1.1127
-0.250439    -1.11149
-0.249077    -1.11027
-0.247717    -1.10905
-0.246361    -1.10782
-0.245008    -1.10659
-0.243658    -1.10536
-0.242311    -1.10412
-0.240967    -1.10288
-0.239626    -1.10163
-0.238288    -1.10039
-0.236953    -1.09913
-0.235622    -1.09788
-0.234293    -1.09662
-0.232968    -1.09535
-0.231645    -1.09408
-0.230326    -1.09281
-0.22901    -1.09154
-0.227697    -1.09026
-0.226387    -1.08897
-0.22508    -1.08769
-0.223776    -1.0864
-0.222475    -1.0851
-0.221177    -1.08381
-0.219882    -1.0825
-0.218591    -1.0812
-0.217302    -1.07989
-0.216017    -1.07858
-0.214735    -1.07726
-0.213455    -1.07594
-0.212179    -1.07462
-0.210906    -1.07329
-0.209636    -1.07196
-0.208369    -1.07062
-0.207105    -1.06929
-0.205844    -1.06794
-0.204587    -1.0666
-0.203332    -1.06525
-0.20208    -1.0639
-0.200832    -1.06254
-0.199586    -1.06118
-0.198344    -1.05982
-0.197105    -1.05845
-0.195868    -1.05708
-0.194635    -1.05571
-0.193405    -1.05433
-0.192178    -1.05295
-0.190954    -1.05156
-0.189733    -1.05017
-0.188515    -1.04878
-0.1873    -1.04739
-0.186088    -1.04599
-0.184879    -1.04459
-0.183674    -1.04318
-0.182471    -1.04177
-0.181271    -1.04036
-0.180075    -1.03894
-0.178881    -1.03752
-0.177691    -1.0361
-0.176503    -1.03467
-0.175319    -1.03324
-0.174138    -1.03181
-0.172959    -1.03037
-0.171784    -1.02893
-0.170612    -1.02749
-0.169442    -1.02604
-0.168276    -1.02459
-0.167113    -1.02314
-0.165953    -1.02168
-0.164796    -1.02022
-0.163642    -1.01876
-0.162491    -1.01729
-0.161342    -1.01582
-0.160197    -1.01434
-0.159055    -1.01287
-0.157916    -1.01139
-0.15678    -1.0099
-0.155647    -1.00842
-0.154517    -1.00693
-0.15339    -1.00543
-0.152266    -1.00393
-0.151145    -1.00243
-0.150027    -1.00093
-0.148912    -0.999423
-0.1478    -0.997912
-0.146691    -0.996399
-0.145585    -0.994882
-0.144482    -0.993362
-0.143382    -0.991839
-0.142285    -0.990312
-0.14119    -0.988782
-0.140099    -0.987249
-0.139011    -0.985713
-0.137926    -0.984174
-0.136844    -0.982631
-0.135764    -0.981085
-0.134688    -0.979536
-0.133615    -0.977984
-0.132544    -0.976429
-0.131477    -0.97487
-0.130412    -0.973309
-0.12935    -0.971744
-0.128292    -0.970176
-0.127236    -0.968605
-0.126183    -0.967031
-0.125133    -0.965453
-0.124087    -0.963873
-0.123043    -0.962289
-0.122002    -0.960703
-0.120963    -0.959113
-0.119928    -0.95752
-0.118896    -0.955924
-0.117867    -0.954325
-0.11684    -0.952723
-0.115816    -0.951118
-0.114796    -0.949509
-0.113778    -0.947898
-0.112763    -0.946284
-0.111751    -0.944666
-0.110742    -0.943046
-0.109736    -0.941423
-0.108733    -0.939796
-0.107732    -0.938167
-0.106735    -0.936534
-0.10574    -0.934899
-0.104748    -0.93326
-0.103759    -0.931619
-0.102773    -0.929974
-0.10179    -0.928327
-0.10081    -0.926677
-0.0998322    -0.925023
-0.0988575    -0.923367
-0.0978857    -0.921708
-0.0969168    -0.920046
-0.0959507    -0.918381
-0.0949874    -0.916713
-0.0940269    -0.915042
-0.0930693    -0.913368
-0.0921145    -0.911691
-0.0911625    -0.910011
-0.0902134    -0.908329
-0.089267    -0.906643
-0.0883235    -0.904955
-0.0873828    -0.903264
-0.0864448    -0.90157
-0.0855097    -0.899873
-0.0845774    -0.898173
-0.0836478    -0.89647
-0.082721    -0.894765
-0.0817971    -0.893056
-0.0808759    -0.891345
-0.0799574    -0.889631
-0.0790418    -0.887914
-0.0781289    -0.886195
-0.0772188    -0.884472
-0.0763114    -0.882747
-0.0754068    -0.881019
-0.0745049    -0.879288
-0.0736058    -0.877554
-0.0727094    -0.875818
-0.0718158    -0.874079
-0.0709249    -0.872337
-0.0700367    -0.870592
-0.0691513    -0.868845
-0.0682685    -0.867094
-0.0673885    -0.865342
-0.0665112    -0.863586
-0.0656366    -0.861827
-0.0647647    -0.860066
-0.0638955    -0.858303
-0.063029    -0.856536
-0.0621652    -0.854767
-0.0613041    -0.852995
-0.0604457    -0.85122
-0.0595899    -0.849443
-0.0587368    -0.847663
-0.0578864    -0.84588
-0.0570386    -0.844095
-0.0561935    -0.842307
-0.0553511    -0.840516
-0.0545113    -0.838723
-0.0536741    -0.836927
-0.0528396    -0.835128
-0.0520077    -0.833327
-0.0511785    -0.831523
-0.0503518    -0.829717
-0.0495278    -0.827908
-0.0487064    -0.826096
-0.0478877    -0.824282
-0.0470715    -0.822465
-0.0462579    -0.820646
-0.045447    -0.818824
-0.0446386    -0.816999
-0.0438328    -0.815172
-0.0430296    -0.813342
-0.042229    -0.81151
-0.041431    -0.809675
-0.0406355    -0.807838
-0.0398426    -0.805998
-0.0390522    -0.804155
-0.0382644    -0.80231
-0.0374792    -0.800463
-0.0366964    -0.798613
-0.0359163    -0.79676
-0.0351386    -0.794905
-0.0343635    -0.793048
-0.0335909    -0.791188
-0.0328209    -0.789325
-0.0320533    -0.78746
-0.0312883    -0.785593
-0.0305257    -0.783723
-0.0297657    -0.781851
-0.0290081    -0.779976
-0.0282531    -0.778099
-0.0275005    -0.776219
-0.0267504    -0.774337
-0.0260028    -0.772452
-0.0252576    -0.770565
-0.0245149    -0.768676
-0.0237746    -0.766784
-0.0230369    -0.76489
-0.0223015    -0.762993
-0.0215686    -0.761094
-0.0208381    -0.759192
-0.0201101    -0.757289
-0.0193845    -0.755382
-0.0186612    -0.753474
-0.0179405    -0.751563
-0.0172221    -0.74965
-0.0165061    -0.747734
-0.0157925    -0.745816
-0.0150813    -0.743896
-0.0143725    -0.741973
-0.0136661    -0.740048
-0.012962    -0.73812
-0.0122604    -0.736191
-0.0115611    -0.734259
-0.0108641    -0.732325
-0.0101695    -0.730388
-0.00947723    -0.728449
-0.00878731    -0.726508
-0.00809973    -0.724564
-0.00741448    -0.722619
-0.00673155    -0.720671
-0.00605094    -0.71872
-0.00537264    -0.716768
-0.00469666    -0.714813
-0.00402297    -0.712856
-0.00335158    -0.710897
-0.00268247    -0.708935
-0.00201566    -0.706971
-0.00135112    -0.705005
-0.000688851    -0.703037
-2.88514e-05    -0.701067
0.000628888    -0.699094
0.00128437    -0.697119
0.00193761    -0.695142
0.0025886    -0.693163
0.00323735    -0.691182
0.00388388    -0.689198
0.00452817    -0.687212
0.00517025    -0.685224
0.00581012    -0.683234
0.00644777    -0.681242
0.00708323    -0.679248
0.00771649    -0.677251
0.00834756    -0.675252
0.00897645    -0.673252
0.00960316    -0.671249
0.0102277    -0.669244
0.0108501    -0.667237
0.0114703    -0.665227
0.0120883    -0.663216
0.0127043    -0.661202
0.013318    -0.659187
0.0139297    -0.657169
0.0145392    -0.65515
0.0151466    -0.653128
0.0157518    -0.651104
0.016355    -0.649078
0.0169561    -0.64705
0.017555    -0.64502
0.0181519    -0.642988
0.0187467    -0.640954
0.0193394    -0.638918
0.01993    -0.636879
0.0205186    -0.634839
0.0211051    -0.632797
0.0216895    -0.630753
0.0222719    -0.628707
0.0228523    -0.626658
0.0234306    -0.624608
0.0240069    -0.622556
0.0245812    -0.620502
0.0251535    -0.618446
0.0257237    -0.616388
0.026292    -0.614327
0.0268583    -0.612265
0.0274225    -0.610201
0.0279848    -0.608136
0.0285451    -0.606068
0.0291035    -0.603998
0.0296598    -0.601926
0.0302143    -0.599853
0.0307667    -0.597777
0.0313172    -0.5957
0.0318658    -0.59362
0.0324125    -0.591539
0.0329572    -0.589456
0.0335    -0.587371
0.0340409    -0.585284
0.0345799    -0.583195
