0.0274782    -0.610752
0.0280411    -0.608686
0.028602    -0.606619
0.0291609    -0.60455
0.0297178    -0.602478
0.0302728    -0.600405
0.0308258    -0.59833
0.0313769    -0.596253
0.031926    -0.594174
0.0324733    -0.592093
0.0330185    -0.59001
0.0335619    -0.587926
0.0341033    -0.585839
0.0346429    -0.583751
0.0351805    -0.581661
0.0357163    -0.579569
0.0362501    -0.577475
0.0367821    -0.575379
0.0373122    -0.573281
0.0378405    -0.571182
0.0383669    -0.569081
0.0388914    -0.566978
0.0394141    -0.564873
0.0399349    -0.562766
0.0404539    -0.560657
0.0409711    -0.558547
0.0414865    -0.556435
0.042    -0.554321
0.0425118    -0.552205
0.0430217    -0.550088
0.0435299    -0.547968
0.0440363    -0.545847
0.0445408    -0.543725
0.0450437    -0.5416
0.0455447    -0.539474
0.046044    -0.537346
0.0465416    -0.535216
0.0470374    -0.533084
0.0475314    -0.530951
0.0480238    -0.528816
0.0485144    -0.52668
0.0490033    -0.524541
0.0494905    -0.522401
0.0499759    -0.520259
0.0504597    -0.518116
0.0509418    -0.515971
0.0514222    -0.513824
0.051901    -0.511676
0.0523781    -0.509526
0.0528535    -0.507374
0.0533272    -0.505221
0.0537993    -0.503065
0.0542698    -0.500909
0.0547387    -0.498751
0.0552059    -0.496591
0.0556715    -0.494429
0.0561355    -0.492266
0.0565979    -0.490101
0.0570587    -0.487935
0.0575179    -0.485767
0.0579755    -0.483597
0.0584315    -0.481426
0.058886    -0.479254
0.0593389    -0.477079
0.0597903    -0.474903
0.0602401    -0.472726
0.0606884    -0.470547
0.0611351    -0.468367
0.0615803    -0.466185
0.062024    -0.464001
0.0624662    -0.461816
0.0629069    -0.45963
0.0633461    -0.457442
0.0637838    -0.455252
0.06422    -0.453061
0.0646548    -0.450868
0.0650881    -0.448674
0.0655199    -0.446479
0.0659503    -0.444282
0.0663792    -0.442084
0.0668067    -0.439884
0.0672328    -0.437682
0.0676574    -0.43548
0.0680806    -0.433275
0.0685025    -0.43107
0.0689229    -0.428863
0.0693419    -0.426654
0.0697596    -0.424444
0.0701758    -0.422233
0.0705907    -0.42002
0.0710043    -0.417806
0.0714164    -0.41559
0.0718273    -0.413374
0.0722368    -0.411155
0.0726449    -0.408936
0.0730517    -0.406715
0.0734573    -0.404492
0.0738615    -0.402269
0.0742644    -0.400044
0.074666    -0.397817
0.0750663    -0.39559
0.0754653    -0.393361
0.0758631    -0.39113
0.0762596    -0.388899
0.0766548    -0.386666
0.0770488    -0.384432
0.0774416    -0.382196
0.0778331    -0.379959
0.0782234    -0.377721
0.0786125    -0.375482
0.0790003    -0.373241
0.079387    -0.370999
0.0797725    -0.368756
0.0801567    -0.366512
0.0805398    -0.364267
0.0809217    -0.36202
0.0813025    -0.359772
0.0816821    -0.357523
0.0820605    -0.355272
0.0824378    -0.35302
0.082814    -0.350768
0.083189    -0.348514
0.083563    -0.346259
0.0839358    -0.344002
0.0843075    -0.341745
0.0846781    -0.339486
0.0850476    -0.337226
0.0854161    -0.334965
0.0857834    -0.332703
0.0861497    -0.33044
0.086515    -0.328176
0.0868792    -0.32591
0.0872423    -0.323643
0.0876045    -0.321376
0.0879656    -0.319107
0.0883256    -0.316837
0.0886847    -0.314566
0.0890428    -0.312294
0.0893999    -0.310021
0.0897559    -0.307747
0.0901111    -0.305472
0.0904652    -0.303195
0.0908184    -0.300918
0.0911706    -0.29864
0.0915219    -0.29636
0.0918722    -0.29408
0.0922216    -0.291799
0.0925701    -0.289516
0.0929177    -0.287233
0.0932643    -0.284949
0.0936101    -0.282663
0.093955    -0.280377
0.094299    -0.27809
0.0946421    -0.275801
0.0949843    -0.273512
0.0953257    -0.271222
0.0956662    -0.268931
0.0960059    -0.266639
0.0963448    -0.264346
0.0966828    -0.262052
0.09702    -0.259757
0.0973564    -0.257462
0.097692    -0.255165
0.0980268    -0.252867
0.0983608    -0.250569
0.0986941    -0.24827
0.0990265    -0.24597
0.0993582    -0.243669
0.0996892    -0.241367
0.100019    -0.239064
0.100349    -0.236761
0.100678    -0.234457
0.101006    -0.232151
0.101333    -0.229845
0.101659    -0.227539
0.101985    -0.225231
0.102311    -0.222923
0.102635    -0.220614
0.102959    -0.218304
0.103282    -0.215993
0.103605    -0.213681
0.103926    -0.211369
0.104248    -0.209056
0.104568    -0.206742
0.104888    -0.204428
0.105208    -0.202113
0.105526    -0.199797
0.105845    -0.19748
0.106162    -0.195163
0.106479    -0.192845
0.106795    -0.190526
0.107111    -0.188207
0.107427    -0.185887
0.107741    -0.183566
0.108055    -0.181245
0.108369    -0.178923
0.108682    -0.1766
0.108995    -0.174277
0.109307    -0.171953
0.109619    -0.169628
0.10993    -0.167303
0.11024    -0.164977
0.11055    -0.162651
0.11086    -0.160324
0.111169    -0.157996
0.111478    -0.155668
0.111786    -0.153339
0.112094    -0.15101
0.112402    -0.14868
0.112709    -0.14635
0.113015    -0.144019
0.113322    -0.141688
0.113627    -0.139356
0.113933    -0.137023
0.114238    -0.13469
0.114543    -0.132357
0.114847    -0.130023
0.115151    -0.127688
0.115454    -0.125353
0.115758    -0.123018
0.116061    -0.120682
0.116363    -0.118346
0.116666    -0.116009
0.116968    -0.113672
0.11727    -0.111334
0.117571    -0.108996
0.117872    -0.106658
0.118173    -0.104319
0.118474    -0.10198
0.118774    -0.0996399
0.119074    -0.0972999
0.119374    -0.0949595
0.119674    -0.0926187
0.119973    -0.0902776
0.120273    -0.0879361
0.120572    -0.0855943
0.120871    -0.0832522
0.121169    -0.0809097
0.121468    -0.0785669
0.121766    -0.0762238
0.122064    -0.0738804
0.122363    -0.0715367
0.12266    -0.0691927
0.122958    -0.0668484
0.123256    -0.0645039
0.123553    -0.0621591
0.123851    -0.059814
0.124148    -0.0574687
0.124445    -0.0551232
0.124742    -0.0527774
0.125039    -0.0504314
0.125336    -0.0480852
0.125633    -0.0457388
0.12593    -0.0433922
0.126227    -0.0410454
0.126524    -0.0386984
0.126821    -0.0363512
0.127118    -0.0340039
0.127414    -0.0316564
0.127711    -0.0293088
0.128008    -0.026961
0.128305    -0.0246131
0.128601    -0.022265
0.128898    -0.0199169
0.129195    -0.0175686
0.129492    -0.0152202
0.129789    -0.0128718
0.130086    -0.0105232
0.130383    -0.0081746
0.130681    -0.0058259
0.130978    -0.00347714
0.131275    -0.00112832
0.131573    0.00122054
0.131871    0.00356944
0.132168    0.00591836
0.132466    0.00826731
0.132764    0.0106163
0.133063    0.0129652
0.133361    0.0153142
0.13366    0.0176631
0.133958    0.0200121
0.134257    0.022361
0.134556    0.0247098
0.134856    0.0270587
0.135155    0.0294074
0.135455    0.0317561
0.135755    0.0341048
0.136055    0.0364533
0.136356    0.0388018
0.136656    0.0411502
0.136957    0.0434985
0.137259    0.0458466
0.13756    0.0481947
0.137862    0.0505426
0.138164    0.0528904
0.138467    0.055238
0.138769    0.0575855
0.139072    0.0599329
0.139376    0.06228
0.13968    0.064627
0.139984    0.0669738
0.140288    0.0693204
0.140593    0.0716669
0.140898    0.0740131
0.141204    0.0763591
0.14151    0.0787048
0.141816    0.0810504
0.142123    0.0833956
0.14243    0.0857407
0.142738    0.0880855
0.143046    0.09043
0.143354    0.0927742
0.143663    0.0951182
0.143973    0.0974618
0.144282    0.0998052
0.144593    0.102148
0.144904    0.104491
0.145215    0.106833
0.145527    0.109175
0.145839    0.111517
0.146152    0.113859
0.146465    0.1162
0.146779    0.11854
0.147094    0.120881
0.147409    0.123221
0.147724    0.12556
0.14804    0.127899
0.148357    0.130238
0.148674    0.132576
0.148992    0.134914
0.149311    0.137251
0.14963    0.139588
0.14995    0.141925
0.15027    0.144261
0.150591    0.146597
0.150912    0.148932
0.151235    0.151267
0.151558    0.153601
0.151881    0.155934
0.152206    0.158268
0.152531    0.1606
0.152856    0.162932
0.153183    0.165264
0.15351    0.167595
0.153837    0.169926
0.154166    0.172256
0.154495    0.174585
0.154825    0.176914
0.155156    0.179242
0.155488    0.18157
0.15582    0.183897
0.156153    0.186223
0.156487    0.188549
0.156822    0.190874
0.157157    0.193199
0.157493    0.195523
0.15783    0.197846
0.158168    0.200169
0.158507    0.20249
0.158847    0.204812
0.159187    0.207132
0.159529    0.209452
0.159871    0.211771
0.160214    0.21409
0.160558    0.216408
0.160903    0.218725
0.161248    0.221041
0.161595    0.223357
0.161943    0.225672
0.162291    0.227986
0.162641    0.230299
0.162991    0.232612
0.163342    0.234923
0.163695    0.237234
0.164048    0.239545
0.164402    0.241854
0.164758    0.244163
0.165114    0.24647
0.165471    0.248777
0.165829    0.251083
0.166189    0.253389
0.166549    0.255693
0.16691    0.257996
0.167273    0.260299
0.167636    0.262601
0.168001    0.264902
0.168366    0.267202
0.168733    0.269501
0.169101    0.271799
0.16947    0.274096
0.16984    0.276392
0.170211    0.278688
0.170583    0.280982
0.170956    0.283276
0.171331    0.285568
0.171706    0.28786
0.172083    0.29015
0.172461    0.29244
0.17284    0.294728
0.17322    0.297016
0.173602    0.299303
0.173984    0.301588
0.174368    0.303873
0.174753    0.306156
0.175139    0.308439
0.175527    0.31072
0.175916    0.313
0.176306    0.315279
0.176697    0.317558
0.177089    0.319835
0.177483    0.322111
0.177878    0.324386
0.178274    0.326659
0.178672    0.328932
0.179071    0.331204
0.179471    0.333474
0.179872    0.335743
0.180275    0.338011
0.180679    0.340278
0.181085    0.342544
0.181491    0.344809
0.1819    0.347072
0.182309    0.349334
0.18272    0.351595
0.183132    0.353855
0.183546    0.356114
0.183961    0.358371
0.184377    0.360627
0.184795    0.362882
0.185215    0.365136
0.185635    0.367388
0.186057    0.369639
0.186481    0.371889
0.186906    0.374138
0.187332    0.376385
0.18776    0.378631
0.18819    0.380876
0.188621    0.383119
0.189053    0.385361
0.189487    0.387602
0.189922    0.389841
0.190359    0.392079
0.190798    0.394316
0.191238    0.396551
0.191679    0.398785
0.192122    0.401018
0.192567    0.403249
0.193013    0.405479
0.193461    0.407707
0.19391    0.409934
0.194361    0.41216
0.194813    0.414384
0.195267    0.416607
0.195723    0.418828
0.19618    0.421048
0.196639    0.423266
0.197099    0.425483
0.197562    0.427699
0.198025    0.429912
0.198491    0.432125
0.198958    0.434336
0.199427    0.436545
0.199897    0.438753
0.200369    0.44096
0.200843    0.443165
0.201318    0.445368
0.201796    0.44757
0.202275    0.44977
0.202755    0.451969
0.203238    0.454166
0.203722    0.456361
0.204208    0.458555
0.204695    0.460748
0.205185    0.462938
0.205676    0.465127
0.206169    0.467315
0.206663    0.469501
0.20716    0.471685
0.207658    0.473868
0.208158    0.476049
0.20866    0.478228
0.209163    0.480406
0.209669    0.482582
0.210176    0.484756
0.210685    0.486929
0.211196    0.4891
0.211709    0.491269
0.212224    0.493436
0.212741    0.495602
0.213259    0.497766
0.21378    0.499929
0.214302    0.502089
0.214826    0.504248
0.215352    0.506405
0.21588    0.50856
0.21641    0.510714
0.216942    0.512866
0.217475    0.515016
0.218011    0.517164
0.218549    0.51931
0.219088    0.521455
0.21963    0.523598
0.220173    0.525738
0.220719    0.527878
0.221266    0.530015
0.221816    0.53215
0.222367    0.534284
0.222921    0.536415
0.223476    0.538545
0.224034    0.540673
0.224593    0.542799
0.225155    0.544923
0.225719    0.547045
0.226284    0.549165
0.226852    0.551284
0.227422    0.5534
0.227994    0.555515
0.228568    0.557627
0.229144    0.559738
0.229722    0.561846
0.230302    0.563953
0.230884    0.566058
0.231469    0.56816
0.232055    0.570261
0.232644    0.57236
0.233235    0.574457
0.233828    0.576551
0.234423    0.578644
0.23502    0.580734
0.23562    0.582823
0.236221    0.58491
0.236825    0.586994
0.237431    0.589076
0.238039    0.591157
0.238649    0.593235
0.239262    0.595311
0.239877    0.597385
0.240493    0.599457
0.241113    0.601527
0.241734    0.603595
0.242358    0.605661
0.242984    0.607724
0.243612    0.609786
0.244242    0.611845
0.244875    0.613902
0.245509    0.615957
0.246147    0.61801
0.246786    0.62006
0.247428    0.622109
0.248072    0.624155
0.248718    0.626199
0.249367    0.628241
0.250018    0.63028
0.250671    0.632317
0.251327    0.634353
0.251985    0.636386
0.252645    0.638416
0.253307    0.640445
0.253972    0.642471
0.25464    0.644494
0.255309    0.646516
0.255981    0.648535
0.256656    0.650552
0.257333    0.652567
0.258012    0.654579
0.258694    0.65659
0.259378    0.658597
0.260064    0.660603
0.260753    0.662606
0.261444    0.664607
0.262138    0.666605
0.262834    0.668601
0.263532    0.670595
0.264233    0.672586
0.264937    0.674575
0.265643    0.676561
0.266351    0.678545
0.267062    0.680527
0.267775    0.682506
0.268491    0.684483
0.26921    0.686458
0.26993    0.68843
0.270654    0.690399
0.271379    0.692366
0.272108    0.694331
0.272839    0.696293
0.273572    0.698253
0.274308    0.70021
0.275046    0.702165
0.275787    0.704117
0.276531    0.706067
0.277277    0.708014
0.278026    0.709959
0.278777    0.711901
0.279531    0.713841
0.280287    0.715778
0.281046    0.717712
0.281808    0.719644
0.282572    0.721574
0.283338    0.7235
0.284108    0.725425
0.28488    0.727346
0.285654    0.729265
0.286431    0.731182
0.287211    0.733096
0.287994    0.735007
0.288779    0.736915
0.289567    0.738821
0.290357    0.740725
0.29115    0.742625
0.291946    0.744523
0.292744    0.746419
0.293545    0.748311
0.294349    0.750201
0.295156    0.752089
0.295965    0.753973
0.296777    0.755855
0.297591    0.757734
0.298408    0.759611
0.299228    0.761484
0.300051    0.763355
0.300876    0.765224
0.301704    0.767089
0.302535    0.768952
0.303369    0.770812
0.304205    0.772669
0.305044    0.774523
0.305886    0.776375
0.306731    0.778224
0.307578    0.78007
0.308428    0.781913
0.309281    0.783753
0.310137    0.785591
0.310995    0.787426
0.311857    0.789258
0.312721    0.791087
0.313587    0.792913
0.314457    0.794736
0.31533    0.796556
0.316205    0.798374
0.317083    0.800189
0.317964    0.802
0.318848    0.803809
0.319734    0.805615
0.320624    0.807418
0.321516    0.809218
0.322411    0.811015
0.323309    0.81281
0.32421    0.814601
0.325114    0.816389
0.32602    0.818174
0.32693    0.819957
0.327842    0.821736
0.328757    0.823512
0.329675    0.825286
0.330596    0.827056
0.33152    0.828823
0.332447    0.830588
0.333377    0.832349
0.334309    0.834107
0.335245    0.835863
0.336183    0.837615
0.337125    0.839364
0.338069    0.84111
0.339016    0.842853
0.339966    0.844593
0.340919    0.846329
0.341876    0.848063
0.342835    0.849793
0.343796    0.851521
0.344761    0.853245
0.345729    0.854966
0.3467    0.856684
0.347674    0.858399
0.348651    0.860111
0.34963    0.861819
0.350613    0.863525
0.351599    0.865227
0.352588    0.866926
0.353579    0.868622
0.354574    0.870314
0.355572    0.872004
0.356573    0.87369
0.357576    0.875373
0.358583    0.877053
0.359593    0.878729
0.360606    0.880402
0.361621    0.882072
0.36264    0.883739
0.363662    0.885402
0.364687    0.887062
0.365715    0.888719
0.366746    0.890373
0.36778    0.892023
0.368817    0.89367
0.369857    0.895313
0.370901    0.896954
0.371947    0.89859
0.372996    0.900224
0.374049    0.901854
0.375104    0.903481
0.376163    0.905104
0.377225    0.906724
0.378289    0.908341
0.379357    0.909954
0.380428    0.911564
0.381502    0.913171
0.382579    0.914774
0.383659    0.916373
0.384743    0.917969
0.385829    0.919562
0.386919    0.921151
0.388011    0.922737
0.389107    0.924319
0.390206    0.925898
0.391308    0.927473
0.392413    0.929045
0.393522    0.930614
0.394633    0.932178
0.395748    0.93374
0.396865    0.935298
0.397986    0.936852
0.39911    0.938402
0.400237    0.93995
0.401368    0.941493
0.402501    0.943033
0.403638    0.944569
0.404777    0.946102
0.40592    0.947631
0.407066    0.949157
0.408216    0.950679
0.409368    0.952197
0.410524    0.953712
0.411682    0.955223
0.412844    0.956731
0.414009    0.958235
0.415178    0.959735
0.416349    0.961231
0.417524    0.962724
0.418702    0.964213
0.419883    0.965698
0.421067    0.96718
0.422255    0.968658
0.423445    0.970132
0.424639    0.971603
0.425836    0.97307
0.427036    0.974533
0.42824    0.975992
0.429447    0.977447
0.430656    0.978899
0.43187    0.980347
0.433086    0.981791
0.434305    0.983232
0.435528    0.984668
0.436754    0.986101
0.437983    0.98753
0.439216    0.988955
0.440451    0.990376
0.44169    0.991793
0.442933    0.993207
0.444178    0.994617
0.445426    0.996022
0.446678    0.997424
0.447933    0.998822
0.449192    1.00022
0.450453    1.00161
0.451718    1.00299
0.452986    1.00438
0.454257    1.00575
0.455532    1.00713
0.45681    1.0085
0.458091    1.00986
0.459375    1.01123
0.460663    1.01259
0.461953    1.01394
0.463247    1.01529
0.464545    1.01664
0.465845    1.01798
0.467149    1.01932
0.468456    1.02065
0.469766    1.02198
0.47108    1.02331
0.472397    1.02463
0.473717    1.02595
0.47504    1.02726
0.476367    1.02857
0.477697    1.02988
0.47903    1.03118
0.480367    1.03248
0.481706    1.03377
0.483049    1.03506
0.484396    1.03635
0.485745    1.03763
0.487098    1.03891
0.488454    1.04018
0.489814    1.04145
0.491176    1.04271
0.492542    1.04397
0.493911    1.04523
0.495284    1.04648
0.496659    1.04773
0.498038    1.04897
0.499421    1.05021
0.500806    1.05145
0.502195    1.05268
0.503587    1.0539
0.504983    1.05513
0.506381    1.05634
0.507783    1.05756
0.509188    1.05877
0.510597    1.05997
0.512009    1.06117
0.513424    1.06237
0.514842    1.06356
0.516264    1.06475
0.517689    1.06593
0.519117    1.06711
0.520548    1.06828
0.521983    1.06945
0.523421    1.07062
0.524862    1.07178
0.526307    1.07294
0.527754    1.07409
0.529205    1.07524
0.53066    1.07638
0.532117    1.07752
0.533578    1.07866
0.535042    1.07979
0.53651    1.08091
0.537981    1.08203
0.539454    1.08315
0.540932    1.08426
0.542412    1.08537
0.543896    1.08647
0.545383    1.08757
0.546873    1.08866
0.548367    1.08975
0.549864    1.09084
0.551364    1.09192
0.552867    1.093
0.554373    1.09407
0.555883    1.09513
0.557396    1.09619
0.558913    1.09725
0.560432    1.0983
0.561955    1.09935
0.563481    1.1004
0.56501    1.10144
0.566543    1.10247
0.568079    1.1035
0.569618    1.10452
0.57116    1.10554
0.572706    1.10656
0.574254    1.10757
0.575806    1.10858
0.577362    1.10958
0.57892    1.11057
0.580482    1.11156
0.582047    1.11255
0.583615    1.11353
0.585186    1.11451
0.586761    1.11548
0.588339    1.11645
0.58992    1.11741
0.591504    1.11837
0.593091    1.11933
0.594682    1.12027
0.596276    1.12122
0.597873    1.12216
0.599473    1.12309
0.601077    1.12402
0.602683    1.12494
0.604293    1.12586
0.605906    1.12678
0.607522    1.12769
0.609142    1.12859
0.610764    1.12949
0.61239    1.13038
0.614019    1.13127
0.615651    1.13216
0.617287    1.13304
0.618925    1.13391
0.620567    1.13478
0.622211    1.13565
0.623859    1.13651
0.62551    1.13736
0.627165    1.13821
0.628822    1.13906
0.630483    1.1399
0.632146    1.14073
0.633813    1.14156
0.635483    1.14238
0.637156    1.1432
