-0.722113    -0.0550386
-0.721808    -0.0526248
-0.721502    -0.050211
-0.721193    -0.0477973
-0.720882    -0.0453836
-0.720568    -0.0429699
-0.720253    -0.0405563
-0.719936    -0.0381427
-0.719616    -0.0357292
-0.719295    -0.0333158
-0.718971    -0.0309025
-0.718645    -0.0284893
-0.718317    -0.0260762
-0.717987    -0.0236632
-0.717654    -0.0212503
-0.71732    -0.0188375
-0.716983    -0.0164249
-0.716644    -0.0140125
-0.716303    -0.0116001
-0.71596    -0.00918799
-0.715614    -0.00677601
-0.715266    -0.00436422
-0.714916    -0.00195261
-0.714564    0.000458797
-0.71421    0.00287
-0.713853    0.00528098
-0.713494    0.00769174
-0.713132    0.0101023
-0.712769    0.0125126
-0.712403    0.0149226
-0.712035    0.0173324
-0.711664    0.0197419
-0.711292    0.0221511
-0.710917    0.02456
-0.710539    0.0269687
-0.710159    0.029377
-0.709777    0.0317851
-0.709393    0.0341928
-0.709006    0.0366002
-0.708617    0.0390072
-0.708226    0.0414139
-0.707832    0.0438202
-0.707435    0.0462262
-0.707037    0.0486318
-0.706636    0.051037
-0.706232    0.0534418
-0.705826    0.0558463
-0.705418    0.0582503
-0.705007    0.0606539
-0.704594    0.063057
-0.704179    0.0654598
-0.703761    0.0678621
-0.70334    0.0702639
-0.702917    0.0726653
-0.702492    0.0750662
-0.702064    0.0774666
-0.701633    0.0798665
-0.7012    0.0822659
-0.700765    0.0846648
-0.700327    0.0870632
-0.699887    0.0894611
-0.699444    0.0918584
-0.698998    0.0942552
-0.69855    0.0966514
-0.6981    0.0990471
-0.697647    0.101442
-0.697191    0.103837
-0.696733    0.106231
-0.696272    0.108624
-0.695809    0.111017
-0.695343    0.113409
-0.694874    0.1158
-0.694403    0.118191
-0.69393    0.120581
-0.693453    0.122971
-0.692974    0.12536
-0.692493    0.127748
-0.692008    0.130135
-0.691522    0.132522
-0.691032    0.134908
-0.69054    0.137294
-0.690045    0.139678
-0.689548    0.142062
-0.689048    0.144446
-0.688545    0.146828
-0.688039    0.14921
-0.687531    0.151591
-0.68702    0.153971
-0.686507    0.15635
-0.685991    0.158729
-0.685472    0.161107
-0.68495    0.163484
-0.684425    0.16586
-0.683898    0.168235
-0.683368    0.17061
-0.682836    0.172983
-0.6823    0.175356
-0.681762    0.177728
-0.681221    0.180099
-0.680678    0.182469
-0.680131    0.184839
-0.679582    0.187207
-0.67903    0.189574
-0.678475    0.191941
-0.677917    0.194307
-0.677357    0.196671
-0.676793    0.199035
-0.676227    0.201398
-0.675658    0.203759
-0.675087    0.20612
-0.674512    0.20848
-0.673935    0.210839
-0.673354    0.213196
-0.672771    0.215553
-0.672185    0.217909
-0.671596    0.220263
-0.671005    0.222617
-0.67041    0.22497
-0.669813    0.227321
-0.669212    0.229672
-0.668609    0.232021
-0.668003    0.234369
-0.667394    0.236716
-0.666782    0.239062
-0.666167    0.241407
-0.665549    0.243751
-0.664928    0.246093
-0.664304    0.248435
-0.663678    0.250775
-0.663048    0.253114
-0.662416    0.255452
-0.66178    0.257789
-0.661142    0.260125
-0.6605    0.262459
-0.659856    0.264792
-0.659208    0.267124
-0.658558    0.269454
-0.657905    0.271784
-0.657248    0.274112
-0.656589    0.276439
-0.655927    0.278764
-0.655261    0.281089
-0.654593    0.283412
-0.653921    0.285733
-0.653247    0.288054
-0.652569    0.290373
-0.651889    0.29269
-0.651205    0.295007
-0.650519    0.297322
-0.649829    0.299635
-0.649137    0.301947
-0.648441    0.304258
-0.647742    0.306568
-0.64704    0.308876
-0.646335    0.311182
-0.645627    0.313488
-0.644916    0.315791
-0.644202    0.318094
-0.643485    0.320395
-0.642764    0.322694
-0.642041    0.324992
-0.641314    0.327288
-0.640584    0.329583
-0.639852    0.331877
-0.639116    0.334169
-0.638376    0.336459
-0.637634    0.338748
-0.636889    0.341035
-0.63614    0.343321
-0.635389    0.345605
-0.634634    0.347888
-0.633876    0.350169
-0.633115    0.352448
-0.632351    0.354726
-0.631583    0.357002
-0.630813    0.359277
-0.630039    0.36155
-0.629262    0.363821
-0.628482    0.366091
-0.627699    0.368359
-0.626912    0.370625
-0.626122    0.37289
-0.62533    0.375153
-0.624533    0.377414
-0.623734    0.379673
-0.622932    0.381931
-0.622126    0.384187
-0.621317    0.386442
-0.620505    0.388694
-0.619689    0.390945
-0.618871    0.393194
-0.618049    0.395441
-0.617224    0.397687
-0.616396    0.399931
-0.615564    0.402172
-0.614729    0.404412
-0.613891    0.406651
-0.61305    0.408887
-0.612205    0.411121
-0.611357    0.413354
-0.610506    0.415585
-0.609652    0.417814
-0.608794    0.420041
-0.607933    0.422266
-0.607069    0.424489
-0.606201    0.42671
-0.605331    0.42893
-0.604456    0.431147
-0.603579    0.433362
-0.602698    0.435576
-0.601814    0.437787
-0.600927    0.439997
-0.600036    0.442204
-0.599142    0.44441
-0.598245    0.446613
-0.597345    0.448815
-0.596441    0.451014
-0.595534    0.453212
-0.594623    0.455407
-0.593709    0.4576
-0.592792    0.459791
-0.591872    0.461981
-0.590948    0.464168
-0.590021    0.466352
-0.58909    0.468535
-0.588156    0.470716
-0.587219    0.472895
-0.586278    0.475071
-0.585334    0.477245
-0.584387    0.479417
-0.583436    0.481587
-0.582482    0.483755
-0.581525    0.48592
-0.580564    0.488084
-0.5796    0.490245
-0.578632    0.492404
-0.577662    0.49456
-0.576687    0.496715
-0.57571    0.498867
-0.574729    0.501017
-0.573744    0.503164
-0.572756    0.505309
-0.571765    0.507452
-0.570771    0.509593
-0.569773    0.511731
-0.568771    0.513868
-0.567767    0.516001
-0.566758    0.518133
-0.565747    0.520262
-0.564732    0.522388
-0.563713    0.524512
-0.562692    0.526634
-0.561666    0.528754
-0.560638    0.530871
-0.559606    0.532985
-0.55857    0.535098
-0.557531    0.537207
-0.556489    0.539315
-0.555443    0.54142
-0.554394    0.543522
-0.553342    0.545622
-0.552286    0.547719
-0.551226    0.549814
-0.550163    0.551907
-0.549097    0.553996
-0.548027    0.556084
-0.546954    0.558169
-0.545877    0.560251
-0.544797    0.562331
-0.543714    0.564408
-0.542627    0.566482
-0.541537    0.568554
-0.540443    0.570624
-0.539346    0.57269
-0.538245    0.574754
-0.537141    0.576816
-0.536033    0.578875
-0.534922    0.580931
-0.533807    0.582984
-0.532689    0.585035
-0.531568    0.587083
-0.530443    0.589129
-0.529315    0.591171
-0.528183    0.593211
-0.527048    0.595249
-0.525909    0.597283
-0.524767    0.599315
-0.523621    0.601344
-0.522472    0.60337
-0.52132    0.605394
-0.520164    0.607415
-0.519004    0.609433
-0.517841    0.611448
-0.516675    0.61346
-0.515505    0.61547
-0.514332    0.617476
-0.513155    0.61948
-0.511974    0.621481
-0.510791    0.623479
-0.509603    0.625474
-0.508413    0.627466
-0.507219    0.629456
-0.506021    0.631442
-0.50482    0.633426
-0.503615    0.635406
-0.502407    0.637384
-0.501196    0.639359
-0.499981    0.641331
-0.498762    0.643299
-0.49754    0.645265
-0.496315    0.647228
-0.495086    0.649188
-0.493854    0.651145
-0.492618    0.653099
-0.491379    0.655049
-0.490136    0.656997
-0.48889    0.658942
-0.48764    0.660883
-0.486387    0.662822
-0.48513    0.664757
-0.48387    0.66669
-0.482607    0.668619
-0.48134    0.670545
-0.480069    0.672468
-0.478795    0.674388
-0.477518    0.676305
-0.476237    0.678218
-0.474953    0.680129
-0.473665    0.682036
-0.472373    0.68394
-0.471079    0.685841
-0.46978    0.687738
-0.468479    0.689633
-0.467174    0.691524
-0.465865    0.693412
-0.464553    0.695296
-0.463237    0.697178
-0.461918    0.699056
-0.460596    0.700931
-0.45927    0.702803
-0.457941    0.704671
-0.456608    0.706536
-0.455271    0.708398
-0.453932    0.710256
-0.452589    0.712111
-0.451242    0.713963
-0.449892    0.715811
-0.448538    0.717656
-0.447181    0.719497
-0.445821    0.721336
-0.444457    0.72317
-0.44309    0.725002
-0.441719    0.72683
-0.440345    0.728654
-0.438967    0.730475
-0.437586    0.732293
-0.436202    0.734107
-0.434814    0.735918
-0.433422    0.737725
-0.432027    0.739529
-0.430629    0.741329
-0.429228    0.743125
-0.427823    0.744919
-0.426414    0.746708
-0.425002    0.748494
-0.423587    0.750277
-0.422168    0.752056
-0.420746    0.753831
-0.41932    0.755603
-0.417891    0.757371
-0.416459    0.759136
-0.415023    0.760897
-0.413584    0.762654
-0.412141    0.764408
-0.410695    0.766158
-0.409246    0.767905
-0.407793    0.769648
-0.406337    0.771387
-0.404877    0.773122
-0.403414    0.774854
-0.401948    0.776582
-0.400478    0.778306
-0.399005    0.780027
-0.397529    0.781744
-0.396049    0.783457
-0.394566    0.785166
-0.393079    0.786872
-0.391589    0.788574
-0.390096    0.790272
-0.388599    0.791966
-0.387099    0.793657
-0.385596    0.795343
-0.384089    0.797026
-0.382579    0.798705
-0.381065    0.80038
-0.379548    0.802051
-0.378028    0.803719
-0.376505    0.805382
-0.374978    0.807042
-0.373448    0.808698
-0.371914    0.81035
-0.370378    0.811998
-0.368838    0.813642
-0.367294    0.815282
-0.365747    0.816918
-0.364197    0.81855
-0.362644    0.820179
-0.361087    0.821803
-0.359528    0.823423
-0.357964    0.825039
-0.356398    0.826652
-0.354828    0.82826
-0.353255    0.829864
-0.351678    0.831465
-0.350099    0.833061
-0.348516    0.834653
-0.34693    0.836241
-0.34534    0.837825
-0.343748    0.839405
-0.342152    0.840981
-0.340552    0.842553
-0.33895    0.84412
-0.337344    0.845684
-0.335735    0.847243
-0.334123    0.848799
-0.332508    0.85035
-0.330889    0.851897
-0.329267    0.853439
-0.327642    0.854978
-0.326014    0.856512
-0.324382    0.858043
-0.322748    0.859569
-0.32111    0.86109
-0.319468    0.862608
-0.317824    0.864121
-0.316177    0.865631
-0.314526    0.867135
-0.312872    0.868636
-0.311215    0.870132
-0.309555    0.871624
-0.307892    0.873112
-0.306225    0.874595
-0.304556    0.876075
-0.302883    0.877549
-0.301207    0.87902
-0.299528    0.880486
-0.297846    0.881948
-0.29616    0.883405
-0.294472    0.884858
-0.29278    0.886307
-0.291086    0.887751
-0.289388    0.889191
-0.287687    0.890627
-0.285983    0.892058
-0.284276    0.893484
-0.282566    0.894907
-0.280853    0.896324
-0.279136    0.897738
-0.277417    0.899147
-0.275694    0.900551
-0.273969    0.901951
-0.27224    0.903346
-0.270509    0.904737
-0.268774    0.906124
-0.267037    0.907506
-0.265296    0.908883
-0.263552    0.910256
-0.261806    0.911624
-0.260056    0.912988
-0.258303    0.914347
-0.256547    0.915701
-0.254789    0.917051
-0.253027    0.918397
-0.251262    0.919738
-0.249495    0.921074
-0.247724    0.922406
-0.245951    0.923732
-0.244174    0.925055
-0.242395    0.926372
-0.240612    0.927686
-0.238827    0.928994
-0.237039    0.930298
-0.235248    0.931597
-0.233454    0.932891
-0.231657    0.934181
-0.229857    0.935465
-0.228054    0.936746
-0.226248    0.938021
-0.22444    0.939292
-0.222628    0.940558
-0.220814    0.941819
-0.218997    0.943076
-0.217177    0.944327
-0.215354    0.945574
-0.213528    0.946816
-0.2117    0.948054
-0.209869    0.949286
-0.208034    0.950514
-0.206198    0.951737
-0.204358    0.952955
-0.202515    0.954168
-0.20067    0.955376
-0.198822    0.95658
-0.196971    0.957779
-0.195117    0.958972
-0.193261    0.960161
-0.191402    0.961345
-0.18954    0.962524
-0.187675    0.963699
-0.185808    0.964868
-0.183938    0.966032
-0.182065    0.967192
-0.18019    0.968346
-0.178311    0.969496
-0.176431    0.97064
-0.174547    0.97178
-0.172661    0.972915
-0.170772    0.974044
-0.16888    0.975169
-0.166986    0.976288
-0.165089    0.977403
-0.16319    0.978513
-0.161288    0.979617
-0.159383    0.980717
-0.157476    0.981811
-0.155566    0.982901
-0.153654    0.983985
-0.151739    0.985065
-0.149821    0.986139
-0.147901    0.987208
-0.145978    0.988272
-0.144053    0.989331
-0.142125    0.990385
-0.140194    0.991434
-0.138262    0.992478
-0.136326    0.993516
-0.134388    0.994549
-0.132448    0.995578
-0.130505    0.996601
-0.12856    0.997619
-0.126612    0.998632
-0.124662    0.999639
-0.122709    1.00064
-0.120754    1.00164
-0.118796    1.00263
-0.116836    1.00362
-0.114874    1.0046
-0.112909    1.00558
-0.110941    1.00655
-0.108972    1.00751
-0.107    1.00847
-0.105025    1.00943
-0.103049    1.01038
-0.10107    1.01132
-0.0990881    1.01226
-0.0971043    1.0132
-0.0951183    1.01413
-0.0931299    1.01505
-0.0911392    1.01597
-0.0891462    1.01688
-0.0871509    1.01779
-0.0851534    1.01869
-0.0831535    1.01959
-0.0811515    1.02048
-0.0791472    1.02137
-0.0771406    1.02225
-0.0751319    1.02312
-0.0731209    1.02399
-0.0711077    1.02486
-0.0690923    1.02572
-0.0670748    1.02657
-0.065055    1.02742
-0.0630331    1.02827
-0.0610091    1.0291
-0.0589829    1.02994
-0.0569546    1.03076
-0.0549241    1.03158
-0.0528916    1.0324
-0.0508569    1.03321
-0.0488201    1.03402
-0.0467813    1.03482
-0.0447404    1.03561
-0.0426974    1.0364
-0.0406524    1.03718
-0.0386053    1.03796
-0.0365562    1.03873
-0.0345051    1.0395
-0.032452    1.04026
-0.0303968    1.04102
-0.0283397    1.04177
-0.0262806    1.04251
-0.0242196    1.04325
-0.0221566    1.04399
-0.0200916    1.04472
-0.0180247    1.04544
-0.0159559    1.04616
-0.0138852    1.04687
-0.0118126    1.04757
-0.0097381    1.04827
-0.00766171    1.04897
-0.00558346    1.04966
-0.00350335    1.05034
-0.00142139    1.05102
0.000662395    1.05169
0.00274801    1.05236
0.00483543    1.05302
0.00692466    1.05368
0.00901567    1.05433
0.0111085    1.05497
0.013203    1.05561
0.0152993    1.05624
0.0173974    1.05687
0.0194972    1.05749
0.0215987    1.05811
0.0237019    1.05872
0.0258068    1.05932
0.0279134    1.05992
0.0300217    1.06052
0.0321316    1.0611
0.0342432    1.06169
0.0363565    1.06226
0.0384713    1.06283
0.0405878    1.0634
0.0427059    1.06396
0.0448256    1.06451
0.0469468    1.06506
0.0490696    1.0656
0.051194    1.06614
0.05332    1.06667
0.0554474    1.06719
0.0575764    1.06771
0.0597069    1.06823
0.0618389    1.06873
0.0639723    1.06924
0.0661073    1.06973
0.0682437    1.07022
0.0703815    1.07071
0.0725208    1.07118
0.0746616    1.07166
0.0768037    1.07212
0.0789472    1.07259
0.0810921    1.07304
0.0832384    1.07349
0.0853861    1.07393
0.0875351    1.07437
0.0896854    1.07481
0.0918371    1.07523
0.0939901    1.07565
0.0961443    1.07607
0.0982999    1.07648
0.100457    1.07688
0.102615    1.07728
0.104774    1.07767
0.106935    1.07805
0.109097    1.07843
0.11126    1.07881
0.113424    1.07917
0.115589    1.07954
0.117756    1.07989
0.119924    1.08024
0.122093    1.08059
0.124263    1.08093
0.126434    1.08126
0.128606    1.08158
0.130779    1.08191
0.132954    1.08222
0.135129    1.08253
0.137306    1.08283
0.139484    1.08313
0.141662    1.08342
0.143842    1.08371
0.146023    1.08399
0.148204    1.08426
0.150387    1.08453
0.152571    1.08479
0.154755    1.08504
0.156941    1.08529
0.159127    1.08554
0.161315    1.08578
0.163503    1.08601
0.165692    1.08623
0.167882    1.08645
0.170073    1.08667
0.172265    1.08687
0.174458    1.08708
0.176651    1.08727
0.178845    1.08746
0.18104    1.08765
0.183236    1.08783
0.185433    1.088
0.18763    1.08816
0.189828    1.08832
0.192027    1.08848
0.194226    1.08863
0.196427    1.08877
0.198627    1.08891
0.200829    1.08904
0.203031    1.08916
0.205234    1.08928
0.207438    1.08939
0.209642    1.0895
0.211847    1.0896
0.214052    1.08969
0.216258    1.08978
0.218464    1.08986
0.220671    1.08994
0.222879    1.09001
0.225087    1.09007
0.227296    1.09013
0.229505    1.09018
0.231714    1.09023
0.233924    1.09027
0.236135    1.0903
0.238346    1.09033
0.240557    1.09035
0.242769    1.09037
0.244981    1.09038
0.247194    1.09038
0.249407    1.09038
0.25162    1.09037
0.253834    1.09036
0.256048    1.09034
0.258262    1.09031
0.260477    1.09028
0.262692    1.09024
0.264907    1.0902
0.267123    1.09015
0.269338    1.09009
0.271554    1.09003
0.27377    1.08996
0.275987    1.08989
0.278203    1.08981
0.28042    1.08972
0.282637    1.08963
0.284854    1.08953
0.287071    1.08942
0.289289    1.08931
0.291506    1.08919
0.293723    1.08907
0.295941    1.08894
0.298159    1.08881
0.300376    1.08867
0.302594    1.08852
0.304812    1.08837
0.30703    1.08821
0.309248    1.08804
0.311465    1.08787
0.313683    1.08769
0.315901    1.08751
0.318118    1.08732
0.320336    1.08712
0.322553    1.08692
0.324771    1.08671
0.326988    1.0865
0.329205    1.08628
0.331422    1.08605
0.333639    1.08582
0.335856    1.08559
0.338072    1.08534
0.340288    1.08509
0.342504    1.08484
0.34472    1.08457
0.346936    1.0843
0.349151    1.08403
0.351366    1.08375
0.353581    1.08346
0.355795    1.08317
0.358009    1.08287
0.360223    1.08257
0.362436    1.08226
0.36465    1.08194
0.366862    1.08162
0.369075    1.08129
0.371287    1.08096
0.373498    1.08062
0.375709    1.08027
0.37792    1.07992
0.38013    1.07956
0.38234    1.07919
0.384549    1.07882
0.386758    1.07844
0.388966    1.07806
0.391173    1.07767
0.393381    1.07728
0.395587    1.07688
0.397793    1.07647
0.399999    1.07606
0.402204    1.07564
0.404408    1.07521
0.406611    1.07478
0.408814    1.07435
0.411017    1.0739
0.413218    1.07345
0.415419    1.073
0.417619    1.07254
0.419819    1.07207
0.422018    1.0716
0.424216    1.07112
0.426413    1.07063
0.42861    1.07014
0.430805    1.06965
0.433    1.06914
0.435195    1.06864
0.437388    1.06812
0.43958    1.0676
0.441772    1.06707
0.443963    1.06654
0.446153    1.066
0.448342    1.06546
0.45053    1.06491
0.452717    1.06435
0.454903    1.06379
0.457088    1.06322
0.459273    1.06264
0.461456    1.06206
0.463638    1.06148
0.46582    1.06089
0.468    1.06029
0.470179    1.05968
0.472358    1.05907
0.474535    1.05846
0.476711    1.05784
0.478886    1.05721
0.48106    1.05658
0.483232    1.05594
0.485404    1.05529
0.487575    1.05464
0.489744    1.05398
0.491912    1.05332
0.494079    1.05265
0.496245    1.05197
0.498409    1.05129
0.500573    1.05061
0.502735    1.04992
0.504896    1.04922
0.507055    1.04851
0.509214    1.0478
0.511371    1.04709
0.513526    1.04637
0.515681    1.04564
0.517834    1.0449
0.519985    1.04416
0.522136    1.04342
0.524285    1.04267
0.526432    1.04191
0.528578    1.04115
0.530723    1.04038
0.532866    1.03961
0.535008    1.03883
0.537148    1.03804
0.539287    1.03725
0.541425    1.03645
0.543561    1.03565
0.545695    1.03484
0.547828    1.03403
0.549959    1.03321
0.552089    1.03238
0.554217    1.03155
0.556344    1.03071
0.558469    1.02987
0.560592    1.02902
0.562714    1.02816
0.564834    1.0273
0.566953    1.02644
0.56907    1.02556
0.571185    1.02469
0.573298    1.0238
0.57541    1.02291
0.57752    1.02202
0.579629    1.02112
0.581735    1.02021
0.58384    1.0193
0.585943    1.01838
0.588045    1.01746
0.590144    1.01653
0.592242    1.01559
0.594338    1.01465
0.596432    1.01371
0.598524    1.01276
0.600615    1.0118
0.602703    1.01084
0.60479    1.00987
0.606874    1.00889
0.608957    1.00791
0.611038    1.00693
0.613117    1.00594
0.615194    1.00494
0.617269    1.00394
0.619343    1.00293
0.621414    1.00192
0.623483    1.0009
0.62555    0.999877
0.627615    0.998847
0.629678    0.997812
0.631739    0.996771
0.633798    0.995725
0.635855    0.994673
0.63791    0.993615
0.639963    0.992552
0.642014    0.991484
0.644062    0.99041
0.646109    0.989331
0.648153    0.988246
0.650195    0.987156
0.652235    0.98606
0.654273    0.984959
0.656308    0.983852
0.658342    0.98274
0.660373    0.981622
0.662402    0.980499
0.664428    0.979371
0.666453    0.978237
0.668475    0.977098
0.670495    0.975953
0.672512    0.974803
0.674528    0.973648
0.676541    0.972487
0.678551    0.971321
0.68056    0.970149
0.682566    0.968973
0.684569    0.96779
0.686571    0.966603
0.688569    0.96541
0.690566    0.964212
0.69256    0.963009
0.694552    0.9618
0.696541    0.960586
0.698528    0.959366
0.700512    0.958142
0.702494    0.956912
0.704473    0.955677
0.70645    0.954436
0.708425    0.953191
0.710397    0.95194
0.712366    0.950684
0.714333    0.949422
0.716297    0.948156
0.718259    0.946884
0.720218    0.945607
0.722175    0.944325
0.724129    0.943038
0.726081    0.941745
0.728029    0.940447
0.729976    0.939145
0.731919    0.937837
0.73386    0.936524
0.735799    0.935205
0.737734    0.933882
0.739667    0.932554
0.741598    0.93122
0.743525    0.929881
0.74545    0.928538
0.747372    0.927189
0.749292    0.925835
0.751209    0.924476
0.753123    0.923112
0.755034    0.921743
0.756942    0.920369
0.758848    0.91899
0.760751    0.917606
0.762651    0.916217
0.764548    0.914823
0.766443    0.913424
0.768335    0.91202
0.770223    0.910611
0.772109    0.909197
0.773992    0.907778
0.775873    0.906354
0.77775    0.904925
0.779625    0.903492
0.781496    0.902053
0.783365    0.90061
0.785231    0.899161
0.787093    0.897708
0.788953    0.89625
0.79081    0.894787
0.792664    0.893319
0.794515    0.891846
0.796363    0.890369
0.798208    0.888886
0.800051    0.887399
0.80189    0.885907
0.803726    0.88441
0.805559    0.882909
0.807389    0.881403
0.809216    0.879891
0.81104    0.878376
0.81286    0.876855
0.814678    0.87533
0.816493    0.8738
0.818305    0.872265
0.820113    0.870725
0.821919    0.869181
0.823721    0.867632
0.82552    0.866079
0.827316    0.864521
0.829109    0.862958
0.830899    0.86139
0.832685    0.859818
0.834469    0.858241
0.836249    0.85666
0.838026    0.855074
0.8398    0.853484
0.841571    0.851888
0.843338    0.850289
0.845102    0.848684
0.846863    0.847076
0.848621    0.845462
0.850376    0.843844
0.852127    0.842222
0.853875    0.840595
0.85562    0.838963
0.857361    0.837327
0.859099    0.835687
0.860834    0.834042
0.862566    0.832393
0.864294    0.830739
0.866019    0.829081
0.867741    0.827418
0.869459    0.825751
0.871174    0.824079
0.872886    0.822404
0.874594    0.820723
0.876299    0.819039
0.878    0.81735
0.879699    0.815656
0.881393    0.813959
0.883085    0.812257
0.884773    0.81055
0.886457    0.808839
0.888139    0.807125
0.889816    0.805405
0.891491    0.803682
0.893161    0.801954
0.894829    0.800222
0.896493    0.798486
0.898153    0.796745
0.89981    0.795
0.901464    0.793251
0.903114    0.791498
0.904761    0.789741
0.906404    0.787979
0.908043    0.786214
0.909679    0.784444
0.911312    0.78267
0.912941    0.780892
0.914567    0.779109
0.916189    0.777323
0.917807    0.775532
0.919422    0.773738
0.921033    0.771939
0.922641    0.770136
0.924245    0.76833
0.925846    0.766519
0.927443    0.764704
0.929036    0.762885
0.930626    0.761062
0.932213    0.759235
0.933795    0.757404
0.935374    0.75557
0.93695    0.753731
0.938522    0.751888
0.94009    0.750041
0.941655    0.748191
0.943215    0.746336
0.944773    0.744477
0.946326    0.742615
0.947876    0.740749
0.949423    0.738879
0.950965    0.737005
0.952504    0.735127
0.95404    0.733245
0.955571    0.731359
0.957099    0.72947
0.958623    0.727577
0.960144    0.72568
0.961661    0.723779
0.963174    0.721875
0.964683    0.719966
0.966189    0.718054
0.967691    0.716139
0.969189    0.714219
0.970683    0.712296
0.972174    0.710369
0.973661    0.708438
0.975144    0.706504
0.976624    0.704566
0.978099    0.702624
0.979571    0.700679
0.98104    0.69873
0.982504    0.696778
0.983965    0.694821
0.985421    0.692862
0.986874    0.690898
0.988324    0.688931
0.989769    0.686961
0.991211    0.684987
0.992648    0.683009
0.994082    0.681028
0.995513    0.679043
0.996939    0.677055
0.998362    0.675064
0.99978    0.673068
1.0012    0.67107
1.00261    0.669068
1.00401    0.667062
1.00542    0.665053
1.00682    0.663041
1.00821    0.661025
1.0096    0.659006
1.01099    0.656983
1.01238    0.654957
1.01376    0.652928
1.01513    0.650895
1.0165    0.648859
1.01787    0.64682
1.01924    0.644777
1.0206    0.642731
1.02196    0.640682
1.02331    0.638629
1.02466    0.636574
1.026    0.634514
1.02734    0.632452
1.02868    0.630386
1.03002    0.628318
1.03135    0.626246
1.03267    0.62417
1.03399    0.622092
1.03531    0.62001
1.03662    0.617925
1.03793    0.615838
1.03924    0.613746
1.04054    0.611652
1.04184    0.609555
1.04314    0.607454
1.04443    0.605351
1.04571    0.603244
1.04699    0.601134
1.04827    0.599022
1.04955    0.596906
1.05082    0.594787
1.05208    0.592665
1.05335    0.59054
1.05461    0.588412
1.05586    0.586281
1.05711    0.584147
1.05836    0.582011
1.0596    0.579871
1.06084    0.577728
1.06208    0.575582
1.06331    0.573434
1.06453    0.571282
1.06576    0.569128
1.06698    0.56697
1.06819    0.56481
1.0694    0.562647
1.07061    0.560481
1.07181    0.558313
1.07301    0.556141
1.07421    0.553967
1.0754    0.551789
1.07658    0.549609
1.07777    0.547427
1.07895    0.545241
1.08012    0.543053
1.08129    0.540862
1.08246    0.538668
1.08362    0.536472
1.08478    0.534272
1.08594    0.53207
1.08709    0.529866
1.08824    0.527659
1.08938    0.525449
1.09052    0.523236
1.09165    0.521021
1.09278    0.518803
1.09391    0.516583
1.09503    0.514359
1.09615    0.512134
1.09727    0.509906
1.09838    0.507675
1.09949    0.505441
1.10059    0.503205
1.10169    0.500967
1.10278    0.498726
1.10387    0.496482
1.10496    0.494236
1.10604    0.491988
1.10712    0.489737
1.1082    0.487484
1.10927    0.485228
1.11034    0.482969
1.1114    0.480709
1.11246    0.478445
1.11351    0.47618
1.11456    0.473912
1.11561    0.471642
1.11665    0.469369
1.11769    0.467094
1.11873    0.464816
1.11976    0.462536
1.12078    0.460254
1.12181    0.45797
1.12282    0.455683
1.12384    0.453394
1.12485    0.451103
1.12586    0.448809
1.12686    0.446513
1.12786    0.444215
1.12885    0.441915
1.12984    0.439612
1.13083    0.437308
1.13181    0.435001
1.13279    0.432691
1.13376    0.43038
1.13473    0.428067
1.1357    0.425751
1.13666    0.423433
1.13762    0.421113
1.13858    0.418791
1.13953    0.416467
1.14047    0.414141
1.14142    0.411812
1.14235    0.409482
1.14329    0.407149
1.14422    0.404815
1.14515    0.402478
1.14607    0.40014
1.14699    0.397799
1.1479    0.395456
1.14881    0.393112
1.14972    0.390765
1.15062    0.388416
1.15152    0.386066
1.15241    0.383713
1.1533    0.381359
1.15419    0.379002
1.15507    0.376644
1.15595    0.374284
1.15682    0.371922
1.1577    0.369558
1.15856    0.367192
1.15942    0.364824
1.16028    0.362455
1.16114    0.360083
1.16199    0.35771
1.16283    0.355335
1.16368    0.352958
1.16452    0.350579
1.16535    0.348199
1.16618    0.345816
1.16701    0.343432
1.16783    0.341047
1.16865    0.338659
1.16947    0.33627
1.17028    0.333879
1.17108    0.331486
1.17189    0.329092
1.17269    0.326696
1.17348    0.324298
1.17427    0.321899
1.17506    0.319498
1.17584    0.317095
1.17662    0.31469
1.1774    0.312285
1.17817    0.309877
1.17894    0.307468
1.1797    0.305057
1.18046    0.302645
1.18122    0.300231
1.18197    0.297815
1.18272    0.295398
1.18346    0.29298
1.1842    0.29056
1.18494    0.288138
1.18567    0.285715
1.1864    0.28329
1.18712    0.280864
1.18784    0.278437
1.18856    0.276008
1.18927    0.273577
1.18998    0.271145
1.19069    0.268712
1.19139    0.266277
1.19209    0.263841
1.19278    0.261404
1.19347    0.258965
1.19416    0.256524
1.19484    0.254083
1.19552    0.25164
1.19619    0.249195
1.19686    0.24675
1.19753    0.244303
1.19819    0.241854
1.19885    0.239405
1.19951    0.236954
1.20016    0.234502
1.20081    0.232048
1.20145    0.229593
1.20209    0.227137
1.20273    0.22468
1.20336    0.222222
1.20399    0.219762
1.20461    0.217301
1.20523    0.214839
1.20585    0.212375
1.20646    0.209911
1.20707    0.207445
1.20768    0.204979
1.20828    0.202511
1.20888    0.200041
1.20947    0.197571
1.21006    0.1951
1.21065    0.192627
1.21123    0.190154
1.21181    0.187679
1.21239    0.185204
1.21296    0.182727
1.21353    0.180249
1.21409    0.17777
1.21465    0.17529
1.21521    0.172809
1.21576    0.170327
1.21631    0.167844
1.21686    0.16536
1.2174    0.162875
1.21794    0.160389
1.21847    0.157902
1.219    0.155414
1.21953    0.152926
1.22005    0.150436
1.22057    0.147945
1.22109    0.145454
1.2216    0.142961
1.22211    0.140468
1.22262    0.137973
1.22312    0.135478
1.22362    0.132982
1.22411    0.130485
1.2246    0.127987
1.22509    0.125489
1.22557    0.122989
1.22605    0.120489
1.22653    0.117988
1.227    0.115486
1.22747    0.112983
1.22793    0.11048
1.22839    0.107976
1.22885    0.105471
1.22931    0.102965
1.22976    0.100459
1.23021    0.0979513
1.23065    0.0954433
1.23109    0.0929347
1.23153    0.0904253
1.23196    0.0879152
1.23239    0.0854044
1.23281    0.082893
1.23324    0.0803808
1.23365    0.0778681
1.23407    0.0753546
1.23448    0.0728406
1.23489    0.0703258
1.23529    0.0678105
1.2357    0.0652946
1.23609    0.062778
1.23649    0.0602609
1.23688    0.0577431
1.23727    0.0552248
1.23765    0.0527059
1.23803    0.0501865
1.23841    0.0476665
1.23878    0.045146
1.23915    0.0426249
1.23952    0.0401033
1.23988    0.0375812
1.24024    0.0350586
1.24059    0.0325355
1.24095    0.030012
1.2413    0.0274879
1.24164    0.0249634
1.24198    0.0224384
1.24232    0.0199129
1.24266    0.0173871
1.24299    0.0148607
1.24332    0.012334
1.24364    0.00980684
1.24397    0.00727927
1.24428    0.00475131
1.2446    0.00222296
1.24491    -0.000305767
1.24522    -0.00283487
1.24553    -0.00536433
1.24583    -0.00789415
1.24613    -0.0104243
1.24642    -0.0129548
1.24671    -0.0154856
1.247    -0.0180168
1.24729    -0.0205482
1.24757    -0.02308
1.24785    -0.025612
1.24812    -0.0281444
1.2484    -0.030677
1.24866    -0.0332099
1.24893    -0.035743
1.24919    -0.0382764
1.24945    -0.04081
1.24971    -0.0433439
1.24996    -0.045878
1.25021    -0.0484123
1.25045    -0.0509468
1.2507    -0.0534815
1.25094    -0.0560164
1.25117    -0.0585515
1.25141    -0.0610868
1.25164    -0.0636222
1.25186    -0.0661578
1.25209    -0.0686936
1.25231    -0.0712294
1.25253    -0.0737654
1.25274    -0.0763016
1.25295    -0.0788378
1.25316    -0.0813742
1.25336    -0.0839107
1.25356    -0.0864472
1.25376    -0.0889839
1.25396    -0.0915206
1.25415    -0.0940574
1.25434    -0.0965942
1.25453    -0.0991311
1.25471    -0.101668
1.25489    -0.104205
1.25507    -0.106742
1.25524    -0.109279
1.25541    -0.111816
1.25558    -0.114353
1.25574    -0.11689
1.2559    -0.119427
1.25606    -0.121964
1.25622    -0.124501
1.25637    -0.127038
1.25652    -0.129575
1.25667    -0.132112
1.25681    -0.134649
1.25695    -0.137185
1.25709    -0.139722
1.25722    -0.142259
1.25735    -0.144795
1.25748    -0.147332
1.25761    -0.149868
1.25773    -0.152404
1.25785    -0.15494
1.25797    -0.157476
1.25808    -0.160012
1.25819    -0.162547
1.2583    -0.165083
1.25841    -0.167618
1.25851    -0.170153
1.25861    -0.172688
1.25871    -0.175223
1.2588    -0.177758
1.25889    -0.180292
1.25898    -0.182826
1.25906    -0.18536
1.25915    -0.187894
1.25923    -0.190428
1.2593    -0.192961
1.25938    -0.195494
1.25945    -0.198027
1.25952    -0.20056
1.25958    -0.203092
1.25964    -0.205624
1.2597    -0.208156
1.25976    -0.210687
1.25982    -0.213219
1.25987    -0.21575
1.25992    -0.21828
1.25996    -0.22081
1.26001    -0.22334
1.26005    -0.22587
1.26009    -0.228399
1.26012    -0.230928
1.26015    -0.233457
1.26018    -0.235985
1.26021    -0.238513
1.26024    -0.241041
1.26026    -0.243568
1.26028    -0.246095
1.26029    -0.248621
1.26031    -0.251147
1.26032    -0.253673
1.26033    -0.256198
1.26033    -0.258723
1.26034    -0.261247
1.26034    -0.263771
1.26034    -0.266294
1.26033    -0.268818
1.26033    -0.27134
1.26032    -0.273862
1.26031    -0.276384
1.26029    -0.278905
1.26027    -0.281426
1.26026    -0.283946
1.26023    -0.286466
1.26021    -0.288985
1.26018    -0.291504
1.26015    -0.294022
1.26012    -0.29654
1.26009    -0.299057
1.26005    -0.301573
1.26001    -0.30409
1.25997    -0.306605
1.25992    -0.30912
1.25988    -0.311635
1.25983    -0.314148
1.25978    -0.316662
1.25972    -0.319175
1.25967    -0.321687
1.25961    -0.324198
1.25955    -0.326709
1.25948    -0.32922
1.25942    -0.331729
1.25935    -0.334239
1.25928    -0.336747
1.25921    -0.339255
1.25913    -0.341762
1.25905    -0.344269
1.25897    -0.346775
1.25889    -0.34928
1.25881    -0.351785
1.25872    -0.354289
1.25863    -0.356792
1.25854    -0.359295
