-0.791277    -1.04077
-0.790942    -1.039
-0.79061    -1.03722
-0.790281    -1.03544
-0.789953    -1.03365
-0.789628    -1.03187
-0.789305    -1.03008
-0.788984    -1.02829
-0.788666    -1.0265
-0.788349    -1.0247
-0.788035    -1.0229
-0.787723    -1.0211
-0.787413    -1.0193
-0.787106    -1.01749
-0.7868    -1.01569
-0.786497    -1.01387
-0.786196    -1.01206
-0.785897    -1.01025
-0.7856    -1.00843
-0.785305    -1.00661
-0.785012    -1.00479
-0.784721    -1.00296
-0.784433    -1.00113
-0.784146    -0.999304
-0.783862    -0.997471
-0.783579    -0.995637
-0.783299    -0.9938
-0.783021    -0.99196
-0.782744    -0.990118
-0.78247    -0.988274
-0.782198    -0.986427
-0.781927    -0.984578
-0.781659    -0.982727
-0.781393    -0.980873
-0.781128    -0.979017
-0.780866    -0.977159
-0.780605    -0.975298
-0.780347    -0.973435
-0.78009    -0.971569
-0.779835    -0.969702
-0.779583    -0.967831
-0.779332    -0.965959
-0.779083    -0.964084
-0.778836    -0.962207
-0.77859    -0.960328
-0.778347    -0.958446
-0.778105    -0.956562
-0.777866    -0.954675
-0.777628    -0.952787
-0.777392    -0.950896
-0.777157    -0.949002
-0.776925    -0.947107
-0.776694    -0.945209
-0.776465    -0.943309
-0.776238    -0.941406
-0.776013    -0.939502
-0.775789    -0.937595
-0.775567    -0.935686
-0.775347    -0.933774
-0.775129    -0.93186
-0.774912    -0.929944
-0.774697    -0.928026
-0.774484    -0.926106
-0.774272    -0.924183
-0.774062    -0.922258
-0.773854    -0.920331
-0.773647    -0.918402
-0.773442    -0.91647
-0.773239    -0.914536
-0.773037    -0.9126
-0.772837    -0.910662
-0.772639    -0.908722
-0.772442    -0.906779
-0.772247    -0.904834
-0.772053    -0.902887
-0.771861    -0.900938
-0.77167    -0.898986
-0.771481    -0.897033
-0.771294    -0.895077
-0.771108    -0.893119
-0.770923    -0.891159
-0.770741    -0.889197
-0.770559    -0.887232
-0.770379    -0.885266
-0.770201    -0.883297
-0.770024    -0.881326
-0.769848    -0.879353
-0.769674    -0.877378
-0.769502    -0.875401
-0.76933    -0.873422
-0.769161    -0.87144
-0.768992    -0.869456
-0.768825    -0.867471
-0.76866    -0.865483
-0.768496    -0.863493
-0.768333    -0.861501
-0.768171    -0.859507
-0.768011    -0.85751
-0.767853    -0.855512
-0.767695    -0.853511
-0.767539    -0.851509
-0.767384    -0.849504
-0.767231    -0.847498
-0.767079    -0.845489
-0.766928    -0.843478
-0.766778    -0.841465
-0.76663    -0.83945
-0.766483    -0.837433
-0.766337    -0.835414
-0.766193    -0.833393
-0.766049    -0.83137
-0.765907    -0.829345
-0.765766    -0.827318
-0.765626    -0.825288
-0.765488    -0.823257
-0.76535    -0.821224
-0.765214    -0.819188
-0.765079    -0.817151
-0.764945    -0.815112
-0.764812    -0.813071
-0.764681    -0.811027
-0.76455    -0.808982
-0.764421    -0.806935
-0.764292    -0.804885
-0.764165    -0.802834
-0.764039    -0.800781
-0.763914    -0.798726
-0.76379    -0.796668
-0.763667    -0.794609
-0.763545    -0.792548
-0.763424    -0.790485
-0.763304    -0.78842
-0.763185    -0.786353
-0.763067    -0.784284
-0.76295    -0.782213
-0.762834    -0.78014
-0.762719    -0.778066
-0.762605    -0.775989
-0.762492    -0.77391
-0.76238    -0.77183
-0.762269    -0.769747
-0.762158    -0.767663
-0.762049    -0.765577
-0.761941    -0.763489
-0.761833    -0.761399
-0.761726    -0.759307
-0.76162    -0.757213
-0.761515    -0.755117
-0.761411    -0.75302
-0.761308    -0.75092
-0.761205    -0.748819
-0.761104    -0.746716
-0.761003    -0.744611
-0.760903    -0.742504
-0.760803    -0.740395
-0.760705    -0.738284
-0.760607    -0.736172
-0.76051    -0.734058
-0.760414    -0.731942
-0.760318    -0.729824
-0.760224    -0.727704
-0.76013    -0.725582
-0.760036    -0.723459
-0.759944    -0.721334
-0.759852    -0.719206
-0.75976    -0.717078
-0.75967    -0.714947
-0.75958    -0.712814
-0.75949    -0.71068
-0.759402    -0.708544
-0.759314    -0.706406
-0.759226    -0.704267
-0.759139    -0.702125
-0.759053    -0.699982
-0.758968    -0.697837
-0.758882    -0.695691
-0.758798    -0.693542
-0.758714    -0.691392
-0.758631    -0.68924
-0.758548    -0.687087
-0.758465    -0.684931
-0.758383    -0.682774
-0.758302    -0.680615
-0.758221    -0.678455
-0.758141    -0.676292
-0.758061    -0.674128
-0.757982    -0.671963
-0.757903    -0.669795
-0.757824    -0.667626
-0.757746    -0.665455
-0.757668    -0.663283
-0.757591    -0.661108
-0.757514    -0.658933
-0.757438    -0.656755
-0.757362    -0.654576
-0.757286    -0.652395
-0.757211    -0.650212
-0.757136    -0.648028
-0.757061    -0.645842
-0.756987    -0.643655
-0.756913    -0.641466
-0.756839    -0.639275
-0.756766    -0.637082
-0.756693    -0.634888
-0.75662    -0.632693
-0.756548    -0.630495
-0.756476    -0.628296
-0.756404    -0.626096
-0.756332    -0.623894
-0.75626    -0.62169
-0.756189    -0.619485
-0.756118    -0.617278
-0.756047    -0.615069
-0.755976    -0.612859
-0.755906    -0.610647
-0.755836    -0.608434
-0.755766    -0.606219
-0.755696    -0.604003
-0.755626    -0.601785
-0.755556    -0.599566
-0.755486    -0.597345
-0.755417    -0.595122
-0.755347    -0.592898
-0.755278    -0.590673
-0.755209    -0.588445
-0.75514    -0.586217
-0.755071    -0.583987
-0.755002    -0.581755
-0.754933    -0.579522
-0.754864    -0.577287
-0.754795    -0.575051
-0.754726    -0.572813
-0.754657    -0.570574
-0.754588    -0.568333
-0.754519    -0.566091
-0.75445    -0.563848
-0.754381    -0.561603
-0.754312    -0.559356
-0.754243    -0.557108
-0.754174    -0.554859
-0.754104    -0.552608
-0.754035    -0.550356
-0.753965    -0.548102
-0.753896    -0.545847
-0.753826    -0.54359
-0.753756    -0.541332
-0.753686    -0.539073
-0.753616    -0.536812
-0.753546    -0.53455
-0.753475    -0.532287
-0.753405    -0.530022
-0.753334    -0.527755
-0.753263    -0.525488
-0.753192    -0.523218
-0.75312    -0.520948
-0.753049    -0.518676
-0.752977    -0.516403
-0.752905    -0.514128
-0.752832    -0.511853
-0.752759    -0.509575
-0.752686    -0.507297
-0.752613    -0.505017
-0.75254    -0.502736
-0.752466    -0.500453
-0.752391    -0.498169
-0.752317    -0.495884
-0.752242    -0.493598
-0.752167    -0.49131
-0.752091    -0.489021
-0.752015    -0.486731
-0.751939    -0.484439
-0.751862    -0.482146
-0.751785    -0.479852
-0.751708    -0.477557
-0.75163    -0.47526
-0.751551    -0.472962
-0.751472    -0.470663
-0.751393    -0.468363
-0.751313    -0.466061
-0.751233    -0.463758
-0.751152    -0.461454
-0.751071    -0.459149
-0.75099    -0.456843
-0.750907    -0.454535
-0.750825    -0.452226
-0.750741    -0.449916
-0.750658    -0.447605
-0.750573    -0.445292
-0.750488    -0.442979
-0.750403    -0.440664
-0.750317    -0.438348
-0.75023    -0.436031
-0.750143    -0.433713
-0.750055    -0.431393
-0.749967    -0.429073
-0.749878    -0.426751
-0.749788    -0.424429
-0.749698    -0.422105
-0.749607    -0.41978
-0.749515    -0.417454
-0.749422    -0.415126
-0.749329    -0.412798
-0.749236    -0.410469
-0.749141    -0.408138
-0.749046    -0.405807
-0.74895    -0.403474
-0.748853    -0.401141
-0.748756    -0.398806
-0.748658    -0.39647
-0.748559    -0.394133
-0.748459    -0.391795
-0.748359    -0.389456
-0.748258    -0.387117
-0.748156    -0.384776
-0.748053    -0.382434
-0.747949    -0.380091
-0.747844    -0.377747
-0.747739    -0.375402
-0.747633    -0.373056
-0.747526    -0.370709
-0.747418    -0.368361
-0.747309    -0.366012
-0.747199    -0.363662
-0.747088    -0.361312
-0.746977    -0.35896
-0.746864    -0.356607
-0.746751    -0.354254
-0.746636    -0.351899
-0.746521    -0.349544
-0.746405    -0.347187
-0.746288    -0.34483
-0.746169    -0.342472
-0.74605    -0.340113
-0.74593    -0.337753
-0.745809    -0.335392
-0.745686    -0.33303
-0.745563    -0.330668
-0.745439    -0.328304
-0.745313    -0.32594
-0.745187    -0.323575
-0.74506    -0.321209
-0.744931    -0.318842
-0.744801    -0.316475
-0.744671    -0.314106
-0.744539    -0.311737
-0.744406    -0.309367
-0.744272    -0.306996
-0.744137    -0.304624
-0.744    -0.302252
-0.743863    -0.299878
-0.743724    -0.297504
-0.743584    -0.29513
-0.743443    -0.292754
-0.743301    -0.290378
-0.743158    -0.288001
-0.743013    -0.285623
-0.742867    -0.283244
-0.74272    -0.280865
-0.742572    -0.278485
-0.742422    -0.276105
-0.742271    -0.273723
-0.742119    -0.271341
-0.741966    -0.268958
-0.741811    -0.266575
-0.741656    -0.264191
-0.741498    -0.261806
-0.74134    -0.259421
-0.74118    -0.257034
-0.741019    -0.254648
-0.740856    -0.25226
-0.740692    -0.249872
-0.740527    -0.247484
-0.740361    -0.245094
-0.740193    -0.242705
-0.740023    -0.240314
-0.739853    -0.237923
-0.73968    -0.235531
-0.739507    -0.233139
-0.739332    -0.230746
-0.739156    -0.228353
-0.738978    -0.225959
-0.738798    -0.223565
-0.738618    -0.22117
-0.738435    -0.218774
-0.738252    -0.216378
-0.738067    -0.213981
-0.73788    -0.211584
-0.737692    -0.209187
-0.737502    -0.206788
-0.737311    -0.20439
-0.737118    -0.201991
-0.736924    -0.199591
-0.736728    -0.197191
-0.73653    -0.194791
-0.736331    -0.19239
-0.736131    -0.189988
-0.735929    -0.187586
-0.735725    -0.185184
-0.73552    -0.182781
-0.735313    -0.180378
-0.735104    -0.177975
-0.734894    -0.175571
-0.734682    -0.173166
-0.734469    -0.170762
-0.734254    -0.168357
-0.734037    -0.165951
-0.733818    -0.163545
-0.733598    -0.161139
-0.733376    -0.158733
-0.733153    -0.156326
-0.732927    -0.153919
-0.7327    -0.151511
-0.732472    -0.149103
-0.732241    -0.146695
-0.732009    -0.144287
-0.731775    -0.141878
-0.731539    -0.139469
-0.731302    -0.13706
-0.731063    -0.13465
-0.730822    -0.132241
-0.730579    -0.12983
-0.730334    -0.12742
-0.730088    -0.12501
-0.729839    -0.122599
-0.729589    -0.120188
-0.729337    -0.117777
-0.729084    -0.115365
-0.728828    -0.112954
-0.72857    -0.110542
-0.728311    -0.10813
-0.72805    -0.105718
-0.727787    -0.103306
-0.727521    -0.100893
-0.727255    -0.0984807
-0.726986    -0.096068
-0.726715    -0.0936551
-0.726442    -0.0912422
-0.726167    -0.0888291
-0.725891    -0.0864159
-0.725612    -0.0840026
-0.725332    -0.0815892
-0.725049    -0.0791758
-0.724765    -0.0767622
-0.724478    -0.0743486
-0.724189    -0.071935
-0.723899    -0.0695213
-0.723606    -0.0671076
-0.723312    -0.0646938
-0.723015    -0.06228
-0.722717    -0.0598662
-0.722416    -0.0574524
