-0.633487    -1.14368
-0.632685    -1.14216
-0.631886    -1.14065
-0.63109    -1.13913
-0.630297    -1.13761
-0.629507    -1.13608
-0.628721    -1.13456
-0.627938    -1.13303
-0.627158    -1.13149
-0.626382    -1.12995
-0.625609    -1.12841
-0.624839    -1.12687
-0.624072    -1.12532
-0.623308    -1.12377
-0.622548    -1.12222
-0.621791    -1.12066
-0.621037    -1.11911
-0.620286    -1.11754
-0.619538    -1.11598
-0.618793    -1.11441
-0.618052    -1.11284
-0.617314    -1.11126
-0.616579    -1.10969
-0.615847    -1.10811
-0.615118    -1.10652
-0.614392    -1.10494
-0.61367    -1.10335
-0.61295    -1.10176
-0.612234    -1.10016
-0.611521    -1.09856
-0.610811    -1.09696
-0.610103    -1.09536
-0.609399    -1.09375
-0.608698    -1.09214
-0.608001    -1.09053
-0.607306    -1.08891
-0.606614    -1.08729
-0.605925    -1.08567
-0.605239    -1.08404
-0.604557    -1.08242
-0.603877    -1.08079
-0.6032    -1.07915
-0.602526    -1.07752
-0.601856    -1.07588
-0.601188    -1.07423
-0.600523    -1.07259
-0.599861    -1.07094
-0.599202    -1.06929
-0.598547    -1.06764
-0.597894    -1.06598
-0.597244    -1.06432
-0.596596    -1.06266
-0.595952    -1.06099
-0.595311    -1.05932
-0.594673    -1.05765
-0.594037    -1.05598
-0.593405    -1.0543
-0.592775    -1.05262
-0.592148    -1.05094
-0.591524    -1.04926
-0.590903    -1.04757
-0.590285    -1.04588
-0.589669    -1.04419
-0.589057    -1.04249
-0.588447    -1.04079
-0.58784    -1.03909
-0.587236    -1.03739
-0.586635    -1.03568
-0.586036    -1.03397
-0.58544    -1.03226
-0.584847    -1.03054
-0.584257    -1.02882
-0.58367    -1.0271
-0.583085    -1.02538
-0.582503    -1.02365
-0.581924    -1.02193
-0.581348    -1.02019
-0.580774    -1.01846
-0.580203    -1.01672
-0.579635    -1.01498
-0.579069    -1.01324
-0.578506    -1.0115
-0.577946    -1.00975
-0.577388    -1.008
-0.576834    -1.00625
-0.576281    -1.00449
-0.575732    -1.00273
-0.575185    -1.00097
-0.574641    -0.99921
-0.574099    -0.997444
-0.57356    -0.995676
-0.573024    -0.993905
-0.57249    -0.992131
-0.571958    -0.990355
-0.57143    -0.988576
-0.570904    -0.986795
-0.57038    -0.985011
-0.569859    -0.983224
-0.569341    -0.981435
-0.568825    -0.979643
-0.568312    -0.977849
-0.567801    -0.976053
-0.567293    -0.974253
-0.566787    -0.972451
-0.566284    -0.970647
-0.565783    -0.96884
-0.565285    -0.967031
-0.564789    -0.965219
-0.564296    -0.963405
-0.563805    -0.961588
-0.563316    -0.959768
-0.562831    -0.957946
-0.562347    -0.956122
-0.561866    -0.954295
-0.561387    -0.952466
-0.560911    -0.950634
-0.560437    -0.9488
-0.559966    -0.946963
-0.559497    -0.945124
-0.55903    -0.943282
-0.558566    -0.941438
-0.558104    -0.939592
-0.557644    -0.937743
-0.557187    -0.935891
-0.556732    -0.934037
-0.556279    -0.932181
-0.555829    -0.930323
-0.555381    -0.928462
-0.554935    -0.926598
-0.554492    -0.924732
-0.554051    -0.922864
-0.553612    -0.920994
-0.553175    -0.919121
-0.552741    -0.917245
-0.552309    -0.915368
-0.551879    -0.913487
-0.551451    -0.911605
-0.551026    -0.90972
-0.550603    -0.907833
-0.550182    -0.905944
-0.549763    -0.904052
-0.549347    -0.902158
-0.548932    -0.900261
-0.54852    -0.898362
-0.54811    -0.896461
-0.547702    -0.894558
-0.547296    -0.892652
-0.546892    -0.890744
-0.546491    -0.888834
-0.546092    -0.886921
-0.545694    -0.885006
-0.545299    -0.883089
-0.544906    -0.88117
-0.544515    -0.879248
-0.544126    -0.877324
-0.543739    -0.875398
-0.543354    -0.873469
-0.542972    -0.871539
-0.542591    -0.869606
-0.542212    -0.86767
-0.541835    -0.865733
-0.541461    -0.863793
-0.541088    -0.861851
-0.540717    -0.859907
-0.540349    -0.857961
-0.539982    -0.856012
-0.539617    -0.854062
-0.539254    -0.852109
-0.538894    -0.850153
-0.538535    -0.848196
-0.538178    -0.846237
-0.537823    -0.844275
-0.53747    -0.842311
-0.537118    -0.840345
-0.536769    -0.838377
-0.536422    -0.836407
-0.536076    -0.834434
-0.535732    -0.832459
-0.53539    -0.830483
-0.53505    -0.828504
-0.534712    -0.826523
-0.534376    -0.824539
-0.534041    -0.822554
-0.533709    -0.820567
-0.533378    -0.818577
-0.533049    -0.816586
-0.532722    -0.814592
-0.532396    -0.812596
-0.532072    -0.810598
-0.53175    -0.808598
-0.53143    -0.806596
-0.531112    -0.804592
-0.530795    -0.802585
-0.53048    -0.800577
-0.530166    -0.798567
-0.529855    -0.796554
-0.529545    -0.79454
-0.529237    -0.792523
-0.52893    -0.790505
-0.528625    -0.788484
-0.528322    -0.786462
-0.52802    -0.784437
-0.52772    -0.78241
-0.527422    -0.780382
-0.527125    -0.778351
-0.52683    -0.776318
-0.526537    -0.774283
-0.526245    -0.772247
-0.525955    -0.770208
-0.525666    -0.768167
-0.525379    -0.766125
-0.525093    -0.76408
-0.524809    -0.762033
-0.524527    -0.759985
-0.524246    -0.757934
-0.523966    -0.755882
-0.523688    -0.753827
-0.523412    -0.751771
-0.523137    -0.749713
-0.522864    -0.747652
-0.522592    -0.74559
-0.522321    -0.743526
-0.522052    -0.74146
-0.521784    -0.739392
-0.521518    -0.737322
-0.521254    -0.73525
-0.52099    -0.733177
-0.520728    -0.731101
-0.520468    -0.729024
-0.520209    -0.726945
-0.519951    -0.724863
-0.519695    -0.72278
-0.51944    -0.720695
-0.519186    -0.718608
-0.518934    -0.71652
-0.518683    -0.714429
-0.518433    -0.712337
-0.518185    -0.710243
-0.517938    -0.708147
-0.517692    -0.706049
-0.517448    -0.703949
-0.517204    -0.701848
-0.516963    -0.699744
-0.516722    -0.697639
-0.516483    -0.695532
-0.516244    -0.693423
-0.516008    -0.691313
-0.515772    -0.6892
-0.515537    -0.687086
-0.515304    -0.68497
-0.515072    -0.682853
-0.514841    -0.680733
-0.514611    -0.678612
-0.514383    -0.676489
-0.514156    -0.674364
-0.513929    -0.672238
-0.513704    -0.670109
-0.51348    -0.667979
-0.513257    -0.665848
-0.513036    -0.663714
-0.512815    -0.661579
-0.512595    -0.659442
-0.512377    -0.657304
-0.51216    -0.655163
-0.511943    -0.653021
-0.511728    -0.650878
-0.511514    -0.648732
-0.511301    -0.646585
-0.511088    -0.644436
-0.510877    -0.642286
-0.510667    -0.640134
-0.510458    -0.63798
-0.51025    -0.635825
-0.510043    -0.633668
-0.509836    -0.631509
-0.509631    -0.629348
-0.509427    -0.627186
-0.509223    -0.625023
-0.509021    -0.622858
-0.508819    -0.620691
-0.508619    -0.618522
-0.508419    -0.616352
-0.50822    -0.61418
-0.508022    -0.612007
-0.507825    -0.609832
-0.507629    -0.607655
-0.507433    -0.605477
-0.507239    -0.603298
-0.507045    -0.601116
-0.506852    -0.598934
-0.50666    -0.596749
-0.506469    -0.594563
-0.506279    -0.592376
-0.506089    -0.590187
-0.5059    -0.587996
-0.505712    -0.585804
-0.505525    -0.58361
-0.505338    -0.581415
-0.505152    -0.579219
-0.504967    -0.57702
-0.504782    -0.574821
-0.504599    -0.572619
-0.504416    -0.570417
-0.504233    -0.568213
-0.504052    -0.566007
-0.503871    -0.5638
-0.50369    -0.561591
-0.503511    -0.559381
-0.503332    -0.557169
-0.503153    -0.554956
-0.502976    -0.552742
-0.502798    -0.550526
-0.502622    -0.548309
-0.502446    -0.54609
-0.502271    -0.54387
-0.502096    -0.541648
-0.501922    -0.539425
-0.501748    -0.537201
-0.501575    -0.534975
-0.501402    -0.532748
-0.50123    -0.530519
-0.501059    -0.528289
-0.500888    -0.526057
-0.500717    -0.523825
-0.500547    -0.52159
-0.500377    -0.519355
-0.500208    -0.517118
-0.50004    -0.51488
-0.499871    -0.51264
-0.499704    -0.510399
-0.499536    -0.508157
-0.49937    -0.505913
-0.499203    -0.503668
-0.499037    -0.501422
-0.498871    -0.499175
-0.498706    -0.496926
-0.498541    -0.494676
-0.498377    -0.492424
-0.498212    -0.490171
-0.498049    -0.487917
-0.497885    -0.485662
-0.497722    -0.483406
-0.497559    -0.481148
-0.497396    -0.478889
-0.497234    -0.476628
-0.497072    -0.474367
-0.49691    -0.472104
-0.496749    -0.46984
-0.496588    -0.467574
-0.496427    -0.465308
-0.496266    -0.46304
-0.496106    -0.460771
-0.495945    -0.458501
-0.495785    -0.45623
-0.495626    -0.453957
-0.495466    -0.451684
-0.495307    -0.449409
-0.495147    -0.447133
-0.494988    -0.444855
-0.494829    -0.442577
-0.49467    -0.440297
-0.494512    -0.438017
-0.494353    -0.435735
-0.494195    -0.433452
-0.494036    -0.431168
-0.493878    -0.428883
-0.49372    -0.426596
-0.493562    -0.424309
-0.493404    -0.42202
-0.493246    -0.419731
-0.493088    -0.41744
-0.49293    -0.415148
-0.492772    -0.412855
-0.492615    -0.410561
-0.492457    -0.408266
-0.492299    -0.40597
-0.492141    -0.403673
-0.491983    -0.401375
-0.491825    -0.399075
-0.491668    -0.396775
-0.49151    -0.394474
-0.491352    -0.392171
-0.491194    -0.389868
-0.491035    -0.387564
-0.490877    -0.385258
-0.490719    -0.382952
-0.490561    -0.380645
-0.490402    -0.378336
-0.490243    -0.376027
-0.490085    -0.373717
-0.489926    -0.371406
-0.489767    -0.369093
-0.489607    -0.36678
-0.489448    -0.364466
-0.489288    -0.362151
-0.489129    -0.359835
-0.488969    -0.357518
-0.488808    -0.3552
-0.488648    -0.352882
-0.488487    -0.350562
-0.488326    -0.348242
-0.488165    -0.34592
-0.488004    -0.343598
-0.487842    -0.341275
-0.48768    -0.338951
-0.487518    -0.336626
-0.487356    -0.3343
-0.487193    -0.331974
-0.48703    -0.329646
-0.486867    -0.327318
-0.486703    -0.324989
-0.486539    -0.322659
-0.486374    -0.320328
-0.486209    -0.317997
-0.486044    -0.315664
-0.485879    -0.313331
-0.485713    -0.310997
-0.485547    -0.308663
-0.48538    -0.306327
-0.485213    -0.303991
-0.485045    -0.301654
-0.484877    -0.299316
-0.484709    -0.296978
-0.48454    -0.294638
-0.48437    -0.292298
-0.484201    -0.289958
-0.48403    -0.287616
-0.483859    -0.285274
-0.483688    -0.282931
-0.483516    -0.280588
-0.483344    -0.278243
-0.483171    -0.275898
-0.482998    -0.273553
-0.482824    -0.271207
-0.482649    -0.26886
-0.482474    -0.266512
-0.482299    -0.264164
-0.482123    -0.261815
-0.481946    -0.259465
-0.481768    -0.257115
-0.48159    -0.254765
-0.481412    -0.252413
-0.481232    -0.250061
-0.481053    -0.247709
-0.480872    -0.245356
-0.480691    -0.243002
-0.480509    -0.240647
-0.480326    -0.238293
-0.480143    -0.235937
-0.479959    -0.233581
-0.479775    -0.231224
-0.479589    -0.228867
-0.479403    -0.22651
-0.479216    -0.224152
-0.479029    -0.221793
-0.478841    -0.219434
-0.478652    -0.217074
-0.478462    -0.214714
-0.478271    -0.212353
-0.47808    -0.209992
-0.477888    -0.20763
-0.477695    -0.205268
-0.477501    -0.202906
-0.477307    -0.200543
-0.477111    -0.198179
-0.476915    -0.195815
-0.476718    -0.193451
-0.47652    -0.191086
-0.476321    -0.188721
-0.476121    -0.186355
-0.475921    -0.183989
-0.475719    -0.181623
-0.475517    -0.179256
-0.475314    -0.176889
-0.475109    -0.174521
-0.474904    -0.172153
-0.474698    -0.169785
-0.474491    -0.167417
-0.474283    -0.165048
-0.474074    -0.162678
-0.473864    -0.160309
-0.473654    -0.157939
-0.473442    -0.155569
-0.473229    -0.153198
-0.473015    -0.150827
-0.4728    -0.148456
-0.472584    -0.146085
-0.472367    -0.143713
-0.472149    -0.141341
-0.47193    -0.138969
-0.47171    -0.136596
-0.471489    -0.134224
-0.471266    -0.131851
-0.471043    -0.129478
-0.470819    -0.127104
-0.470593    -0.124731
-0.470366    -0.122357
-0.470139    -0.119983
-0.46991    -0.117609
-0.46968    -0.115234
-0.469448    -0.11286
-0.469216    -0.110485
-0.468982    -0.10811
-0.468748    -0.105735
-0.468512    -0.10336
-0.468275    -0.100985
-0.468036    -0.0986095
-0.467797    -0.096234
-0.467556    -0.0938584
-0.467314    -0.0914826
-0.467071    -0.0891068
-0.466826    -0.0867309
-0.466581    -0.0843549
-0.466334    -0.0819788
-0.466086    -0.0796027
-0.465836    -0.0772265
-0.465585    -0.0748502
-0.465333    -0.0724739
-0.46508    -0.0700976
-0.464825    -0.0677213
-0.464569    -0.0653449
-0.464312    -0.0629685
-0.464053    -0.0605922
-0.463793    -0.0582158
-0.463531    -0.0558394
-0.463269    -0.0534631
-0.463005    -0.0510868
-0.462739    -0.0487106
-0.462472    -0.0463343
-0.462204    -0.0439582
-0.461934    -0.0415821
-0.461663    -0.0392061
-0.46139    -0.0368301
-0.461116    -0.0344543
-0.460841    -0.0320785
-0.460564    -0.0297028
-0.460286    -0.0273273
-0.460006    -0.0249518
-0.459725    -0.0225765
-0.459442    -0.0202014
-0.459158    -0.0178263
-0.458872    -0.0154514
-0.458585    -0.0130767
-0.458296    -0.0107022
-0.458006    -0.00832779
-0.457714    -0.00595359
-0.457421    -0.00357958
-0.457126    -0.00120578
-0.456829    0.00116782
-0.456531    0.00354121
-0.456232    0.00591437
-0.45593    0.0082873
-0.455628    0.01066
-0.455323    0.0130324
-0.455017    0.0154046
-0.45471    0.0177766
-0.454401    0.0201482
-0.45409    0.0225196
-0.453777    0.0248907
-0.453463    0.0272614
-0.453148    0.0296319
-0.45283    0.0320021
-0.452511    0.0343719
-0.45219    0.0367415
-0.451868    0.0391106
-0.451544    0.0414795
-0.451218    0.043848
-0.450891    0.0462161
-0.450561    0.0485838
-0.45023    0.0509512
-0.449898    0.0533182
-0.449563    0.0556848
-0.449227    0.058051
-0.448889    0.0604167
-0.44855    0.0627821
-0.448208    0.065147
-0.447865    0.0675115
-0.44752    0.0698755
-0.447173    0.0722391
-0.446824    0.0746023
-0.446474    0.0769649
-0.446122    0.0793271
-0.445768    0.0816888
-0.445412    0.08405
-0.445054    0.0864107
-0.444695    0.0887709
-0.444333    0.0911306
-0.44397    0.0934897
-0.443605    0.0958483
-0.443238    0.0982064
-0.442869    0.100564
-0.442498    0.102921
-0.442125    0.105277
-0.441751    0.107633
-0.441374    0.109988
-0.440996    0.112343
-0.440615    0.114697
-0.440233    0.11705
-0.439849    0.119403
-0.439462    0.121755
-0.439074    0.124107
-0.438684    0.126458
-0.438292    0.128808
-0.437898    0.131158
-0.437502    0.133506
-0.437104    0.135855
-0.436704    0.138202
-0.436302    0.140549
-0.435897    0.142895
-0.435491    0.145241
-0.435083    0.147585
-0.434673    0.149929
-0.434261    0.152273
-0.433846    0.154615
-0.43343    0.156957
-0.433012    0.159298
-0.432591    0.161638
-0.432168    0.163977
-0.431744    0.166316
-0.431317    0.168654
-0.430888    0.170991
-0.430457    0.173327
-0.430024    0.175663
-0.429589    0.177997
-0.429151    0.180331
-0.428712    0.182664
-0.42827    0.184996
-0.427826    0.187327
-0.427381    0.189658
-0.426932    0.191987
-0.426482    0.194316
-0.42603    0.196643
-0.425575    0.19897
-0.425118    0.201296
-0.424659    0.203621
-0.424198    0.205945
-0.423734    0.208268
-0.423269    0.21059
-0.422801    0.212911
-0.42233    0.215231
-0.421858    0.21755
-0.421383    0.219869
-0.420906    0.222186
-0.420427    0.224502
-0.419946    0.226817
-0.419462    0.229131
-0.418976    0.231445
-0.418488    0.233757
-0.417997    0.236068
-0.417504    0.238378
-0.417009    0.240687
-0.416512    0.242995
-0.416012    0.245302
-0.41551    0.247608
-0.415005    0.249912
-0.414498    0.252216
-0.413989    0.254518
-0.413478    0.25682
-0.412964    0.25912
-0.412448    0.261419
-0.411929    0.263717
-0.411408    0.266014
-0.410885    0.268309
-0.410359    0.270604
-0.409831    0.272897
-0.4093    0.275189
-0.408767    0.27748
-0.408232    0.27977
-0.407694    0.282058
-0.407154    0.284346
-0.406611    0.286632
-0.406066    0.288917
-0.405518    0.2912
-0.404968    0.293483
-0.404416    0.295764
-0.403861    0.298043
-0.403303    0.300322
-0.402744    0.302599
-0.402181    0.304875
-0.401616    0.30715
-0.401049    0.309423
-0.400479    0.311695
-0.399907    0.313966
-0.399332    0.316235
-0.398754    0.318503
-0.398175    0.320769
-0.397592    0.323035
-0.397007    0.325298
-0.39642    0.327561
-0.395829    0.329822
-0.395237    0.332082
-0.394642    0.33434
-0.394044    0.336597
-0.393444    0.338852
-0.392841    0.341106
-0.392235    0.343359
-0.391627    0.34561
-0.391016    0.34786
-0.390403    0.350108
-0.389787    0.352354
-0.389169    0.3546
-0.388548    0.356843
-0.387924    0.359086
-0.387298    0.361326
-0.386669    0.363566
-0.386037    0.365803
-0.385403    0.368039
-0.384766    0.370274
-0.384126    0.372507
-0.383484    0.374738
-0.382839    0.376968
-0.382192    0.379196
-0.381541    0.381423
-0.380888    0.383648
-0.380233    0.385872
-0.379575    0.388094
-0.378914    0.390314
-0.37825    0.392533
-0.377583    0.39475
-0.376914    0.396965
-0.376242    0.399179
-0.375568    0.401391
-0.374891    0.403601
-0.374211    0.40581
-0.373528    0.408017
-0.372842    0.410222
-0.372154    0.412425
-0.371463    0.414627
-0.370769    0.416827
-0.370073    0.419026
-0.369373    0.421222
-0.368671    0.423417
-0.367967    0.42561
-0.367259    0.427802
-0.366549    0.429991
-0.365835    0.432179
-0.365119    0.434365
-0.3644    0.436549
-0.363679    0.438732
-0.362954    0.440912
-0.362227    0.443091
-0.361497    0.445268
-0.360764    0.447443
-0.360029    0.449616
-0.35929    0.451787
-0.358549    0.453957
-0.357804    0.456124
-0.357057    0.45829
-0.356307    0.460454
-0.355554    0.462616
-0.354799    0.464776
-0.35404    0.466934
-0.353279    0.46909
-0.352515    0.471244
-0.351747    0.473396
-0.350977    0.475546
-0.350204    0.477694
-0.349429    0.479841
-0.34865    0.481985
-0.347868    0.484127
-0.347084    0.486268
-0.346296    0.488406
-0.345506    0.490542
-0.344713    0.492676
-0.343916    0.494808
-0.343117    0.496939
-0.342315    0.499067
-0.34151    0.501193
-0.340702    0.503317
-0.339891    0.505439
-0.339077    0.507558
-0.338261    0.509676
-0.337441    0.511792
-0.336618    0.513905
-0.335793    0.516016
-0.334964    0.518126
-0.334132    0.520233
-0.333298    0.522338
-0.33246    0.52444
-0.33162    0.526541
-0.330776    0.528639
-0.32993    0.530735
-0.32908    0.532829
-0.328227    0.534921
-0.327372    0.537011
-0.326513    0.539098
-0.325652    0.541183
-0.324787    0.543266
-0.32392    0.545347
-0.323049    0.547425
-0.322175    0.549502
-0.321299    0.551575
-0.320419    0.553647
-0.319536    0.555716
-0.318651    0.557783
-0.317762    0.559848
-0.31687    0.56191
-0.315975    0.56397
-0.315077    0.566028
-0.314176    0.568084
-0.313272    0.570137
-0.312365    0.572187
-0.311455    0.574236
-0.310542    0.576281
-0.309625    0.578325
-0.308706    0.580366
-0.307783    0.582405
-0.306858    0.584441
-0.305929    0.586475
-0.304997    0.588507
-0.304063    0.590536
-0.303125    0.592562
-0.302184    0.594586
-0.30124    0.596608
-0.300292    0.598627
-0.299342    0.600644
-0.298389    0.602658
-0.297432    0.60467
-0.296472    0.606679
-0.29551    0.608686
-0.294544    0.61069
-0.293575    0.612691
-0.292603    0.614691
-0.291627    0.616687
-0.290649    0.618681
-0.289667    0.620673
-0.288683    0.622661
-0.287695    0.624648
-0.286704    0.626631
-0.28571    0.628612
-0.284713    0.630591
-0.283712    0.632567
-0.282709    0.63454
-0.281702    0.63651
-0.280692    0.638478
-0.279679    0.640443
-0.278663    0.642406
-0.277643    0.644366
-0.276621    0.646323
-0.275595    0.648277
-0.274566    0.650229
-0.273534    0.652178
-0.272499    0.654125
-0.271461    0.656068
-0.270419    0.658009
-0.269375    0.659948
-0.268327    0.661883
-0.267276    0.663816
-0.266221    0.665745
-0.265164    0.667673
-0.264103    0.669597
-0.263039    0.671518
-0.261972    0.673437
-0.260902    0.675353
-0.259828    0.677266
-0.258752    0.679176
-0.257672    0.681084
-0.256589    0.682988
-0.255502    0.68489
-0.254413    0.686789
-0.25332    0.688685
-0.252224    0.690578
-0.251125    0.692468
-0.250023    0.694355
-0.248917    0.69624
-0.247808    0.698121
-0.246696    0.699999
-0.245581    0.701875
-0.244463    0.703748
-0.243341    0.705617
-0.242216    0.707484
-0.241088    0.709348
-0.239957    0.711208
-0.238822    0.713066
-0.237684    0.714921
-0.236543    0.716773
-0.235399    0.718621
-0.234251    0.720467
-0.233101    0.72231
-0.231947    0.724149
-0.230789    0.725986
-0.229629    0.727819
-0.228465    0.72965
-0.227298    0.731477
-0.226128    0.733301
-0.224955    0.735122
-0.223778    0.73694
-0.222598    0.738755
-0.221415    0.740567
-0.220228    0.742376
-0.219039    0.744181
-0.217846    0.745983
-0.216649    0.747783
-0.21545    0.749579
-0.214247    0.751372
-0.213041    0.753161
-0.211832    0.754948
-0.21062    0.756731
-0.209404    0.758511
-0.208185    0.760288
-0.206963    0.762061
-0.205737    0.763832
-0.204509    0.765599
-0.203277    0.767363
-0.202041    0.769123
-0.200803    0.770881
-0.199561    0.772635
-0.198316    0.774385
-0.197068    0.776133
-0.195816    0.777877
-0.194561    0.779618
-0.193303    0.781355
-0.192042    0.783089
-0.190777    0.78482
-0.18951    0.786547
-0.188239    0.788271
-0.186964    0.789992
-0.185687    0.791709
-0.184406    0.793423
-0.183122    0.795134
-0.181834    0.796841
-0.180543    0.798545
-0.17925    0.800245
-0.177952    0.801942
-0.176652    0.803635
-0.175348    0.805325
-0.174041    0.807011
-0.172731    0.808694
-0.171418    0.810374
-0.170101    0.81205
-0.168781    0.813722
-0.167458    0.815391
-0.166131    0.817057
-0.164801    0.818719
-0.163468    0.820377
-0.162132    0.822032
-0.160793    0.823683
-0.15945    0.825331
-0.158104    0.826975
-0.156755    0.828616
-0.155402    0.830253
-0.154046    0.831886
-0.152687    0.833516
-0.151325    0.835142
-0.14996    0.836765
-0.148591    0.838384
-0.147219    0.839999
-0.145844    0.841611
-0.144465    0.843219
-0.143083    0.844823
-0.141698    0.846424
-0.14031    0.848021
-0.138919    0.849614
-0.137524    0.851204
-0.136126    0.85279
-0.134725    0.854372
-0.13332    0.85595
-0.131913    0.857525
-0.130502    0.859096
-0.129088    0.860663
-0.127671    0.862226
-0.12625    0.863786
-0.124826    0.865342
-0.123399    0.866894
-0.121969    0.868442
-0.120536    0.869986
-0.119099    0.871527
-0.117659    0.873064
-0.116216    0.874597
-0.11477    0.876126
-0.11332    0.877651
-0.111867    0.879173
-0.110412    0.88069
-0.108952    0.882204
-0.10749    0.883713
-0.106025    0.885219
-0.104556    0.886721
-0.103084    0.888219
-0.101609    0.889713
-0.10013    0.891203
-0.0986489    0.892689
-0.0971642    0.894172
-0.0956763    0.89565
-0.0941852    0.897124
-0.092691    0.898595
-0.0911935    0.900061
-0.0896929    0.901523
-0.0881891    0.902982
-0.0866822    0.904436
-0.085172    0.905886
-0.0836587    0.907332
-0.0821423    0.908775
-0.0806226    0.910213
-0.0790999    0.911647
-0.0775739    0.913077
-0.0760448    0.914503
-0.0745126    0.915925
-0.0729772    0.917342
-0.0714386    0.918756
-0.069897    0.920166
-0.0683521    0.921571
-0.0668042    0.922972
-0.0652531    0.924369
-0.0636989    0.925762
-0.0621415    0.927151
-0.060581    0.928536
-0.0590174    0.929916
-0.0574507    0.931293
-0.0558809    0.932665
-0.0543079    0.934033
-0.0527319    0.935397
-0.0511527    0.936756
-0.0495705    0.938111
-0.0479851    0.939462
-0.0463967    0.940809
-0.0448051    0.942152
-0.0432105    0.94349
-0.0416128    0.944824
-0.040012    0.946153
-0.0384081    0.947479
-0.0368012    0.9488
-0.0351912    0.950117
-0.0335781    0.951429
-0.0319619    0.952737
-0.0303427    0.954041
-0.0287205    0.955341
-0.0270952    0.956636
-0.0254668    0.957927
-0.0238354    0.959213
-0.022201    0.960495
-0.0205635    0.961773
-0.0189231    0.963046
-0.0172795    0.964315
-0.015633    0.965579
-0.0139834    0.966839
-0.0123309    0.968095
-0.0106753    0.969346
-0.0090167    0.970593
-0.00735512    0.971835
-0.00569054    0.973073
-0.00402296    0.974306
-0.00235241    0.975535
-0.000678868    0.976759
0.000997648    0.977979
0.00267714    0.979194
0.00435959    0.980405
0.00604501    0.981611
0.00773339    0.982813
0.00942473    0.98401
0.011119    0.985203
0.0128162    0.986391
0.0145164    0.987574
0.0162195    0.988753
0.0179255    0.989928
0.0196345    0.991097
0.0213463    0.992262
0.0230611    0.993423
0.0247788    0.994579
0.0264994    0.99573
0.0282229    0.996877
0.0299493    0.998019
0.0316786    0.999156
0.0334107    1.00029
0.0351458    1.00142
0.0368837    1.00254
0.0386244    1.00366
0.0403681    1.00477
0.0421146    1.00588
0.0438639    1.00699
0.0456161    1.00809
0.0473711    1.00918
0.0491289    1.01027
0.0508896    1.01136
0.0526531    1.01244
0.0544194    1.01351
0.0561885    1.01459
0.0579605    1.01565
0.0597352    1.01671
0.0615127    1.01777
0.063293    1.01882
0.065076    1.01987
0.0668619    1.02091
0.0686505    1.02195
0.0704419    1.02298
0.072236    1.02401
0.0740329    1.02503
0.0758325    1.02605
0.0776348    1.02707
0.0794399    1.02807
0.0812477    1.02908
0.0830582    1.03008
0.0848714    1.03107
0.0866873    1.03206
0.088506    1.03304
0.0903273    1.03402
0.0921513    1.035
0.0939779    1.03597
0.0958073    1.03693
0.0976393    1.03789
0.0994739    1.03884
0.101311    1.03979
0.103151    1.04074
0.104994    1.04168
0.106839    1.04261
0.108687    1.04354
0.110537    1.04446
0.11239    1.04538
0.114246    1.0463
0.116104    1.04721
0.117965    1.04811
0.119828    1.04901
0.121694    1.0499
0.123563    1.05079
0.125434    1.05168
0.127307    1.05256
0.129184    1.05343
0.131062    1.0543
0.132943    1.05516
0.134827    1.05602
0.136713    1.05687
0.138602    1.05772
0.140493    1.05857
0.142387    1.0594
0.144283    1.06024
0.146182    1.06106
0.148083    1.06189
0.149987    1.0627
0.151893    1.06351
0.153801    1.06432
0.155712    1.06512
0.157625    1.06592
0.159541    1.06671
0.161459    1.0675
0.16338    1.06828
0.165303    1.06905
0.167228    1.06982
0.169156    1.07059
0.171086    1.07135
0.173018    1.0721
0.174953    1.07285
0.17689    1.07359
0.178829    1.07433
0.180771    1.07507
0.182715    1.07579
0.184661    1.07652
0.18661    1.07723
0.188561    1.07795
0.190514    1.07865
0.192469    1.07935
0.194427    1.08005
0.196387    1.08074
0.198349    1.08142
0.200314    1.0821
0.20228    1.08278
0.204249    1.08345
0.20622    1.08411
0.208193    1.08477
0.210169    1.08542
0.212146    1.08607
0.214126    1.08671
0.216108    1.08735
0.218092    1.08798
0.220078    1.08861
0.222067    1.08923
0.224057    1.08984
0.22605    1.09045
0.228044    1.09105
0.230041    1.09165
0.23204    1.09224
0.234041    1.09283
0.236044    1.09341
0.238049    1.09399
0.240056    1.09456
0.242065    1.09513
0.244076    1.09569
0.246089    1.09624
0.248105    1.09679
0.250122    1.09733
0.252141    1.09787
0.254162    1.0984
0.256185    1.09893
0.25821    1.09945
0.260237    1.09997
0.262266    1.10048
0.264297    1.10098
0.266329    1.10148
0.268364    1.10197
0.2704    1.10246
0.272439    1.10294
0.274479    1.10342
0.276521    1.10389
0.278565    1.10435
0.280611    1.10481
0.282658    1.10527
0.284708    1.10571
0.286759    1.10616
0.288812    1.10659
0.290867    1.10702
0.292924    1.10745
0.294982    1.10787
0.297042    1.10828
0.299104    1.10869
0.301167    1.10909
0.303233    1.10949
0.3053    1.10988
0.307368    1.11027
0.309439    1.11065
0.311511    1.11102
0.313584    1.11139
0.31566    1.11175
0.317737    1.11211
0.319815    1.11246
0.321896    1.11281
0.323977    1.11314
0.326061    1.11348
0.328146    1.11381
0.330232    1.11413
0.332321    1.11445
0.33441    1.11476
0.336501    1.11506
0.338594    1.11536
0.340689    1.11565
0.342784    1.11594
0.344882    1.11622
0.34698    1.1165
0.34908    1.11677
0.351182    1.11703
0.353285    1.11729
0.35539    1.11754
0.357496    1.11779
0.359603    1.11803
0.361712    1.11827
0.363822    1.1185
0.365933    1.11872
0.368046    1.11894
0.370161    1.11915
0.372276    1.11935
0.374393    1.11955
0.376511    1.11975
0.378631    1.11994
0.380751    1.12012
0.382873    1.12029
0.384997    1.12046
0.387121    1.12063
0.389247    1.12079
0.391374    1.12094
0.393502    1.12109
0.395632    1.12123
0.397762    1.12136
0.399894    1.12149
0.402027    1.12161
0.404161    1.12173
0.406296    1.12184
0.408433    1.12195
0.41057    1.12205
0.412709    1.12214
0.414848    1.12223
0.416989    1.12231
0.419131    1.12238
0.421274    1.12245
0.423418    1.12252
0.425562    1.12257
0.427708    1.12263
0.429855    1.12267
0.432003    1.12271
0.434152    1.12274
0.436302    1.12277
0.438452    1.12279
0.440604    1.12281
0.442757    1.12282
0.44491    1.12282
0.447065    1.12282
0.44922    1.12281
0.451376    1.1228
0.453533    1.12277
0.455691    1.12275
0.457849    1.12272
0.460009    1.12268
0.462169    1.12263
0.46433    1.12258
0.466492    1.12252
0.468654    1.12246
0.470818    1.12239
0.472982    1.12232
0.475146    1.12224
0.477312    1.12215
0.479478    1.12206
0.481645    1.12196
0.483812    1.12185
0.48598    1.12174
0.488149    1.12162
0.490319    1.1215
0.492489    1.12137
0.494659    1.12123
0.49683    1.12109
0.499002    1.12094
0.501174    1.12079
0.503347    1.12063
0.505521    1.12046
0.507694    1.12029
0.509869    1.12011
0.512044    1.11993
0.514219    1.11974
0.516395    1.11954
0.518571    1.11934
0.520748    1.11913
0.522925    1.11892
0.525102    1.1187
0.52728    1.11847
0.529458    1.11824
0.531637    1.118
0.533816    1.11775
0.535995    1.1175
0.538174    1.11724
0.540354    1.11698
0.542534    1.11671
0.544715    1.11643
0.546896    1.11615
0.549077    1.11586
0.551258    1.11557
0.553439    1.11527
0.555621    1.11496
0.557802    1.11465
0.559984    1.11433
0.562166    1.114
0.564349    1.11367
0.566531    1.11334
0.568714    1.11299
0.570896    1.11264
0.573079    1.11229
0.575262    1.11193
0.577444    1.11156
0.579627    1.11118
0.58181    1.1108
0.583993    1.11042
0.586176    1.11002
0.588359    1.10963
0.590542    1.10922
0.592725    1.10881
0.594907    1.10839
0.59709    1.10797
0.599273    1.10754
0.601455    1.10711
0.603638    1.10666
0.60582    1.10622
0.608002    1.10576
0.610184    1.1053
0.612366    1.10484
0.614547    1.10437
0.616729    1.10389
0.61891    1.1034
0.621091    1.10291
0.623272    1.10241
0.625452    1.10191
0.627632    1.1014
0.629812    1.10089
0.631992    1.10037
0.634171    1.09984
0.63635    1.09931
0.638528    1.09877
0.640707    1.09822
0.642884    1.09767
0.645062    1.09711
0.647239    1.09655
0.649415    1.09598
0.651592    1.0954
0.653767    1.09482
0.655943    1.09423
0.658117    1.09363
0.660292    1.09303
0.662465    1.09242
0.664639    1.09181
0.666811    1.09119
0.668983    1.09057
0.671155    1.08994
0.673326    1.0893
0.675496    1.08865
0.677666    1.088
0.679835    1.08735
0.682004    1.08669
0.684172    1.08602
0.686339    1.08534
0.688505    1.08466
0.690671    1.08398
0.692836    1.08328
0.695    1.08259
0.697164    1.08188
0.699327    1.08117
0.701489    1.08045
0.70365    1.07973
0.70581    1.079
0.70797    1.07827
0.710129    1.07752
0.712287    1.07678
0.714444    1.07602
0.7166    1.07526
0.718755    1.0745
0.72091    1.07373
0.723063    1.07295
0.725216    1.07216
0.727367    1.07137
0.729518    1.07058
0.731667    1.06978
0.733816    1.06897
0.735963    1.06815
0.73811    1.06733
0.740255    1.06651
0.7424    1.06568
0.744543    1.06484
0.746686    1.06399
0.748827    1.06314
0.750967    1.06229
0.753106    1.06143
0.755244    1.06056
0.75738    1.05968
0.759516    1.0588
0.76165    1.05792
0.763783    1.05702
0.765915    1.05612
0.768045    1.05522
0.770175    1.05431
0.772303    1.05339
0.77443    1.05247
0.776555    1.05154
0.778679    1.05061
0.780802    1.04967
0.782924    1.04872
