0.287502    -0.430951
0.288    -0.428686
0.288496    -0.42642
0.288989    -0.424153
0.289481    -0.421884
0.289971    -0.419614
0.290458    -0.417343
0.290944    -0.415071
0.291427    -0.412798
0.291908    -0.410523
0.292387    -0.408247
0.292865    -0.40597
0.29334    -0.403692
0.293813    -0.401412
0.294284    -0.399132
0.294753    -0.39685
0.29522    -0.394567
0.295685    -0.392282
0.296148    -0.389997
0.296609    -0.387711
0.297069    -0.385423
0.297526    -0.383134
0.297981    -0.380844
0.298434    -0.378553
0.298885    -0.376261
0.299335    -0.373968
0.299782    -0.371674
0.300228    -0.369378
0.300671    -0.367082
0.301113    -0.364784
0.301552    -0.362486
0.30199    -0.360186
0.302426    -0.357885
0.30286    -0.355584
0.303292    -0.353281
0.303723    -0.350977
0.304151    -0.348672
0.304578    -0.346367
0.305003    -0.34406
0.305425    -0.341752
0.305847    -0.339443
0.306266    -0.337134
0.306683    -0.334823
0.307099    -0.332511
0.307513    -0.330199
0.307925    -0.327885
0.308335    -0.325571
0.308744    -0.323255
0.30915    -0.320939
0.309555    -0.318622
0.309958    -0.316304
0.31036    -0.313985
0.31076    -0.311665
0.311158    -0.309344
0.311554    -0.307023
0.311948    -0.3047
0.312341    -0.302377
0.312732    -0.300053
0.313122    -0.297727
0.313509    -0.295402
0.313896    -0.293075
0.31428    -0.290747
0.314663    -0.288419
0.315044    -0.28609
0.315423    -0.28376
0.315801    -0.281429
0.316177    -0.279098
0.316552    -0.276766
0.316925    -0.274433
0.317296    -0.272099
0.317666    -0.269764
0.318034    -0.267429
0.3184    -0.265093
0.318765    -0.262757
0.319129    -0.260419
0.319491    -0.258081
0.319851    -0.255742
0.32021    -0.253403
0.320567    -0.251063
0.320923    -0.248722
0.321277    -0.24638
0.32163    -0.244038
0.321981    -0.241695
0.32233    -0.239352
0.322679    -0.237008
0.323025    -0.234663
0.323371    -0.232318
0.323714    -0.229972
0.324057    -0.227625
0.324398    -0.225278
0.324737    -0.222931
0.325075    -0.220582
0.325412    -0.218233
0.325747    -0.215884
0.32608    -0.213534
0.326413    -0.211184
0.326744    -0.208833
0.327073    -0.206481
0.327402    -0.204129
0.327728    -0.201776
0.328054    -0.199423
0.328378    -0.197069
0.328701    -0.194715
0.329022    -0.192361
0.329343    -0.190006
0.329661    -0.18765
0.329979    -0.185294
0.330295    -0.182938
0.33061    -0.180581
0.330924    -0.178224
0.331236    -0.175866
0.331547    -0.173508
0.331857    -0.171149
0.332166    -0.16879
0.332473    -0.166431
0.332779    -0.164071
0.333084    -0.161711
0.333388    -0.15935
0.33369    -0.156989
0.333991    -0.154628
0.334291    -0.152267
0.33459    -0.149905
0.334888    -0.147542
0.335185    -0.14518
0.33548    -0.142817
0.335774    -0.140454
0.336067    -0.13809
0.336359    -0.135726
0.33665    -0.133362
0.33694    -0.130998
0.337228    -0.128633
0.337516    -0.126268
0.337802    -0.123903
0.338088    -0.121538
0.338372    -0.119172
0.338655    -0.116806
0.338937    -0.11444
0.339218    -0.112074
0.339498    -0.109708
0.339777    -0.107341
0.340055    -0.104974
0.340332    -0.102607
0.340608    -0.10024
0.340883    -0.0978725
0.341157    -0.095505
0.34143    -0.0931373
0.341702    -0.0907694
0.341973    -0.0884015
0.342244    -0.0860334
0.342513    -0.0836652
0.342781    -0.0812969
0.343048    -0.0789284
0.343315    -0.0765599
0.34358    -0.0741913
0.343845    -0.0718226
0.344108    -0.0694539
0.344371    -0.0670851
0.344633    -0.0647162
0.344894    -0.0623473
0.345154    -0.0599784
0.345414    -0.0576094
0.345672    -0.0552404
0.34593    -0.0528714
0.346186    -0.0505024
0.346442    -0.0481333
0.346698    -0.0457643
0.346952    -0.0433953
0.347206    -0.0410263
0.347458    -0.0386574
0.34771    -0.0362885
0.347962    -0.0339197
0.348212    -0.0315509
0.348462    -0.0291821
0.348711    -0.0268135
0.348959    -0.0244449
0.349207    -0.0220764
0.349454    -0.019708
0.3497    -0.0173397
0.349945    -0.0149715
0.35019    -0.0126034
0.350434    -0.0102355
0.350678    -0.00786768
0.35092    -0.00550001
0.351163    -0.0031325
0.351404    -0.000765137
0.351645    0.00160206
0.351885    0.00396908
0.352125    0.00633591
0.352364    0.00870256
0.352602    0.011069
0.35284    0.0134353
0.353077    0.0158013
0.353314    0.0181671
0.35355    0.0205327
0.353785    0.0228981
0.35402    0.0252632
0.354255    0.027628
0.354489    0.0299926
0.354722    0.032357
0.354955    0.034721
0.355187    0.0370848
0.355419    0.0394483
0.35565    0.0418115
0.355881    0.0441744
0.356112    0.0465369
0.356342    0.0488992
0.356571    0.0512611
0.3568    0.0536227
0.357029    0.055984
0.357257    0.0583449
0.357485    0.0607054
0.357713    0.0630656
0.35794    0.0654253
0.358166    0.0677848
0.358392    0.0701438
0.358618    0.0725024
0.358844    0.0748606
0.359069    0.0772184
0.359294    0.0795758
0.359518    0.0819328
0.359742    0.0842893
0.359966    0.0866454
0.36019    0.089001
0.360413    0.0913562
0.360636    0.0937109
0.360859    0.0960651
0.361081    0.0984189
0.361303    0.100772
0.361525    0.103125
0.361747    0.105477
0.361968    0.107829
0.362189    0.11018
0.36241    0.112531
0.362631    0.114881
0.362851    0.117231
0.363072    0.11958
0.363292    0.121928
0.363512    0.124276
0.363732    0.126624
0.363951    0.12897
0.364171    0.131317
0.36439    0.133662
0.364609    0.136007
0.364829    0.138352
0.365048    0.140695
0.365266    0.143039
0.365485    0.145381
0.365704    0.147723
0.365923    0.150064
0.366141    0.152405
0.36636    0.154745
0.366578    0.157084
0.366797    0.159423
0.367015    0.161761
0.367233    0.164098
0.367452    0.166434
0.36767    0.16877
0.367888    0.171105
0.368107    0.17344
0.368325    0.175773
0.368544    0.178106
0.368762    0.180438
0.368981    0.18277
0.369199    0.1851
0.369418    0.18743
0.369636    0.18976
0.369855    0.192088
0.370074    0.194415
0.370293    0.196742
0.370512    0.199068
0.370731    0.201393
0.370951    0.203718
0.37117    0.206041
0.37139    0.208364
0.37161    0.210686
0.37183    0.213007
0.37205    0.215327
0.37227    0.217646
0.37249    0.219965
0.372711    0.222282
0.372932    0.224599
0.373153    0.226915
0.373374    0.22923
0.373596    0.231544
0.373818    0.233857
0.37404    0.236169
0.374262    0.23848
0.374485    0.24079
0.374708    0.2431
0.374931    0.245408
0.375154    0.247716
0.375378    0.250022
0.375602    0.252328
0.375827    0.254632
0.376051    0.256936
0.376276    0.259239
0.376502    0.26154
0.376728    0.263841
0.376954    0.26614
0.37718    0.268439
0.377407    0.270737
0.377635    0.273033
0.377862    0.275329
0.378091    0.277623
0.378319    0.279916
0.378548    0.282209
0.378778    0.2845
0.379007    0.28679
0.379238    0.289079
0.379469    0.291368
0.3797    0.293654
0.379932    0.29594
0.380164    0.298225
0.380397    0.300509
0.38063    0.302791
0.380864    0.305073
0.381098    0.307353
0.381333    0.309632
0.381568    0.31191
0.381804    0.314187
0.382041    0.316463
0.382278    0.318737
0.382516    0.32101
0.382754    0.323282
0.382993    0.325553
0.383232    0.327823
0.383472    0.330092
0.383713    0.332359
0.383954    0.334625
0.384196    0.33689
0.384439    0.339154
0.384682    0.341416
0.384926    0.343677
0.385171    0.345937
0.385416    0.348196
0.385662    0.350454
0.385909    0.35271
0.386156    0.354965
0.386404    0.357218
0.386653    0.35947
0.386903    0.361722
0.387153    0.363971
0.387404    0.36622
0.387656    0.368467
0.387909    0.370713
0.388162    0.372957
0.388417    0.3752
0.388672    0.377442
0.388928    0.379682
0.389184    0.381921
0.389442    0.384159
0.3897    0.386395
0.389959    0.38863
0.390219    0.390864
0.39048    0.393096
0.390742    0.395327
0.391004    0.397556
0.391268    0.399784
0.391532    0.402011
0.391798    0.404236
0.392064    0.40646
0.392331    0.408682
0.392599    0.410903
0.392868    0.413122
0.393138    0.41534
0.393409    0.417557
0.393681    0.419772
0.393954    0.421985
0.394227    0.424198
0.394502    0.426408
0.394778    0.428617
0.395055    0.430825
0.395333    0.433031
0.395612    0.435236
0.395892    0.437439
0.396172    0.43964
0.396454    0.44184
0.396737    0.444039
0.397022    0.446236
0.397307    0.448431
0.397593    0.450625
0.39788    0.452817
0.398169    0.455008
0.398458    0.457197
0.398749    0.459385
0.399041    0.461571
0.399334    0.463755
0.399628    0.465938
0.399923    0.468119
0.400219    0.470299
0.400517    0.472477
0.400816    0.474653
0.401116    0.476828
0.401417    0.479001
0.401719    0.481173
0.402023    0.483343
0.402327    0.485511
0.402633    0.487677
0.40294    0.489842
0.403249    0.492005
0.403559    0.494167
0.403869    0.496326
0.404182    0.498485
0.404495    0.500641
0.40481    0.502796
0.405126    0.504949
0.405443    0.5071
0.405762    0.50925
0.406082    0.511397
0.406403    0.513544
0.406726    0.515688
0.40705    0.517831
0.407375    0.519972
0.407702    0.522111
0.40803    0.524248
0.40836    0.526384
0.40869    0.528517
0.409023    0.53065
0.409356    0.53278
0.409691    0.534908
0.410028    0.537035
0.410366    0.53916
0.410705    0.541283
0.411046    0.543404
0.411388    0.545523
0.411732    0.547641
0.412077    0.549757
0.412423    0.551871
0.412771    0.553983
0.413121    0.556093
0.413472    0.558201
0.413825    0.560308
0.414179    0.562413
0.414534    0.564515
0.414891    0.566616
0.41525    0.568715
0.41561    0.570812
0.415972    0.572907
0.416335    0.575001
0.4167    0.577092
0.417067    0.579182
0.417435    0.581269
0.417805    0.583355
0.418176    0.585438
0.418549    0.58752
0.418923    0.5896
0.419299    0.591678
0.419677    0.593754
0.420056    0.595827
0.420437    0.597899
0.42082    0.599969
0.421205    0.602037
0.421591    0.604103
0.421978    0.606167
0.422368    0.608229
0.422759    0.610289
0.423152    0.612347
0.423546    0.614403
0.423942    0.616457
0.42434    0.618509
0.42474    0.620559
0.425141    0.622607
0.425545    0.624653
0.42595    0.626697
0.426356    0.628738
0.426765    0.630778
0.427175    0.632816
0.427587    0.634851
0.428001    0.636885
0.428417    0.638916
0.428834    0.640945
0.429254    0.642973
0.429675    0.644998
0.430098    0.647021
0.430522    0.649041
0.430949    0.65106
0.431378    0.653077
0.431808    0.655091
0.43224    0.657104
0.432674    0.659114
0.43311    0.661122
0.433548    0.663128
0.433988    0.665131
0.43443    0.667133
0.434874    0.669132
0.435319    0.67113
0.435767    0.673125
0.436216    0.675118
0.436668    0.677108
0.437121    0.679097
0.437576    0.681083
0.438034    0.683067
0.438493    0.685049
0.438954    0.687029
0.439417    0.689006
0.439883    0.690981
0.44035    0.692954
0.440819    0.694925
0.44129    0.696893
0.441764    0.698859
0.442239    0.700823
0.442717    0.702785
0.443196    0.704744
0.443678    0.706701
0.444161    0.708656
0.444647    0.710609
0.445135    0.712559
0.445624    0.714507
0.446116    0.716453
0.44661    0.718396
0.447107    0.720337
0.447605    0.722276
0.448105    0.724212
0.448608    0.726146
0.449112    0.728078
0.449619    0.730007
0.450128    0.731934
0.450639    0.733859
0.451153    0.735781
0.451668    0.737701
0.452186    0.739618
0.452705    0.741534
0.453227    0.743446
0.453752    0.745357
0.454278    0.747265
0.454807    0.74917
0.455338    0.751073
0.455871    0.752974
0.456406    0.754872
0.456944    0.756768
0.457483    0.758662
0.458026    0.760553
0.45857    0.762441
0.459117    0.764328
0.459665    0.766211
0.460217    0.768093
0.46077    0.769971
0.461326    0.771848
0.461884    0.773721
0.462444    0.775593
0.463007    0.777462
0.463572    0.779328
0.464139    0.781192
0.464709    0.783053
0.465281    0.784912
0.465856    0.786768
0.466432    0.788622
0.467012    0.790473
0.467593    0.792322
0.468177    0.794168
0.468763    0.796012
0.469352    0.797853
0.469943    0.799692
0.470536    0.801528
0.471132    0.803361
0.471731    0.805192
0.472331    0.80702
0.472934    0.808846
0.47354    0.810669
0.474148    0.81249
0.474759    0.814307
0.475372    0.816123
0.475987    0.817935
0.476605    0.819745
0.477225    0.821553
0.477848    0.823358
0.478473    0.82516
0.479101    0.826959
0.479732    0.828756
0.480364    0.83055
0.481    0.832342
0.481638    0.834131
0.482278    0.835917
0.482921    0.837701
0.483566    0.839481
0.484214    0.84126
0.484865    0.843035
0.485518    0.844808
0.486174    0.846578
0.486832    0.848345
0.487493    0.85011
0.488156    0.851872
0.488822    0.853631
0.489491    0.855387
0.490162    0.857141
0.490836    0.858892
0.491513    0.86064
0.492192    0.862385
0.492873    0.864128
0.493558    0.865868
0.494245    0.867605
0.494934    0.869339
0.495626    0.871071
0.496321    0.8728
0.497019    0.874526
0.497719    0.876249
0.498422    0.877969
0.499128    0.879686
0.499836    0.881401
0.500547    0.883113
0.501261    0.884822
0.501977    0.886528
0.502696    0.888231
0.503418    0.889932
0.504142    0.891629
0.504869    0.893324
0.505599    0.895016
0.506332    0.896705
0.507068    0.898391
0.507806    0.900074
0.508547    0.901754
0.50929    0.903431
0.510037    0.905106
0.510786    0.906777
0.511538    0.908446
0.512293    0.910111
0.51305    0.911774
0.513811    0.913434
0.514574    0.915091
0.51534    0.916745
0.516109    0.918396
0.51688    0.920043
0.517655    0.921688
0.518432    0.92333
0.519212    0.924969
0.519995    0.926605
0.520781    0.928238
0.521569    0.929868
0.522361    0.931495
0.523155    0.933119
0.523952    0.93474
0.524752    0.936358
0.525555    0.937973
0.526361    0.939585
0.527169    0.941193
0.527981    0.942799
0.528795    0.944402
0.529613    0.946001
0.530433    0.947598
0.531256    0.949191
0.532082    0.950781
0.532911    0.952369
0.533743    0.953953
0.534578    0.955534
0.535416    0.957112
0.536256    0.958686
0.5371    0.960258
0.537946    0.961826
0.538796    0.963392
0.539648    0.964954
0.540504    0.966513
0.541362    0.968069
0.542224    0.969622
0.543088    0.971171
0.543955    0.972718
0.544826    0.974261
0.545699    0.975801
0.546575    0.977337
0.547455    0.978871
0.548337    0.980401
0.549222    0.981928
0.550111    0.983452
0.551002    0.984973
0.551896    0.98649
0.552794    0.988005
0.553694    0.989516
0.554598    0.991023
0.555504    0.992528
0.556414    0.994029
0.557326    0.995526
0.558242    0.997021
0.559161    0.998512
0.560083    1
0.561007    1.00148
0.561935    1.00297
0.562866    1.00444
0.5638    1.00592
0.564737    1.00739
0.565678    1.00886
0.566621    1.01032
0.567567    1.01178
0.568517    1.01324
0.56947    1.0147
0.570425    1.01615
0.571384    1.01759
0.572346    1.01904
0.573311    1.02048
0.574279    1.02192
0.575251    1.02335
0.576225    1.02478
0.577203    1.02621
0.578184    1.02763
0.579167    1.02905
0.580154    1.03047
0.581145    1.03188
0.582138    1.03329
0.583134    1.0347
0.584134    1.0361
0.585137    1.0375
0.586143    1.0389
0.587152    1.04029
0.588164    1.04168
0.58918    1.04307
0.590199    1.04445
0.59122    1.04583
0.592246    1.0472
0.593274    1.04857
0.594305    1.04994
0.59534    1.05131
0.596378    1.05267
0.597419    1.05402
0.598463    1.05538
0.599511    1.05673
0.600561    1.05807
0.601615    1.05942
0.602672    1.06075
0.603733    1.06209
0.604796    1.06342
0.605863    1.06475
0.606933    1.06607
0.608007    1.0674
0.609083    1.06871
0.610163    1.07003
0.611246    1.07134
0.612332    1.07264
0.613422    1.07394
0.614515    1.07524
0.615611    1.07654
0.61671    1.07783
0.617813    1.07912
0.618919    1.0804
0.620028    1.08168
0.62114    1.08296
0.622256    1.08423
0.623375    1.0855
0.624497    1.08677
0.625623    1.08803
0.626752    1.08928
0.627884    1.09054
0.629019    1.09179
0.630158    1.09303
0.6313    1.09428
0.632445    1.09552
0.633594    1.09675
0.634746    1.09798
0.635901    1.09921
0.637059    1.10043
0.638221    1.10165
0.639386    1.10287
0.640555    1.10408
0.641727    1.10529
0.642902    1.10649
0.64408    1.10769
0.645262    1.10888
0.646447    1.11008
0.647635    1.11126
0.648827    1.11245
0.650022    1.11363
0.65122    1.11481
0.652422    1.11598
0.653627    1.11715
0.654836    1.11831
0.656047    1.11947
0.657262    1.12063
0.658481    1.12178
0.659703    1.12293
0.660928    1.12407
0.662156    1.12521
0.663388    1.12635
0.664623    1.12748
