-0.385114    -1.25098
-0.383053    -1.25055
-0.380994    -1.25012
-0.378937    -1.24968
-0.376883    -1.24924
-0.37483    -1.24879
-0.37278    -1.24834
-0.370733    -1.24788
-0.368687    -1.24741
-0.366644    -1.24694
-0.364603    -1.24646
-0.362564    -1.24598
-0.360528    -1.24549
-0.358494    -1.24499
-0.356463    -1.24449
-0.354433    -1.24399
-0.352406    -1.24348
-0.350382    -1.24296
-0.348359    -1.24244
-0.346339    -1.24191
-0.344322    -1.24137
-0.342307    -1.24083
-0.340294    -1.24029
-0.338284    -1.23974
-0.336276    -1.23918
-0.334271    -1.23862
-0.332268    -1.23805
-0.330267    -1.23748
-0.328269    -1.2369
-0.326273    -1.23631
-0.32428    -1.23572
-0.32229    -1.23513
-0.320302    -1.23453
-0.318316    -1.23392
-0.316333    -1.23331
-0.314352    -1.23269
-0.312374    -1.23207
-0.310399    -1.23144
-0.308426    -1.2308
-0.306456    -1.23016
-0.304488    -1.22952
-0.302523    -1.22887
-0.30056    -1.22821
-0.2986    -1.22755
-0.296643    -1.22688
-0.294688    -1.22621
-0.292736    -1.22553
-0.290786    -1.22485
-0.288839    -1.22416
-0.286895    -1.22347
-0.284954    -1.22277
-0.283015    -1.22207
-0.281078    -1.22136
-0.279145    -1.22064
-0.277214    -1.21992
-0.275286    -1.21919
-0.27336    -1.21846
-0.271438    -1.21773
-0.269518    -1.21698
-0.2676    -1.21624
-0.265686    -1.21548
-0.263774    -1.21473
-0.261865    -1.21396
-0.259959    -1.21319
-0.258055    -1.21242
-0.256155    -1.21164
-0.254257    -1.21086
-0.252361    -1.21007
-0.250469    -1.20927
-0.24858    -1.20847
-0.246693    -1.20767
-0.244809    -1.20686
-0.242928    -1.20604
-0.24105    -1.20522
-0.239174    -1.2044
-0.237302    -1.20357
-0.235432    -1.20273
-0.233565    -1.20189
-0.231701    -1.20104
-0.22984    -1.20019
-0.227982    -1.19933
-0.226127    -1.19847
-0.224274    -1.19761
-0.222425    -1.19673
-0.220578    -1.19586
-0.218734    -1.19498
-0.216894    -1.19409
-0.215056    -1.1932
-0.213221    -1.1923
-0.211389    -1.1914
-0.20956    -1.19049
-0.207734    -1.18958
-0.205911    -1.18866
-0.204091    -1.18774
-0.202274    -1.18681
-0.20046    -1.18588
-0.198649    -1.18494
-0.19684    -1.184
-0.195035    -1.18305
-0.193233    -1.1821
-0.191434    -1.18114
-0.189638    -1.18018
-0.187845    -1.17922
-0.186055    -1.17824
-0.184268    -1.17727
-0.182483    -1.17629
-0.180703    -1.1753
-0.178925    -1.17431
-0.17715    -1.17331
-0.175378    -1.17231
-0.173609    -1.17131
-0.171843    -1.1703
-0.170081    -1.16928
-0.168321    -1.16826
-0.166565    -1.16724
-0.164812    -1.16621
-0.163061    -1.16517
-0.161314    -1.16413
-0.15957    -1.16309
-0.157829    -1.16204
-0.156091    -1.16099
-0.154357    -1.15993
-0.152625    -1.15886
-0.150897    -1.1578
-0.149171    -1.15672
-0.147449    -1.15565
-0.14573    -1.15456
-0.144014    -1.15348
-0.142302    -1.15239
-0.140592    -1.15129
-0.138886    -1.15019
-0.137182    -1.14909
-0.135482    -1.14798
-0.133785    -1.14686
-0.132092    -1.14574
-0.130401    -1.14462
-0.128714    -1.14349
-0.127029    -1.14236
-0.125349    -1.14122
-0.123671    -1.14008
-0.121996    -1.13893
-0.120325    -1.13778
-0.118657    -1.13662
-0.116992    -1.13546
-0.11533    -1.1343
-0.113671    -1.13313
-0.112016    -1.13196
-0.110364    -1.13078
-0.108715    -1.1296
-0.107069    -1.12841
-0.105427    -1.12722
-0.103788    -1.12602
-0.102152    -1.12482
-0.100519    -1.12362
-0.0988899    -1.12241
-0.0972637    -1.12119
-0.0956408    -1.11997
-0.0940212    -1.11875
-0.0924048    -1.11752
-0.0907917    -1.11629
-0.0891818    -1.11506
-0.0875752    -1.11382
-0.0859719    -1.11257
-0.0843719    -1.11132
-0.0827751    -1.11007
-0.0811817    -1.10881
-0.0795915    -1.10755
-0.0780046    -1.10628
-0.0764209    -1.10501
-0.0748406    -1.10374
-0.0732636    -1.10246
-0.0716899    -1.10118
-0.0701194    -1.09989
-0.0685523    -1.0986
-0.0669884    -1.0973
-0.0654279    -1.096
-0.0638707    -1.0947
-0.0623168    -1.09339
-0.0607662    -1.09208
-0.0592189    -1.09076
-0.0576749    -1.08944
-0.0561342    -1.08811
-0.0545969    -1.08678
-0.0530629    -1.08545
-0.0515322    -1.08411
-0.0500048    -1.08277
-0.0484808    -1.08142
-0.0469601    -1.08007
-0.0454427    -1.07872
-0.0439287    -1.07736
-0.042418    -1.076
-0.0409106    -1.07463
-0.0394065    -1.07326
-0.0379058    -1.07188
-0.0364085    -1.0705
-0.0349144    -1.06912
-0.0334238    -1.06773
-0.0319364    -1.06634
-0.0304524    -1.06495
-0.0289718    -1.06355
-0.0274945    -1.06215
-0.0260205    -1.06074
-0.0245499    -1.05933
-0.0230827    -1.05791
-0.0216188    -1.05649
-0.0201582    -1.05507
-0.018701    -1.05364
-0.0172472    -1.05221
-0.0157967    -1.05078
-0.0143496    -1.04934
-0.0129058    -1.0479
-0.0114654    -1.04645
-0.0100283    -1.045
-0.00859462    -1.04355
-0.00716428    -1.04209
-0.0057373    -1.04063
-0.00431368    -1.03916
-0.00289342    -1.03769
-0.00147653    -1.03622
-6.29941e-05    -1.03474
0.00134718    -1.03326
0.00275399    -1.03177
0.00415743    -1.03028
0.00555752    -1.02879
0.00695424    -1.0273
0.00834759    -1.0258
0.00973758    -1.02429
0.0111242    -1.02278
0.0125075    -1.02127
0.0138874    -1.01976
0.0152639    -1.01824
0.0166371    -1.01672
0.0180069    -1.01519
0.0193733    -1.01366
0.0207364    -1.01213
0.0220961    -1.01059
0.0234525    -1.00905
0.0248055    -1.0075
0.0261551    -1.00595
0.0275014    -1.0044
0.0288443    -1.00285
0.0301838    -1.00129
0.03152    -0.999723
0.0328528    -0.998156
0.0341823    -0.996586
0.0355084    -0.995012
0.0368311    -0.993435
0.0381505    -0.991854
0.0394665    -0.99027
0.0407792    -0.988681
0.0420885    -0.98709
0.0433944    -0.985495
0.044697    -0.983896
0.0459963    -0.982294
0.0472922    -0.980688
0.0485847    -0.979079
0.0498739    -0.977466
0.0511598    -0.975849
0.0524422    -0.97423
0.0537214    -0.972606
0.0549972    -0.97098
0.0562696    -0.96935
0.0575387    -0.967716
0.0588045    -0.966079
0.0600669    -0.964439
0.061326    -0.962795
0.0625817    -0.961147
0.0638341    -0.959497
0.0650832    -0.957843
0.0663289    -0.956185
0.0675713    -0.954524
0.0688103    -0.95286
0.070046    -0.951193
0.0712784    -0.949522
0.0725075    -0.947847
0.0737332    -0.94617
0.0749556    -0.944489
0.0761747    -0.942805
0.0773905    -0.941117
0.0786029    -0.939426
0.079812    -0.937732
0.0810178    -0.936035
0.0822203    -0.934334
0.0834195    -0.93263
0.0846154    -0.930923
0.0858079    -0.929212
0.0869972    -0.927499
0.0881831    -0.925782
0.0893657    -0.924062
0.0905451    -0.922338
0.0917211    -0.920612
0.0928938    -0.918882
0.0940633    -0.917149
0.0952294    -0.915413
0.0963923    -0.913674
0.0975518    -0.911931
0.0987081    -0.910185
0.0998611    -0.908437
0.101011    -0.906685
0.102157    -0.90493
0.1033    -0.903172
0.10444    -0.90141
0.105577    -0.899646
0.10671    -0.897879
0.10784    -0.896108
0.108967    -0.894334
0.110091    -0.892558
0.111211    -0.890778
0.112328    -0.888995
0.113442    -0.887209
0.114552    -0.88542
0.115659    -0.883629
0.116763    -0.881834
0.117864    -0.880036
0.118962    -0.878235
0.120056    -0.876431
0.121147    -0.874624
0.122235    -0.872814
0.123319    -0.871001
0.124401    -0.869185
0.125479    -0.867367
0.126554    -0.865545
0.127625    -0.86372
0.128694    -0.861893
0.129759    -0.860062
0.130821    -0.858229
0.13188    -0.856392
0.132936    -0.854553
0.133988    -0.852711
0.135037    -0.850866
0.136083    -0.849018
0.137126    -0.847168
0.138166    -0.845314
0.139202    -0.843458
0.140236    -0.841598
0.141266    -0.839736
0.142293    -0.837872
0.143316    -0.836004
0.144337    -0.834133
0.145355    -0.83226
0.146369    -0.830384
0.14738    -0.828505
0.148388    -0.826623
0.149393    -0.824739
0.150394    -0.822852
0.151393    -0.820962
0.152388    -0.819069
0.15338    -0.817174
0.15437    -0.815276
0.155356    -0.813375
0.156338    -0.811472
0.157318    -0.809565
0.158295    -0.807657
0.159268    -0.805745
0.160239    -0.803831
0.161206    -0.801914
0.16217    -0.799994
0.163131    -0.798072
0.164089    -0.796147
0.165044    -0.79422
0.165996    -0.79229
0.166945    -0.790357
0.16789    -0.788421
0.168833    -0.786483
0.169772    -0.784543
0.170709    -0.7826
0.171642    -0.780654
0.172573    -0.778706
0.1735    -0.776755
0.174424    -0.774802
0.175345    -0.772846
0.176263    -0.770887
0.177178    -0.768926
0.17809    -0.766963
0.178999    -0.764997
0.179905    -0.763028
0.180808    -0.761057
0.181708    -0.759084
0.182605    -0.757107
0.183499    -0.755129
0.18439    -0.753148
0.185278    -0.751165
0.186163    -0.749179
0.187045    -0.74719
0.187924    -0.7452
0.1888    -0.743207
0.189673    -0.741211
0.190543    -0.739213
0.19141    -0.737213
0.192274    -0.73521
0.193135    -0.733205
0.193993    -0.731197
0.194849    -0.729187
0.195701    -0.727175
0.19655    -0.72516
0.197397    -0.723143
0.19824    -0.721124
0.199081    -0.719102
0.199918    -0.717078
0.200753    -0.715052
0.201585    -0.713023
0.202414    -0.710993
0.20324    -0.708959
0.204063    -0.706924
0.204883    -0.704886
0.205701    -0.702846
0.206515    -0.700804
0.207327    -0.698759
0.208135    -0.696712
0.208941    -0.694663
0.209744    -0.692612
0.210544    -0.690559
0.211342    -0.688503
0.212136    -0.686445
0.212928    -0.684385
0.213716    -0.682323
0.214502    -0.680258
0.215285    -0.678192
0.216066    -0.676123
0.216843    -0.674052
0.217618    -0.671979
0.21839    -0.669904
0.219159    -0.667826
0.219925    -0.665747
0.220689    -0.663665
0.221449    -0.661581
0.222207    -0.659495
0.222962    -0.657407
0.223715    -0.655317
0.224464    -0.653225
0.225211    -0.651131
0.225955    -0.649035
0.226697    -0.646937
0.227435    -0.644836
0.228171    -0.642734
0.228904    -0.640629
0.229635    -0.638523
0.230362    -0.636414
0.231087    -0.634304
0.23181    -0.632191
0.232529    -0.630077
0.233246    -0.62796
0.23396    -0.625842
0.234672    -0.623721
0.235381    -0.621599
0.236087    -0.619475
0.23679    -0.617348
0.237491    -0.61522
0.238189    -0.61309
0.238885    -0.610958
0.239578    -0.608824
0.240268    -0.606688
0.240956    -0.60455
0.241641    -0.60241
0.242323    -0.600269
0.243003    -0.598125
0.24368    -0.59598
0.244355    -0.593832
0.245027    -0.591683
0.245696    -0.589532
0.246363    -0.58738
0.247027    -0.585225
0.247689    -0.583068
0.248348    -0.58091
0.249004    -0.57875
0.249658    -0.576588
0.250309    -0.574425
0.250958    -0.572259
0.251605    -0.570092
0.252248    -0.567923
0.25289    -0.565752
0.253528    -0.56358
0.254165    -0.561405
0.254798    -0.559229
0.25543    -0.557051
0.256058    -0.554872
0.256685    -0.552691
0.257308    -0.550508
0.25793    -0.548323
0.258549    -0.546137
0.259165    -0.543949
0.259779    -0.541759
0.26039    -0.539568
0.260999    -0.537375
0.261606    -0.53518
0.26221    -0.532984
0.262812    -0.530786
0.263411    -0.528586
0.264008    -0.526385
0.264602    -0.524182
0.265195    -0.521978
0.265784    -0.519772
0.266372    -0.517564
0.266956    -0.515355
0.267539    -0.513144
0.268119    -0.510932
0.268697    -0.508718
0.269273    -0.506503
0.269846    -0.504286
0.270417    -0.502067
0.270985    -0.499847
0.271551    -0.497625
0.272115    -0.495402
0.272676    -0.493178
0.273236    -0.490951
0.273793    -0.488724
0.274347    -0.486495
0.2749    -0.484264
0.27545    -0.482032
0.275997    -0.479798
0.276543    -0.477563
0.277086    -0.475327
0.277627    -0.473089
0.278166    -0.47085
0.278702    -0.468609
0.279237    -0.466367
0.279769    -0.464123
0.280299    -0.461878
0.280826    -0.459632
0.281352    -0.457384
0.281875    -0.455135
0.282396    -0.452885
0.282915    -0.450633
0.283431    -0.44838
0.283946    -0.446125
0.284458    -0.443869
0.284969    -0.441612
0.285477    -0.439354
0.285982    -0.437094
0.286486    -0.434833
0.286988    -0.43257
0.287487    -0.430306
0.287985    -0.428041
0.28848    -0.425775
0.288973    -0.423508
0.289464    -0.421239
0.289953    -0.418969
0.29044    -0.416697
0.290925    -0.414425
0.291408    -0.412151
0.291889    -0.409876
0.292367    -0.4076
0.292844    -0.405322
0.293319    -0.403044
0.293791    -0.400764
