-0.561921    1.18158
-0.560197    1.18082
-0.558475    1.18005
-0.556757    1.17928
-0.555042    1.1785
-0.55333    1.17771
-0.551622    1.17692
-0.549916    1.17613
-0.548214    1.17533
-0.546515    1.17452
-0.544819    1.17371
-0.543127    1.1729
-0.541437    1.17208
-0.539751    1.17125
-0.538068    1.17042
-0.536389    1.16959
-0.534712    1.16875
-0.533039    1.1679
-0.531369    1.16705
-0.529703    1.1662
-0.528039    1.16534
-0.526379    1.16447
-0.524722    1.1636
-0.523069    1.16273
-0.521418    1.16185
-0.519771    1.16096
-0.518128    1.16007
-0.516487    1.15918
-0.51485    1.15828
-0.513216    1.15737
-0.511586    1.15646
-0.509958    1.15555
-0.508335    1.15463
-0.506714    1.1537
-0.505097    1.15277
-0.503483    1.15184
-0.501872    1.1509
-0.500264    1.14996
-0.49866    1.14901
-0.49706    1.14806
-0.495462    1.1471
-0.493868    1.14613
-0.492277    1.14517
-0.49069    1.14419
-0.489106    1.14322
-0.487525    1.14224
-0.485948    1.14125
-0.484374    1.14026
-0.482803    1.13926
-0.481236    1.13826
-0.479672    1.13725
-0.478111    1.13624
-0.476554    1.13523
-0.475    1.13421
-0.47345    1.13318
-0.471903    1.13216
-0.470359    1.13112
-0.468819    1.13008
-0.467282    1.12904
-0.465748    1.12799
-0.464218    1.12694
-0.462691    1.12588
-0.461167    1.12482
-0.459647    1.12376
-0.45813    1.12269
-0.456617    1.12161
-0.455107    1.12053
-0.453601    1.11945
-0.452097    1.11836
-0.450598    1.11726
-0.449101    1.11617
-0.447608    1.11506
-0.446119    1.11396
-0.444633    1.11285
-0.44315    1.11173
-0.44167    1.11061
-0.440194    1.10948
-0.438722    1.10835
-0.437253    1.10722
-0.435787    1.10608
-0.434325    1.10494
-0.432866    1.10379
-0.43141    1.10264
-0.429958    1.10149
-0.42851    1.10033
-0.427064    1.09916
-0.425623    1.09799
-0.424184    1.09682
-0.422749    1.09564
-0.421318    1.09446
-0.419889    1.09327
-0.418465    1.09208
-0.417043    1.09089
-0.415625    1.08969
-0.414211    1.08848
-0.4128    1.08728
-0.411392    1.08606
-0.409988    1.08485
-0.408587    1.08363
-0.40719    1.0824
-0.405796    1.08117
-0.404406    1.07994
-0.403019    1.0787
-0.401635    1.07746
-0.400255    1.07621
-0.398878    1.07496
-0.397505    1.07371
-0.396135    1.07245
-0.394768    1.07118
-0.393405    1.06992
-0.392045    1.06865
-0.390689    1.06737
-0.389336    1.06609
-0.387987    1.06481
-0.386641    1.06352
-0.385299    1.06223
-0.383959    1.06093
-0.382624    1.05963
-0.381292    1.05833
-0.379963    1.05702
-0.378637    1.05571
-0.377315    1.05439
-0.375997    1.05307
-0.374682    1.05174
-0.37337    1.05042
-0.372062    1.04908
-0.370757    1.04775
-0.369456    1.04641
-0.368158    1.04506
-0.366863    1.04371
-0.365572    1.04236
-0.364284    1.041
-0.363    1.03964
-0.361719    1.03828
-0.360441    1.03691
-0.359167    1.03554
-0.357896    1.03416
-0.356629    1.03278
-0.355365    1.0314
-0.354105    1.03001
-0.352848    1.02862
-0.351594    1.02722
-0.350344    1.02582
-0.349097    1.02442
-0.347854    1.02301
-0.346614    1.0216
-0.345377    1.02018
-0.344144    1.01876
-0.342914    1.01734
-0.341688    1.01591
-0.340465    1.01448
-0.339245    1.01305
-0.338029    1.01161
-0.336816    1.01017
-0.335607    1.00872
-0.334401    1.00727
-0.333198    1.00582
-0.331999    1.00436
-0.330803    1.0029
-0.32961    1.00144
-0.328421    0.999967
-0.327236    0.998495
-0.326053    0.997019
-0.324874    0.99554
-0.323698    0.994057
-0.322526    0.99257
-0.321357    0.991079
-0.320192    0.989585
-0.31903    0.988087
-0.317871    0.986585
-0.316715    0.98508
-0.315563    0.983571
-0.314415    0.982059
-0.313269    0.980543
-0.312127    0.979023
-0.310989    0.9775
-0.309853    0.975973
-0.308721    0.974442
-0.307593    0.972908
-0.306467    0.97137
-0.305345    0.969829
-0.304227    0.968284
-0.303111    0.966736
-0.301999    0.965184
-0.300891    0.963628
-0.299785    0.962069
-0.298683    0.960507
-0.297585    0.958941
-0.296489    0.957371
-0.295397    0.955798
-0.294309    0.954222
-0.293223    0.952641
-0.292141    0.951058
-0.291062    0.949471
-0.289987    0.947881
-0.288915    0.946287
-0.287846    0.944689
-0.28678    0.943089
-0.285718    0.941484
-0.284659    0.939877
-0.283603    0.938266
-0.28255    0.936651
-0.281501    0.935033
-0.280455    0.933412
-0.279413    0.931788
-0.278373    0.93016
-0.277337    0.928528
-0.276304    0.926893
-0.275275    0.925255
-0.274248    0.923614
-0.273225    0.921969
-0.272205    0.920321
-0.271189    0.91867
-0.270175    0.917015
-0.269165    0.915357
-0.268158    0.913696
-0.267154    0.912031
-0.266154    0.910363
-0.265157    0.908692
-0.264163    0.907018
-0.263172    0.90534
-0.262184    0.903659
-0.2612    0.901975
-0.260219    0.900288
-0.259241    0.898597
-0.258266    0.896903
-0.257295    0.895206
-0.256326    0.893506
-0.255361    0.891802
-0.254399    0.890096
-0.25344    0.888386
-0.252485    0.886673
-0.251532    0.884956
-0.250583    0.883237
-0.249637    0.881515
-0.248694    0.879789
-0.247754    0.87806
-0.246817    0.876328
-0.245884    0.874593
-0.244953    0.872855
-0.244026    0.871114
-0.243102    0.869369
-0.242181    0.867622
-0.241263    0.865871
-0.240349    0.864118
-0.239437    0.862361
-0.238528    0.860601
-0.237623    0.858838
-0.236721    0.857072
-0.235822    0.855303
-0.234926    0.853531
-0.234033    0.851756
-0.233143    0.849978
-0.232256    0.848197
-0.231372    0.846413
-0.230492    0.844626
-0.229614    0.842836
-0.22874    0.841043
-0.227868    0.839247
-0.227    0.837448
-0.226135    0.835646
-0.225272    0.833841
-0.224413    0.832033
-0.223557    0.830223
-0.222704    0.828409
-0.221854    0.826592
-0.221007    0.824773
-0.220163    0.82295
-0.219321    0.821125
-0.218483    0.819297
-0.217648    0.817465
-0.216816    0.815631
-0.215987    0.813794
-0.215161    0.811955
-0.214338    0.810112
-0.213518    0.808266
-0.212701    0.806418
-0.211887    0.804567
-0.211076    0.802713
-0.210268    0.800856
-0.209463    0.798996
-0.20866    0.797134
-0.207861    0.795268
-0.207065    0.7934
-0.206271    0.791529
-0.205481    0.789656
-0.204693    0.787779
-0.203909    0.7859
-0.203127    0.784018
-0.202348    0.782133
-0.201572    0.780245
-0.200799    0.778355
-0.200029    0.776462
-0.199262    0.774566
-0.198498    0.772668
-0.197736    0.770767
-0.196978    0.768863
-0.196222    0.766956
-0.195469    0.765047
-0.194719    0.763135
-0.193972    0.761221
-0.193228    0.759303
-0.192487    0.757383
-0.191748    0.755461
-0.191012    0.753535
-0.190279    0.751608
-0.189549    0.749677
-0.188822    0.747744
-0.188098    0.745808
-0.187376    0.74387
-0.186657    0.741928
-0.185941    0.739985
-0.185228    0.738039
-0.184517    0.73609
-0.18381    0.734138
-0.183105    0.732184
-0.182403    0.730228
-0.181703    0.728269
-0.181007    0.726307
-0.180313    0.724343
-0.179622    0.722376
-0.178933    0.720407
-0.178248    0.718435
-0.177565    0.716461
-0.176884    0.714484
-0.176207    0.712504
-0.175532    0.710523
-0.17486    0.708538
-0.174191    0.706551
-0.173524    0.704562
-0.17286    0.70257
-0.172199    0.700576
-0.17154    0.698579
-0.170884    0.69658
-0.170231    0.694579
-0.16958    0.692575
-0.168932    0.690568
-0.168286    0.688559
-0.167644    0.686548
-0.167004    0.684534
-0.166366    0.682518
-0.165731    0.6805
-0.165099    0.678479
-0.164469    0.676456
-0.163842    0.67443
-0.163218    0.672402
-0.162596    0.670372
-0.161977    0.668339
-0.16136    0.666304
-0.160746    0.664266
-0.160134    0.662227
-0.159525    0.660185
-0.158919    0.65814
-0.158315    0.656094
-0.157713    0.654045
-0.157114    0.651993
-0.156518    0.64994
-0.155924    0.647884
-0.155333    0.645826
-0.154744    0.643765
-0.154158    0.641702
-0.153574    0.639637
-0.152992    0.63757
-0.152414    0.635501
-0.151837    0.633429
-0.151263    0.631355
-0.150692    0.629279
-0.150123    0.627201
-0.149556    0.62512
-0.148992    0.623037
-0.14843    0.620952
-0.147871    0.618865
-0.147314    0.616776
-0.14676    0.614685
-0.146208    0.612591
-0.145658    0.610495
-0.145111    0.608397
-0.144566    0.606297
-0.144024    0.604195
-0.143484    0.60209
-0.142946    0.599984
-0.14241    0.597875
-0.141877    0.595764
-0.141347    0.593651
-0.140818    0.591536
-0.140292    0.589419
-0.139769    0.5873
-0.139247    0.585179
-0.138728    0.583056
-0.138211    0.58093
-0.137697    0.578803
-0.137185    0.576674
-0.136675    0.574542
-0.136167    0.572409
-0.135662    0.570273
-0.135159    0.568135
-0.134658    0.565996
-0.134159    0.563854
-0.133663    0.561711
-0.133169    0.559565
-0.132677    0.557417
-0.132187    0.555268
-0.1317    0.553116
-0.131215    0.550963
-0.130732    0.548807
-0.130251    0.54665
-0.129772    0.54449
-0.129296    0.542329
-0.128821    0.540166
-0.128349    0.538001
-0.127879    0.535834
-0.127411    0.533665
-0.126946    0.531494
-0.126482    0.529321
-0.126021    0.527146
-0.125561    0.52497
-0.125104    0.522791
-0.124649    0.520611
-0.124196    0.518429
-0.123745    0.516245
-0.123296    0.514059
-0.122849    0.511871
-0.122404    0.509682
-0.121962    0.50749
-0.121521    0.505297
-0.121083    0.503102
-0.120646    0.500905
-0.120211    0.498707
-0.119779    0.496506
-0.119349    0.494304
-0.11892    0.4921
-0.118494    0.489894
-0.118069    0.487687
-0.117647    0.485478
-0.117226    0.483267
-0.116808    0.481054
-0.116391    0.47884
-0.115976    0.476623
-0.115564    0.474405
-0.115153    0.472186
-0.114744    0.469965
-0.114337    0.467741
-0.113932    0.465517
-0.113529    0.46329
-0.113128    0.461062
-0.112729    0.458833
-0.112331    0.456601
-0.111936    0.454368
-0.111542    0.452133
-0.11115    0.449897
-0.11076    0.447659
-0.110372    0.445419
-0.109986    0.443178
-0.109602    0.440935
-0.109219    0.438691
-0.108838    0.436445
-0.108459    0.434197
-0.108082    0.431948
-0.107707    0.429697
-0.107333    0.427445
-0.106961    0.425191
-0.106591    0.422936
-0.106223    0.420679
-0.105857    0.41842
-0.105492    0.41616
-0.105129    0.413898
-0.104767    0.411635
-0.104408    0.40937
-0.10405    0.407104
-0.103694    0.404837
-0.103339    0.402568
-0.102986    0.400297
-0.102635    0.398025
-0.102286    0.395751
-0.101938    0.393476
-0.101592    0.3912
-0.101247    0.388922
-0.100904    0.386643
-0.100563    0.384362
-0.100224    0.38208
-0.0998856    0.379796
-0.0995492    0.377511
-0.0992144    0.375225
-0.0988812    0.372937
-0.0985496    0.370648
-0.0982196    0.368357
-0.0978911    0.366065
-0.0975642    0.363772
-0.0972388    0.361477
-0.096915    0.359181
-0.0965927    0.356884
-0.0962719    0.354585
-0.0959527    0.352285
-0.095635    0.349984
-0.0953187    0.347681
-0.095004    0.345377
-0.0946907    0.343072
-0.0943789    0.340766
-0.0940686    0.338458
-0.0937597    0.336149
-0.0934523    0.333838
-0.0931463    0.331527
-0.0928418    0.329214
-0.0925387    0.3269
-0.092237    0.324584
-0.0919367    0.322268
-0.0916378    0.31995
-0.0913403    0.317631
-0.0910442    0.315311
-0.0907495    0.31299
-0.0904561    0.310667
-0.0901641    0.308343
-0.0898734    0.306018
-0.0895841    0.303692
-0.0892961    0.301365
-0.0890095    0.299037
-0.0887241    0.296707
-0.0884401    0.294376
-0.0881573    0.292044
-0.0878759    0.289711
-0.0875957    0.287377
-0.0873168    0.285042
-0.0870392    0.282706
-0.0867628    0.280369
-0.0864877    0.27803
-0.0862138    0.275691
-0.0859411    0.27335
-0.0856697    0.271008
-0.0853995    0.268666
-0.0851305    0.266322
-0.0848626    0.263977
-0.084596    0.261631
-0.0843305    0.259285
-0.0840662    0.256937
-0.0838031    0.254588
-0.0835411    0.252238
-0.0832803    0.249887
-0.0830206    0.247535
-0.0827621    0.245182
-0.0825046    0.242829
-0.0822483    0.240474
-0.081993    0.238118
-0.0817389    0.235762
-0.0814858    0.233404
-0.0812338    0.231046
-0.0809829    0.228686
-0.080733    0.226326
-0.0804842    0.223965
-0.0802364    0.221602
-0.0799897    0.219239
-0.079744    0.216875
-0.0794992    0.214511
-0.0792555    0.212145
-0.0790128    0.209779
-0.0787711    0.207411
-0.0785304    0.205043
-0.0782906    0.202674
-0.0780518    0.200304
-0.0778139    0.197933
-0.077577    0.195562
-0.077341    0.19319
-0.0771059    0.190816
-0.0768718    0.188443
-0.0766385    0.186068
-0.0764062    0.183692
-0.0761747    0.181316
-0.0759442    0.178939
-0.0757145    0.176562
-0.0754856    0.174183
-0.0752577    0.171804
-0.0750305    0.169424
-0.0748042    0.167043
-0.0745787    0.164662
-0.0743541    0.16228
-0.0741302    0.159897
-0.0739072    0.157514
-0.0736849    0.15513
-0.0734635    0.152745
-0.0732428    0.15036
-0.0730228    0.147973
-0.0728037    0.145587
-0.0725852    0.143199
-0.0723676    0.140811
-0.0721506    0.138423
-0.0719343    0.136033
-0.0717188    0.133644
-0.071504    0.131253
-0.0712899    0.128862
-0.0710764    0.126471
-0.0708636    0.124078
-0.0706515    0.121686
-0.0704401    0.119292
-0.0702292    0.116898
-0.0700191    0.114504
-0.0698095    0.112109
-0.0696006    0.109714
-0.0693923    0.107318
-0.0691846    0.104921
-0.0689775    0.102524
-0.068771    0.100127
-0.068565    0.0977287
-0.0683596    0.0953302
-0.0681548    0.0929313
-0.0679505    0.0905319
-0.0677468    0.088132
-0.0675436    0.0857317
-0.0673409    0.083331
-0.0671387    0.0809299
-0.066937    0.0785283
-0.0667359    0.0761263
-0.0665352    0.0737239
-0.0663349    0.0713211
-0.0661352    0.0689179
-0.0659359    0.0665143
-0.065737    0.0641103
-0.0655386    0.061706
-0.0653406    0.0593014
-0.0651431    0.0568963
-0.0649459    0.054491
-0.0647492    0.0520853
-0.0645528    0.0496792
-0.0643569    0.0472729
-0.0641613    0.0448662
-0.063966    0.0424593
-0.0637712    0.040052
-0.0635766    0.0376445
-0.0633824    0.0352367
-0.0631886    0.0328286
-0.062995    0.0304203
-0.0628018    0.0280117
-0.0626089    0.0256028
-0.0624163    0.0231937
-0.0622239    0.0207844
-0.0620318    0.0183749
-0.06184    0.0159651
-0.0616484    0.0135552
-0.0614571    0.011145
-0.0612661    0.00873471
-0.0610752    0.00632419
-0.0608846    0.0039135
-0.0606942    0.00150264
-0.0605039    -0.000908373
-0.0603139    -0.00331954
-0.0601241    -0.00573084
-0.0599344    -0.00814227
-0.0597449    -0.0105538
-0.0595555    -0.0129655
-0.0593663    -0.0153773
-0.0591772    -0.0177892
-0.0589883    -0.0202012
-0.0587995    -0.0226132
-0.0586107    -0.0250254
-0.0584221    -0.0274376
-0.0582336    -0.0298498
-0.0580451    -0.0322622
-0.0578567    -0.0346745
-0.0576684    -0.0370869
-0.0574801    -0.0394994
-0.0572919    -0.0419118
-0.0571037    -0.0443243
-0.0569156    -0.0467367
-0.0567274    -0.0491492
-0.0565393    -0.0515617
-0.0563511    -0.0539741
-0.056163    -0.0563865
-0.0559748    -0.0587989
-0.0557866    -0.0612112
-0.0555983    -0.0636234
-0.05541    -0.0660357
-0.0552217    -0.0684478
-0.0550332    -0.0708599
-0.0548447    -0.0732718
-0.0546561    -0.0756837
-0.0544674    -0.0780955
-0.0542787    -0.0805072
-0.0540898    -0.0829188
-0.0539007    -0.0853302
-0.0537116    -0.0877415
-0.0535223    -0.0901527
-0.0533328    -0.0925637
-0.0531432    -0.0949746
-0.0529534    -0.0973853
-0.0527635    -0.0997958
-0.0525733    -0.102206
-0.052383    -0.104616
-0.0521924    -0.107026
-0.0520017    -0.109436
-0.0518107    -0.111846
-0.0516195    -0.114255
-0.051428    -0.116664
-0.0512363    -0.119073
-0.0510443    -0.121482
-0.0508521    -0.12389
-0.0506595    -0.126298
-0.0504667    -0.128706
-0.0502736    -0.131113
-0.0500802    -0.133521
-0.0498864    -0.135928
-0.0496923    -0.138334
-0.0494979    -0.140741
-0.0493032    -0.143147
-0.0491081    -0.145553
-0.0489126    -0.147958
-0.0487168    -0.150363
-0.0485206    -0.152768
-0.0483239    -0.155172
-0.0481269    -0.157576
-0.0479295    -0.15998
-0.0477317    -0.162383
-0.0475334    -0.164786
-0.0473347    -0.167189
-0.0471355    -0.169591
-0.0469359    -0.171992
-0.0467359    -0.174394
-0.0465353    -0.176794
-0.0463343    -0.179195
-0.0461328    -0.181595
-0.0459308    -0.183994
-0.0457282    -0.186393
-0.0455252    -0.188792
-0.0453216    -0.19119
-0.0451175    -0.193588
-0.0449128    -0.195985
-0.0447076    -0.198381
-0.0445018    -0.200778
-0.0442954    -0.203173
-0.0440885    -0.205568
-0.0438809    -0.207963
-0.0436728    -0.210357
-0.043464    -0.212751
-0.0432547    -0.215144
-0.0430446    -0.217536
-0.042834    -0.219928
-0.0426227    -0.222319
-0.0424108    -0.22471
-0.0421981    -0.2271
-0.0419848    -0.229489
-0.0417709    -0.231878
-0.0415562    -0.234267
-0.0413408    -0.236654
-0.0411247    -0.239041
-0.0409079    -0.241428
-0.0406904    -0.243813
-0.0404721    -0.246199
-0.0402531    -0.248583
-0.0400333    -0.250967
-0.0398127    -0.25335
-0.0395914    -0.255732
-0.0393693    -0.258114
-0.0391464    -0.260495
-0.0389227    -0.262876
-0.0386981    -0.265255
-0.0384728    -0.267634
-0.0382466    -0.270012
-0.0380196    -0.27239
-0.0377917    -0.274767
-0.037563    -0.277143
-0.0373334    -0.279518
-0.037103    -0.281892
-0.0368716    -0.284266
-0.0366394    -0.286639
-0.0364062    -0.289011
-0.0361722    -0.291382
-0.0359372    -0.293753
-0.0357013    -0.296122
-0.0354644    -0.298491
-0.0352266    -0.300859
-0.0349879    -0.303227
-0.0347481    -0.305593
-0.0345074    -0.307959
-0.0342658    -0.310323
-0.0340231    -0.312687
-0.0337794    -0.31505
-0.0335347    -0.317412
-0.033289    -0.319773
-0.0330423    -0.322134
-0.0327945    -0.324493
-0.0325457    -0.326852
-0.0322958    -0.329209
-0.0320449    -0.331566
-0.0317928    -0.333922
-0.0315397    -0.336276
-0.0312855    -0.33863
-0.0310303    -0.340983
-0.0307739    -0.343335
-0.0305163    -0.345686
-0.0302577    -0.348036
-0.0299979    -0.350385
-0.029737    -0.352733
-0.0294749    -0.35508
-0.0292116    -0.357426
-0.0289472    -0.359771
-0.0286816    -0.362115
-0.0284148    -0.364458
-0.0281469    -0.3668
-0.0278777    -0.369141
-0.0276073    -0.371481
-0.0273356    -0.37382
-0.0270627    -0.376158
-0.0267886    -0.378495
-0.0265133    -0.38083
-0.0262366    -0.383165
-0.0259588    -0.385498
-0.0256796    -0.387831
-0.0253991    -0.390162
-0.0251174    -0.392492
-0.0248343    -0.394821
-0.02455    -0.397149
-0.0242643    -0.399476
-0.0239772    -0.401801
-0.0236889    -0.404126
-0.0233992    -0.406449
-0.0231081    -0.408771
-0.0228157    -0.411092
-0.0225219    -0.413412
-0.0222267    -0.415731
-0.0219301    -0.418048
-0.0216321    -0.420364
-0.0213327    -0.422679
-0.0210319    -0.424993
-0.0207297    -0.427306
-0.020426    -0.429617
-0.0201209    -0.431927
-0.0198144    -0.434236
-0.0195063    -0.436544
-0.0191968    -0.43885
-0.0188859    -0.441156
-0.0185734    -0.443459
-0.0182595    -0.445762
-0.017944    -0.448063
-0.017627    -0.450363
-0.0173085    -0.452662
-0.0169885    -0.45496
-0.0166669    -0.457256
-0.0163438    -0.459551
-0.0160192    -0.461844
-0.015693    -0.464136
-0.0153652    -0.466427
-0.0150358    -0.468717
-0.0147048    -0.471005
-0.0143722    -0.473291
-0.0140381    -0.475577
-0.0137023    -0.477861
-0.0133649    -0.480144
-0.0130258    -0.482425
-0.0126851    -0.484705
-0.0123428    -0.486983
-0.0119988    -0.48926
-0.0116532    -0.491536
-0.0113058    -0.49381
-0.0109568    -0.496083
-0.0106061    -0.498354
-0.0102537    -0.500624
-0.00989958    -0.502893
-0.00954375    -0.50516
-0.0091862    -0.507425
-0.00882691    -0.509689
-0.00846589    -0.511952
-0.00810311    -0.514213
-0.00773857    -0.516473
-0.00737227    -0.518731
-0.00700419    -0.520988
-0.00663433    -0.523243
-0.00626268    -0.525496
-0.00588923    -0.527748
-0.00551397    -0.529999
-0.0051369    -0.532248
-0.004758    -0.534495
-0.00437726    -0.536741
-0.00399469    -0.538986
-0.00361027    -0.541229
-0.00322399    -0.54347
-0.00283584    -0.545709
-0.00244583    -0.547947
-0.00205392    -0.550184
-0.00166013    -0.552419
-0.00126444    -0.554652
-0.000866849    -0.556884
-0.000467338    -0.559114
-6.59048e-05    -0.561342
0.000337459    -0.563569
0.000742763    -0.565794
0.00115001    -0.568018
0.00155922    -0.57024
0.00197039    -0.57246
0.00238353    -0.574678
0.00279865    -0.576895
0.00321575    -0.57911
0.00363486    -0.581324
0.00405596    -0.583536
0.00447908    -0.585746
0.00490422    -0.587954
0.00533139    -0.590161
0.00576059    -0.592366
0.00619183    -0.594569
0.00662513    -0.596771
0.00706048    -0.59897
0.00749791    -0.601168
0.0079374    -0.603365
0.00837899    -0.605559
0.00882266    -0.607752
0.00926843    -0.609943
0.00971631    -0.612132
0.0101663    -0.614319
0.0106184    -0.616505
0.0110727    -0.618689
0.0115291    -0.620871
0.0119876    -0.623051
0.0124483    -0.62523
0.0129111    -0.627406
0.0133761    -0.629581
0.0138433    -0.631754
0.0143127    -0.633925
0.0147843    -0.636094
0.0152581    -0.638261
0.015734    -0.640427
0.0162122    -0.64259
0.0166927    -0.644752
0.0171753    -0.646912
0.0176602    -0.64907
0.0181474    -0.651226
0.0186368    -0.65338
0.0191284    -0.655532
0.0196223    -0.657683
0.0201185    -0.659831
0.020617    -0.661978
0.0211178    -0.664122
0.0216209    -0.666265
0.0221263    -0.668405
0.022634    -0.670544
0.023144    -0.672681
0.0236564    -0.674816
0.0241711    -0.676948
0.0246881    -0.679079
0.0252075    -0.681208
0.0257293    -0.683335
0.0262534    -0.68546
0.0267799    -0.687582
0.0273088    -0.689703
0.0278401    -0.691822
0.0283738    -0.693939
0.0289098    -0.696053
0.0294483    -0.698166
0.0299892    -0.700277
0.0305326    -0.702385
0.0310784    -0.704492
0.0316266    -0.706596
0.0321772    -0.708698
0.0327304    -0.710799
0.0332859    -0.712897
0.033844    -0.714993
0.0344045    -0.717087
0.0349676    -0.719179
0.0355331    -0.721269
0.0361011    -0.723356
0.0366716    -0.725442
0.0372446    -0.727525
0.0378202    -0.729606
0.0383983    -0.731685
0.0389789    -0.733762
0.0395621    -0.735837
0.0401478    -0.73791
0.0407361    -0.73998
0.0413269    -0.742048
0.0419203    -0.744114
0.0425163    -0.746178
0.0431149    -0.74824
0.043716    -0.7503
0.0443198    -0.752357
0.0449262    -0.754412
0.0455352    -0.756465
0.0461468    -0.758515
0.046761    -0.760564
0.0473779    -0.76261
0.0479974    -0.764654
0.0486196    -0.766695
0.0492444    -0.768734
0.0498719    -0.770771
0.050502    -0.772806
0.0511348    -0.774839
0.0517703    -0.776869
0.0524085    -0.778897
0.0530494    -0.780922
0.053693    -0.782946
0.0543393    -0.784967
0.0549884    -0.786985
0.0556401    -0.789002
0.0562946    -0.791016
0.0569518    -0.793027
0.0576118    -0.795036
0.0582745    -0.797043
0.0589399    -0.799048
0.0596082    -0.80105
0.0602792    -0.80305
0.060953    -0.805047
0.0616295    -0.807042
0.0623089    -0.809035
0.062991    -0.811025
0.063676    -0.813013
0.0643637    -0.814998
0.0650543    -0.816981
0.0657477    -0.818962
0.0664439    -0.82094
0.067143    -0.822915
0.0678449    -0.824889
0.0685496    -0.826859
0.0692573    -0.828828
0.0699677    -0.830793
0.0706811    -0.832757
0.0713973    -0.834717
0.0721164    -0.836676
0.0728383    -0.838632
0.0735632    -0.840585
0.074291    -0.842536
0.0750217    -0.844484
0.0757552    -0.84643
0.0764917    -0.848373
0.0772312    -0.850314
0.0779735    -0.852252
0.0787188    -0.854187
0.0794671    -0.85612
0.0802183    -0.858051
0.0809724    -0.859979
0.0817295    -0.861904
0.0824896    -0.863827
0.0832526    -0.865747
0.0840186    -0.867664
0.0847877    -0.869579
0.0855596    -0.871491
0.0863346    -0.873401
0.0871126    -0.875308
0.0878937    -0.877212
0.0886777    -0.879114
0.0894647    -0.881013
0.0902548    -0.882909
0.0910479    -0.884803
0.091844    -0.886694
0.0926432    -0.888583
0.0934455    -0.890468
0.0942507    -0.892351
0.0950591    -0.894232
0.0958705    -0.896109
0.096685    -0.897984
0.0975026    -0.899856
0.0983232    -0.901726
0.099147    -0.903593
0.0999738    -0.905456
0.100804    -0.907318
0.101637    -0.909176
0.102473    -0.911032
0.103312    -0.912885
0.104155    -0.914735
0.105    -0.916582
0.105849    -0.918427
0.106701    -0.920268
0.107556    -0.922107
0.108414    -0.923944
0.109275    -0.925777
0.110139    -0.927607
0.111007    -0.929435
0.111878    -0.93126
0.112752    -0.933082
0.113629    -0.934901
0.114509    -0.936717
0.115393    -0.93853
0.116279    -0.940341
0.117169    -0.942148
0.118062    -0.943953
0.118959    -0.945755
0.119858    -0.947554
0.120761    -0.94935
0.121667    -0.951143
0.122576    -0.952933
0.123489    -0.95472
0.124404    -0.956504
0.125323    -0.958285
0.126246    -0.960064
0.127171    -0.961839
0.1281    -0.963611
0.129032    -0.965381
0.129967    -0.967147
0.130906    -0.96891
0.131848    -0.970671
0.132793    -0.972428
0.133741    -0.974182
0.134693    -0.975934
0.135648    -0.977682
0.136606    -0.979427
0.137568    -0.981169
0.138533    -0.982908
0.139501    -0.984644
0.140473    -0.986377
0.141448    -0.988107
0.142426    -0.989834
0.143408    -0.991558
0.144393    -0.993278
0.145381    -0.994996
0.146373    -0.99671
0.147368    -0.998421
0.148366    -1.00013
0.149368    -1.00183
0.150373    -1.00354
0.151381    -1.00523
0.152393    -1.00693
0.153409    -1.00862
0.154427    -1.01031
0.155449    -1.012
0.156475    -1.01368
0.157504    -1.01536
0.158536    -1.01704
0.159571    -1.01871
0.160611    -1.02038
0.161653    -1.02205
0.162699    -1.02371
0.163748    -1.02537
0.164801    -1.02703
0.165857    -1.02868
0.166917    -1.03033
0.16798    -1.03198
0.169046    -1.03362
0.170116    -1.03526
0.17119    -1.0369
0.172267    -1.03853
0.173347    -1.04016
0.174431    -1.04179
0.175518    -1.04341
0.176609    -1.04503
0.177703    -1.04665
0.178801    -1.04826
0.179902    -1.04987
0.181006    -1.05148
0.182114    -1.05308
0.183226    -1.05468
0.184341    -1.05628
0.18546    -1.05787
0.186582    -1.05946
0.187707    -1.06105
0.188837    -1.06263
0.189969    -1.06421
0.191105    -1.06579
0.192245    -1.06736
0.193388    -1.06893
0.194535    -1.0705
0.195685    -1.07206
0.196839    -1.07362
0.197996    -1.07517
0.199157    -1.07672
0.200321    -1.07827
0.201489    -1.07982
0.202661    -1.08136
0.203836    -1.08289
0.205014    -1.08443
0.206196    -1.08596
0.207382    -1.08749
0.208571    -1.08901
0.209764    -1.09053
