0.21096    -1.09204
0.21216    -1.09356
0.213364    -1.09506
0.214571    -1.09657
0.215782    -1.09807
0.216996    -1.09957
0.218214    -1.10106
0.219435    -1.10255
0.22066    -1.10404
0.221888    -1.10552
0.223121    -1.107
0.224356    -1.10848
0.225596    -1.10995
0.226838    -1.11142
0.228085    -1.11288
0.229335    -1.11434
0.230589    -1.1158
0.231846    -1.11725
0.233107    -1.1187
0.234372    -1.12015
0.23564    -1.12159
0.236911    -1.12303
0.238187    -1.12446
0.239466    -1.12589
0.240748    -1.12732
0.242035    -1.12874
0.243324    -1.13016
0.244618    -1.13158
0.245915    -1.13299
0.247216    -1.1344
0.24852    -1.1358
0.249828    -1.1372
0.25114    -1.1386
0.252455    -1.13999
0.253774    -1.14138
0.255096    -1.14276
0.256422    -1.14414
0.257752    -1.14552
0.259086    -1.14689
0.260423    -1.14826
0.261763    -1.14962
0.263108    -1.15098
0.264456    -1.15234
0.265807    -1.15369
0.267163    -1.15504
0.268521    -1.15639
0.269884    -1.15773
0.27125    -1.15906
0.27262    -1.16039
0.273994    -1.16172
0.275371    -1.16305
0.276752    -1.16437
0.278136    -1.16568
0.279524    -1.167
0.280916    -1.1683
0.282311    -1.16961
0.283711    -1.17091
0.285113    -1.1722
0.28652    -1.17349
0.28793    -1.17478
0.289343    -1.17606
0.290761    -1.17734
0.292182    -1.17862
0.293607    -1.17989
0.295035    -1.18115
0.296467    -1.18242
0.297903    -1.18367
0.299342    -1.18493
0.300785    -1.18618
0.302231    -1.18742
0.303682    -1.18866
0.305136    -1.1899
0.306593    -1.19113
0.308055    -1.19236
0.309519    -1.19359
0.310988    -1.19481
0.31246    -1.19602
0.313936    -1.19723
0.315416    -1.19844
0.316899    -1.19964
0.318386    -1.20084
0.319876    -1.20203
0.32137    -1.20322
0.322868    -1.20441
0.32437    -1.20559
0.325875    -1.20676
0.327384    -1.20793
0.328896    -1.2091
0.330412    -1.21026
0.331932    -1.21142
0.333455    -1.21258
0.334982    -1.21373
0.336513    -1.21487
0.338047    -1.21601
0.339585    -1.21715
0.341126    -1.21828
0.342672    -1.21941
0.344221    -1.22053
0.345773    -1.22165
0.347329    -1.22276
0.348889    -1.22387
0.350452    -1.22497
0.352019    -1.22607
0.35359    -1.22717
0.355164    -1.22826
0.356742    -1.22934
0.358324    -1.23043
0.359909    -1.2315
0.361497    -1.23257
0.36309    -1.23364
0.364686    -1.2347
0.366285    -1.23576
0.367889    -1.23682
0.369495    -1.23786
0.371106    -1.23891
0.37272    -1.23995
0.374338    -1.24098
0.375959    -1.24201
0.377584    -1.24304
0.379212    -1.24406
0.380844    -1.24507
0.38248    -1.24608
0.384119    -1.24709
0.385762    -1.24809
0.387408    -1.24909
