-0.260226    -0.601657
-0.259666    -0.603937
-0.259103    -0.606216
-0.258537    -0.608493
-0.257968    -0.610768
-0.257397    -0.613041
-0.256823    -0.615312
-0.256246    -0.617582
-0.255666    -0.619849
-0.255083    -0.622114
-0.254498    -0.624378
-0.253909    -0.626639
-0.253318    -0.628899
-0.252724    -0.631156
-0.252127    -0.633412
-0.251527    -0.635665
-0.250924    -0.637917
-0.250319    -0.640166
-0.24971    -0.642414
-0.249099    -0.644659
-0.248484    -0.646903
-0.247867    -0.649144
-0.247247    -0.651384
-0.246623    -0.653621
-0.245997    -0.655856
-0.245368    -0.65809
-0.244736    -0.660321
-0.244101    -0.66255
-0.243463    -0.664777
-0.242822    -0.667001
-0.242178    -0.669224
-0.241531    -0.671445
-0.240881    -0.673663
-0.240229    -0.67588
-0.239573    -0.678094
-0.238914    -0.680306
-0.238252    -0.682516
-0.237587    -0.684723
-0.236919    -0.686929
-0.236248    -0.689132
-0.235574    -0.691334
-0.234897    -0.693533
-0.234217    -0.695729
-0.233533    -0.697924
-0.232847    -0.700116
-0.232158    -0.702306
-0.231465    -0.704494
-0.23077    -0.70668
-0.230071    -0.708863
-0.229369    -0.711045
-0.228664    -0.713223
-0.227956    -0.7154
-0.227245    -0.717574
-0.226531    -0.719746
-0.225814    -0.721916
-0.225093    -0.724084
-0.22437    -0.726249
-0.223643    -0.728412
-0.222913    -0.730572
-0.22218    -0.73273
-0.221444    -0.734886
-0.220705    -0.737039
-0.219962    -0.73919
-0.219216    -0.741339
-0.218467    -0.743486
-0.217715    -0.745629
-0.21696    -0.747771
-0.216201    -0.74991
-0.21544    -0.752047
-0.214675    -0.754181
-0.213907    -0.756313
-0.213135    -0.758443
-0.212361    -0.76057
-0.211583    -0.762694
-0.210802    -0.764816
-0.210017    -0.766936
-0.20923    -0.769053
-0.208439    -0.771168
-0.207645    -0.77328
-0.206847    -0.77539
-0.206047    -0.777497
-0.205243    -0.779602
-0.204436    -0.781704
-0.203625    -0.783804
-0.202811    -0.785901
-0.201994    -0.787995
-0.201174    -0.790087
-0.20035    -0.792177
-0.199523    -0.794264
-0.198692    -0.796348
-0.197859    -0.79843
-0.197022    -0.800509
-0.196181    -0.802585
-0.195338    -0.804659
-0.194491    -0.806731
-0.19364    -0.808799
-0.192786    -0.810866
-0.191929    -0.812929
-0.191069    -0.81499
-0.190205    -0.817048
-0.189338    -0.819103
-0.188467    -0.821156
-0.187593    -0.823206
-0.186716    -0.825254
-0.185835    -0.827298
-0.184951    -0.82934
-0.184063    -0.83138
-0.183172    -0.833416
-0.182278    -0.83545
-0.18138    -0.837481
-0.180479    -0.839509
-0.179574    -0.841535
-0.178666    -0.843558
-0.177754    -0.845578
-0.176839    -0.847595
-0.175921    -0.84961
-0.174999    -0.851621
-0.174073    -0.85363
-0.173144    -0.855636
-0.172212    -0.85764
-0.171276    -0.85964
-0.170337    -0.861638
-0.169394    -0.863632
-0.168448    -0.865624
-0.167499    -0.867613
-0.166545    -0.8696
-0.165589    -0.871583
-0.164629    -0.873563
-0.163665    -0.875541
-0.162698    -0.877515
-0.161727    -0.879487
-0.160753    -0.881456
-0.159775    -0.883422
-0.158794    -0.885384
-0.157809    -0.887344
-0.156821    -0.889301
-0.155829    -0.891255
-0.154833    -0.893207
-0.153835    -0.895155
-0.152832    -0.8971
-0.151826    -0.899042
-0.150816    -0.900981
-0.149803    -0.902917
-0.148787    -0.90485
-0.147766    -0.90678
-0.146742    -0.908707
-0.145715    -0.910631
-0.144684    -0.912552
-0.143649    -0.91447
-0.142611    -0.916385
-0.14157    -0.918296
-0.140524    -0.920205
-0.139475    -0.92211
-0.138423    -0.924013
-0.137367    -0.925912
-0.136307    -0.927808
-0.135244    -0.929701
-0.134177    -0.931591
-0.133106    -0.933478
-0.132032    -0.935361
-0.130954    -0.937242
-0.129873    -0.939119
-0.128788    -0.940993
-0.127699    -0.942864
-0.126607    -0.944731
-0.125511    -0.946596
-0.124411    -0.948457
-0.123308    -0.950315
-0.122201    -0.95217
-0.12109    -0.954021
-0.119976    -0.955869
-0.118858    -0.957714
-0.117737    -0.959556
-0.116612    -0.961394
-0.115483    -0.96323
-0.11435    -0.965061
-0.113214    -0.96689
-0.112074    -0.968715
-0.110931    -0.970537
-0.109784    -0.972355
-0.108633    -0.974171
-0.107478    -0.975983
-0.10632    -0.977791
-0.105158    -0.979596
-0.103992    -0.981398
-0.102823    -0.983196
-0.10165    -0.984991
-0.100473    -0.986783
-0.099293    -0.988571
-0.0981089    -0.990356
-0.0969211    -0.992137
-0.0957296    -0.993915
-0.0945344    -0.995689
-0.0933355    -0.99746
-0.0921329    -0.999228
-0.0909266    -1.00099
-0.0897165    -1.00275
-0.0885027    -1.00451
-0.0872852    -1.00626
-0.086064    -1.00801
-0.0848391    -1.00976
-0.0836104    -1.0115
-0.082378    -1.01324
-0.0811419    -1.01498
-0.079902    -1.01671
-0.0786585    -1.01844
-0.0774111    -1.02016
-0.0761601    -1.02188
-0.0749053    -1.0236
-0.0736467    -1.02532
-0.0723845    -1.02703
-0.0711185    -1.02873
-0.0698487    -1.03044
-0.0685752    -1.03214
-0.0672979    -1.03383
-0.0660169    -1.03553
-0.0647322    -1.03722
-0.0634437    -1.0389
-0.0621514    -1.04058
-0.0608554    -1.04226
-0.0595557    -1.04393
-0.0582522    -1.0456
-0.0569449    -1.04727
-0.0556339    -1.04893
-0.0543191    -1.05059
-0.0530006    -1.05225
-0.0516782    -1.0539
-0.0503522    -1.05555
-0.0490224    -1.05719
-0.0476888    -1.05883
-0.0463514    -1.06047
-0.0450103    -1.0621
-0.0436654    -1.06373
-0.0423168    -1.06536
-0.0409644    -1.06698
-0.0396082    -1.06859
-0.0382483    -1.07021
-0.0368846    -1.07182
-0.0355171    -1.07342
-0.0341458    -1.07502
-0.0327708    -1.07662
-0.031392    -1.07822
-0.0300095    -1.07981
-0.0286232    -1.08139
-0.0272331    -1.08297
-0.0258392    -1.08455
-0.0244416    -1.08613
-0.0230402    -1.0877
-0.021635    -1.08926
-0.0202261    -1.09083
-0.0188134    -1.09239
-0.0173969    -1.09394
-0.0159766    -1.09549
-0.0145526    -1.09704
-0.0131248    -1.09858
-0.0116933    -1.10012
-0.010258    -1.10165
-0.00881887    -1.10318
-0.00737602    -1.10471
-0.00592939    -1.10623
-0.004479    -1.10775
-0.00302485    -1.10926
-0.00156693    -1.11077
-0.000105243    -1.11228
0.00136021    -1.11378
0.00282942    -1.11528
0.00430239    -1.11677
0.00577913    -1.11826
0.00725962    -1.11974
0.00874388    -1.12122
0.0102319    -1.1227
0.0117237    -1.12417
0.0132192    -1.12564
0.0147185    -1.1271
0.0162215    -1.12856
0.0177283    -1.13002
0.0192388    -1.13147
0.0207531    -1.13292
0.0222712    -1.13436
0.023793    -1.1358
0.0253185    -1.13723
0.0268478    -1.13866
0.0283808    -1.14009
0.0299176    -1.14151
0.0314581    -1.14293
0.0330023    -1.14434
0.0345503    -1.14575
0.036102    -1.14715
0.0376575    -1.14855
0.0392167    -1.14994
0.0407796    -1.15133
0.0423462    -1.15272
0.0439166    -1.1541
0.0454906    -1.15548
0.0470685    -1.15685
0.04865    -1.15822
0.0502352    -1.15959
0.0518242    -1.16094
0.0534168    -1.1623
0.0550132    -1.16365
0.0566133    -1.165
0.0582171    -1.16634
0.0598246    -1.16768
0.0614358    -1.16901
0.0630507    -1.17034
0.0646692    -1.17166
0.0662915    -1.17298
0.0679175    -1.17429
0.0695471    -1.1756
0.0711805    -1.17691
0.0728175    -1.17821
0.0744582    -1.17951
0.0761025    -1.1808
0.0777506    -1.18208
0.0794023    -1.18337
0.0810576    -1.18464
0.0827167    -1.18592
0.0843794    -1.18718
0.0860457    -1.18845
0.0877157    -1.18971
0.0893894    -1.19096
0.0910666    -1.19221
0.0927476    -1.19345
0.0944321    -1.19469
0.0961203    -1.19593
0.0978122    -1.19716
0.0995076    -1.19839
0.101207    -1.19961
0.102909    -1.20082
0.104616    -1.20204
0.106326    -1.20324
0.108039    -1.20444
0.109756    -1.20564
0.111477    -1.20683
0.113201    -1.20802
0.114929    -1.2092
0.116661    -1.21038
0.118396    -1.21155
0.120134    -1.21272
0.121877    -1.21388
0.123623    -1.21504
0.125372    -1.2162
0.127125    -1.21734
0.128881    -1.21849
0.130641    -1.21963
0.132405    -1.22076
0.134172    -1.22189
0.135943    -1.22301
0.137717    -1.22413
0.139494    -1.22524
0.141276    -1.22635
0.14306    -1.22745
0.144849    -1.22855
0.14664    -1.22965
0.148436    -1.23073
0.150234    -1.23182
0.152037    -1.2329
0.153842    -1.23397
0.155651    -1.23504
0.157464    -1.2361
0.15928    -1.23716
0.1611    -1.23821
0.162923    -1.23926
0.164749    -1.2403
0.166579    -1.24134
0.168412    -1.24237
0.170249    -1.2434
0.172089    -1.24442
0.173933    -1.24544
0.17578    -1.24645
0.177631    -1.24745
0.179484    -1.24846
0.181342    -1.24945
0.183202    -1.25044
0.185066    -1.25143
0.186934    -1.25241
0.188804    -1.25338
0.190678    -1.25435
0.192556    -1.25532
0.194437    -1.25627
0.196321    -1.25723
0.198208    -1.25818
0.200099    -1.25912
0.201993    -1.26006
0.20389    -1.26099
0.205791    -1.26192
0.207695    -1.26284
0.209603    -1.26375
0.211513    -1.26466
0.213427    -1.26557
0.215344    -1.26647
0.217264    -1.26736
0.219188    -1.26825
0.221115    -1.26914
0.223045    -1.27001
0.224978    -1.27089
0.226915    -1.27175
0.228855    -1.27262
0.230798    -1.27347
0.232744    -1.27432
0.234693    -1.27517
0.236646    -1.27601
0.238602    -1.27684
0.240561    -1.27767
0.242523    -1.27849
0.244488    -1.27931
0.246456    -1.28012
0.248428    -1.28093
0.250402    -1.28173
0.25238    -1.28252
0.254361    -1.28331
