-0.584084    1.16976
-0.582884    1.16848
-0.581687    1.1672
-0.580494    1.16592
-0.579305    1.16463
-0.57812    1.16333
-0.576938    1.16203
-0.57576    1.16073
-0.574586    1.15943
-0.573416    1.15812
-0.572249    1.1568
-0.571087    1.15549
-0.569927    1.15416
-0.568772    1.15284
-0.567621    1.15151
-0.566473    1.15017
-0.565329    1.14884
-0.564189    1.14749
-0.563052    1.14615
-0.561919    1.1448
-0.56079    1.14345
-0.559665    1.14209
-0.558543    1.14073
-0.557425    1.13936
-0.556311    1.13799
-0.5552    1.13662
-0.554093    1.13524
-0.55299    1.13386
-0.551891    1.13247
-0.550795    1.13108
-0.549703    1.12969
-0.548615    1.1283
-0.54753    1.1269
-0.546449    1.12549
-0.545372    1.12408
-0.544298    1.12267
-0.543228    1.12125
-0.542162    1.11984
-0.541099    1.11841
-0.540041    1.11698
-0.538985    1.11555
-0.537934    1.11412
-0.536886    1.11268
-0.535841    1.11124
-0.534801    1.10979
-0.533764    1.10834
-0.53273    1.10689
-0.531701    1.10543
-0.530675    1.10397
-0.529652    1.10251
-0.528633    1.10104
-0.527618    1.09956
-0.526607    1.09809
-0.525599    1.09661
-0.524594    1.09513
-0.523593    1.09364
-0.522596    1.09215
-0.521603    1.09065
-0.520613    1.08916
-0.519626    1.08766
-0.518643    1.08615
-0.517664    1.08464
-0.516688    1.08313
-0.515716    1.08161
-0.514748    1.08009
-0.513783    1.07857
-0.512821    1.07705
-0.511863    1.07551
-0.510909    1.07398
-0.509958    1.07244
-0.509011    1.0709
-0.508067    1.06936
-0.507127    1.06781
-0.50619    1.06626
-0.505257    1.0647
-0.504328    1.06315
-0.503402    1.06158
-0.502479    1.06002
-0.50156    1.05845
-0.500644    1.05688
-0.499732    1.0553
-0.498824    1.05372
-0.497918    1.05214
-0.497017    1.05055
-0.496118    1.04896
-0.495224    1.04737
-0.494332    1.04577
-0.493445    1.04417
-0.49256    1.04257
-0.491679    1.04096
-0.490802    1.03935
-0.489928    1.03774
-0.489057    1.03612
-0.48819    1.0345
-0.487326    1.03288
-0.486466    1.03125
-0.485609    1.02962
-0.484756    1.02799
-0.483906    1.02635
-0.483059    1.02471
-0.482216    1.02307
-0.481376    1.02142
-0.480539    1.01977
-0.479706    1.01811
-0.478876    1.01646
-0.47805    1.0148
-0.477227    1.01313
-0.476407    1.01147
-0.47559    1.0098
-0.474777    1.00812
-0.473968    1.00645
-0.473161    1.00477
-0.472358    1.00308
-0.471559    1.0014
-0.470762    0.999706
-0.469969    0.998013
-0.469179    0.996317
-0.468393    0.994617
-0.46761    0.992915
-0.46683    0.991209
-0.466053    0.9895
-0.46528    0.987788
-0.46451    0.986073
-0.463743    0.984354
-0.462979    0.982633
-0.462219    0.980908
-0.461462    0.97918
-0.460708    0.977449
-0.459957    0.975714
-0.45921    0.973977
-0.458466    0.972237
-0.457725    0.970493
-0.456987    0.968746
-0.456253    0.966996
-0.455521    0.965244
-0.454793    0.963488
-0.454068    0.961728
-0.453346    0.959966
-0.452628    0.958201
-0.451912    0.956433
-0.4512    0.954661
-0.450491    0.952887
-0.449785    0.951109
-0.449082    0.949329
-0.448383    0.947545
-0.447686    0.945759
-0.446993    0.943969
-0.446302    0.942177
-0.445615    0.940381
-0.444931    0.938582
-0.44425    0.936781
-0.443572    0.934976
-0.442897    0.933169
-0.442226    0.931358
-0.441557    0.929545
-0.440891    0.927728
-0.440229    0.925909
-0.439569    0.924086
-0.438913    0.922261
-0.43826    0.920433
-0.437609    0.918602
-0.436962    0.916767
-0.436318    0.91493
-0.435676    0.91309
-0.435038    0.911248
-0.434403    0.909402
-0.43377    0.907553
-0.433141    0.905702
-0.432515    0.903847
-0.431891    0.90199
-0.431271    0.90013
-0.430654    0.898267
-0.430039    0.896401
-0.429428    0.894532
-0.428819    0.89266
-0.428213    0.890786
-0.427611    0.888909
-0.427011    0.887029
-0.426414    0.885146
-0.42582    0.88326
-0.425229    0.881371
-0.42464    0.87948
-0.424055    0.877586
-0.423473    0.875689
-0.422893    0.873789
-0.422316    0.871887
-0.421743    0.869982
-0.421172    0.868074
-0.420603    0.866163
-0.420038    0.864249
-0.419476    0.862333
-0.418916    0.860414
-0.418359    0.858492
-0.417805    0.856568
-0.417254    0.85464
-0.416705    0.85271
-0.416159    0.850778
-0.415617    0.848842
-0.415076    0.846904
-0.414539    0.844964
-0.414004    0.84302
-0.413472    0.841074
-0.412943    0.839125
-0.412417    0.837174
-0.411893    0.83522
-0.411372    0.833263
-0.410854    0.831303
-0.410339    0.829341
-0.409826    0.827376
-0.409315    0.825409
-0.408808    0.823439
-0.408303    0.821466
-0.407801    0.819491
-0.407302    0.817513
-0.406805    0.815533
-0.406311    0.81355
-0.405819    0.811564
-0.40533    0.809576
-0.404844    0.807585
-0.40436    0.805592
-0.403879    0.803596
-0.403401    0.801597
-0.402925    0.799596
-0.402451    0.797592
-0.401981    0.795586
-0.401512    0.793577
-0.401047    0.791566
-0.400584    0.789552
-0.400123    0.787536
-0.399665    0.785517
-0.39921    0.783495
-0.398757    0.781472
-0.398306    0.779445
-0.397859    0.777416
-0.397413    0.775385
-0.39697    0.773351
-0.39653    0.771315
-0.396092    0.769276
-0.395656    0.767235
-0.395223    0.765191
-0.394793    0.763145
-0.394365    0.761096
-0.393939    0.759045
-0.393515    0.756991
-0.393095    0.754935
-0.392676    0.752877
-0.39226    0.750816
-0.391846    0.748753
-0.391435    0.746687
-0.391026    0.744619
-0.39062    0.742549
-0.390216    0.740476
-0.389814    0.738401
-0.389414    0.736323
-0.389017    0.734243
-0.388622    0.732161
-0.38823    0.730076
-0.38784    0.727989
-0.387452    0.7259
-0.387066    0.723808
-0.386683    0.721714
-0.386302    0.719618
-0.385923    0.717519
-0.385547    0.715418
-0.385172    0.713314
-0.3848    0.711209
-0.384431    0.709101
-0.384063    0.706991
-0.383698    0.704878
-0.383335    0.702763
-0.382974    0.700646
-0.382615    0.698527
-0.382259    0.696405
-0.381905    0.694281
-0.381552    0.692155
-0.381202    0.690026
-0.380855    0.687896
-0.380509    0.685763
-0.380165    0.683627
-0.379824    0.68149
-0.379485    0.67935
-0.379148    0.677209
-0.378813    0.675064
-0.37848    0.672918
-0.378149    0.67077
-0.37782    0.668619
-0.377493    0.666466
-0.377169    0.664311
-0.376846    0.662154
-0.376525    0.659995
-0.376207    0.657833
-0.37589    0.65567
-0.375576    0.653504
-0.375263    0.651336
-0.374953    0.649166
-0.374644    0.646993
-0.374338    0.644819
-0.374033    0.642643
-0.373731    0.640464
-0.37343    0.638283
-0.373131    0.6361
-0.372835    0.633915
-0.37254    0.631728
-0.372247    0.629539
-0.371956    0.627348
-0.371667    0.625155
-0.37138    0.62296
-0.371095    0.620762
-0.370811    0.618563
-0.37053    0.616361
-0.37025    0.614158
-0.369972    0.611952
-0.369696    0.609745
-0.369422    0.607535
-0.36915    0.605323
-0.368879    0.60311
-0.36861    0.600894
-0.368344    0.598676
-0.368078    0.596457
-0.367815    0.594235
-0.367554    0.592012
-0.367294    0.589786
-0.367036    0.587558
-0.366779    0.585329
-0.366525    0.583097
-0.366272    0.580864
-0.366021    0.578629
-0.365771    0.576391
-0.365524    0.574152
-0.365278    0.571911
-0.365033    0.569668
-0.364791    0.567423
-0.36455    0.565176
-0.36431    0.562927
-0.364073    0.560676
-0.363836    0.558424
-0.363602    0.556169
-0.363369    0.553913
-0.363138    0.551654
-0.362908    0.549394
-0.36268    0.547132
-0.362454    0.544869
-0.362229    0.542603
-0.362005    0.540335
-0.361784    0.538066
-0.361563    0.535795
-0.361345    0.533522
-0.361128    0.531247
-0.360912    0.528971
-0.360698    0.526692
-0.360485    0.524412
-0.360274    0.52213
-0.360064    0.519846
-0.359856    0.517561
-0.359649    0.515273
-0.359444    0.512984
-0.35924    0.510693
-0.359037    0.508401
-0.358836    0.506106
-0.358637    0.50381
-0.358439    0.501513
-0.358242    0.499213
-0.358046    0.496912
-0.357852    0.494609
-0.35766    0.492304
-0.357468    0.489998
-0.357278    0.48769
-0.35709    0.48538
-0.356902    0.483069
-0.356716    0.480756
-0.356531    0.478441
-0.356348    0.476124
-0.356166    0.473806
-0.355985    0.471487
-0.355805    0.469165
-0.355627    0.466842
-0.35545    0.464518
-0.355274    0.462192
-0.3551    0.459864
-0.354926    0.457534
-0.354754    0.455203
-0.354583    0.452871
-0.354414    0.450536
-0.354245    0.448201
-0.354078    0.445863
-0.353911    0.443524
-0.353746    0.441184
-0.353582    0.438842
-0.35342    0.436498
-0.353258    0.434153
-0.353097    0.431806
-0.352938    0.429458
-0.35278    0.427109
-0.352622    0.424757
-0.352466    0.422405
-0.352311    0.42005
-0.352157    0.417695
-0.352004    0.415338
-0.351852    0.412979
-0.351701    0.410619
-0.351551    0.408257
-0.351402    0.405894
-0.351254    0.40353
-0.351108    0.401164
-0.350962    0.398796
-0.350817    0.396428
-0.350673    0.394057
-0.35053    0.391686
-0.350388    0.389313
-0.350246    0.386938
-0.350106    0.384563
-0.349967    0.382185
-0.349828    0.379807
-0.349691    0.377427
-0.349554    0.375045
-0.349419    0.372663
-0.349284    0.370279
-0.34915    0.367893
-0.349016    0.365507
-0.348884    0.363119
-0.348753    0.360729
-0.348622    0.358339
-0.348492    0.355947
-0.348363    0.353553
-0.348234    0.351159
-0.348107    0.348763
-0.34798    0.346366
-0.347854    0.343967
-0.347729    0.341568
-0.347604    0.339167
-0.34748    0.336765
-0.347357    0.334361
-0.347235    0.331957
-0.347113    0.329551
-0.346992    0.327144
-0.346872    0.324735
-0.346752    0.322326
-0.346633    0.319915
-0.346515    0.317503
-0.346397    0.31509
-0.34628    0.312676
-0.346163    0.31026
-0.346048    0.307844
-0.345932    0.305426
-0.345818    0.303007
-0.345703    0.300587
-0.34559    0.298166
-0.345477    0.295744
-0.345365    0.29332
-0.345253    0.290896
-0.345141    0.28847
-0.34503    0.286044
-0.34492    0.283616
-0.34481    0.281187
-0.344701    0.278757
-0.344592    0.276326
-0.344484    0.273894
-0.344376    0.271461
-0.344268    0.269027
-0.344161    0.266592
-0.344054    0.264155
-0.343948    0.261718
-0.343842    0.25928
-0.343737    0.256841
-0.343632    0.254401
-0.343527    0.251959
-0.343423    0.249517
-0.343319    0.247074
-0.343215    0.24463
-0.343112    0.242185
-0.343009    0.239739
-0.342907    0.237292
-0.342804    0.234844
-0.342702    0.232395
-0.342601    0.229945
-0.342499    0.227495
-0.342398    0.225043
-0.342297    0.222591
-0.342197    0.220137
-0.342096    0.217683
-0.341996    0.215228
-0.341896    0.212772
-0.341796    0.210315
-0.341697    0.207858
-0.341598    0.205399
-0.341498    0.20294
-0.341399    0.20048
-0.3413    0.198019
-0.341202    0.195557
-0.341103    0.193095
-0.341005    0.190631
-0.340906    0.188167
-0.340808    0.185702
-0.34071    0.183237
-0.340612    0.18077
-0.340514    0.178303
-0.340416    0.175835
-0.340318    0.173366
-0.340221    0.170897
-0.340123    0.168427
-0.340025    0.165956
-0.339927    0.163484
-0.33983    0.161012
-0.339732    0.158539
-0.339634    0.156066
-0.339537    0.153592
-0.339439    0.151117
-0.339341    0.148641
-0.339243    0.146165
-0.339145    0.143688
-0.339047    0.14121
-0.338949    0.138732
-0.338851    0.136254
-0.338753    0.133774
-0.338654    0.131294
-0.338556    0.128814
-0.338457    0.126333
-0.338358    0.123851
-0.338259    0.121369
-0.33816    0.118886
-0.338061    0.116403
-0.337961    0.113919
-0.337862    0.111434
-0.337762    0.108949
-0.337662    0.106464
-0.337562    0.103978
-0.337461    0.101492
-0.33736    0.0990046
-0.337259    0.0965171
-0.337158    0.0940292
-0.337056    0.0915408
-0.336954    0.089052
-0.336852    0.0865627
-0.33675    0.0840729
-0.336647    0.0815828
-0.336544    0.0790922
-0.336441    0.0766011
-0.336337    0.0741097
-0.336233    0.0716179
-0.336128    0.0691257
-0.336023    0.0666331
-0.335918    0.0641401
-0.335812    0.0616468
-0.335706    0.0591531
-0.3356    0.056659
-0.335493    0.0541646
-0.335386    0.0516699
-0.335278    0.0491748
-0.33517    0.0466794
-0.335061    0.0441838
-0.334952    0.0416878
-0.334842    0.0391915
-0.334732    0.0366949
-0.334622    0.0341981
-0.33451    0.031701
-0.334399    0.0292037
-0.334287    0.026706
-0.334174    0.0242082
-0.334061    0.0217101
-0.333947    0.0192118
-0.333832    0.0167133
-0.333717    0.0142145
-0.333602    0.0117156
-0.333485    0.00921647
-0.333369    0.00671717
-0.333251    0.00421768
-0.333133    0.00171803
-0.333014    -0.000781773
-0.332895    -0.00328173
-0.332775    -0.00578183
-0.332654    -0.00828205
-0.332533    -0.0107824
-0.332411    -0.0132829
-0.332288    -0.0157834
-0.332165    -0.0182841
-0.332041    -0.0207849
-0.331916    -0.0232857
-0.33179    -0.0257866
-0.331664    -0.0282876
-0.331536    -0.0307887
-0.331408    -0.0332898
-0.33128    -0.0357909
-0.33115    -0.038292
-0.33102    -0.0407932
-0.330889    -0.0432944
-0.330757    -0.0457956
-0.330624    -0.0482968
-0.33049    -0.050798
-0.330356    -0.0532991
-0.330221    -0.0558003
-0.330084    -0.0583014
-0.329947    -0.0608024
-0.329809    -0.0633034
-0.329671    -0.0658043
-0.329531    -0.0683052
-0.32939    -0.070806
-0.329249    -0.0733067
-0.329106    -0.0758073
-0.328963    -0.0783078
-0.328818    -0.0808081
-0.328673    -0.0833084
-0.328526    -0.0858085
-0.328379    -0.0883085
-0.328231    -0.0908084
-0.328081    -0.093308
-0.327931    -0.0958075
-0.32778    -0.0983069
-0.327627    -0.100806
-0.327474    -0.103305
-0.327319    -0.105804
-0.327164    -0.108302
-0.327007    -0.110801
-0.326849    -0.113299
-0.326691    -0.115797
-0.326531    -0.118294
-0.32637    -0.120792
-0.326208    -0.123289
-0.326044    -0.125786
-0.32588    -0.128282
-0.325714    -0.130779
-0.325548    -0.133275
-0.32538    -0.13577
-0.325211    -0.138266
-0.325041    -0.140761
-0.324869    -0.143256
-0.324697    -0.14575
-0.324523    -0.148244
-0.324348    -0.150738
-0.324171    -0.153231
-0.323994    -0.155724
-0.323815    -0.158217
-0.323635    -0.160709
-0.323454    -0.163201
-0.323271    -0.165693
-0.323087    -0.168184
-0.322902    -0.170674
-0.322716    -0.173164
-0.322528    -0.175654
-0.322339    -0.178144
-0.322148    -0.180632
-0.321957    -0.183121
-0.321763    -0.185609
-0.321569    -0.188096
-0.321373    -0.190583
-0.321176    -0.19307
-0.320977    -0.195556
-0.320777    -0.198041
-0.320576    -0.200526
-0.320373    -0.20301
-0.320168    -0.205494
-0.319963    -0.207978
-0.319755    -0.21046
-0.319547    -0.212942
-0.319337    -0.215424
-0.319125    -0.217905
-0.318912    -0.220386
-0.318697    -0.222865
-0.318481    -0.225345
-0.318264    -0.227823
-0.318045    -0.230301
-0.317824    -0.232779
-0.317602    -0.235255
-0.317378    -0.237732
-0.317153    -0.240207
-0.316926    -0.242682
-0.316698    -0.245156
-0.316468    -0.247629
-0.316236    -0.250102
-0.316003    -0.252574
-0.315768    -0.255045
-0.315532    -0.257516
-0.315294    -0.259986
-0.315054    -0.262455
-0.314813    -0.264924
-0.31457    -0.267391
-0.314325    -0.269858
-0.314079    -0.272324
-0.313831    -0.27479
-0.313581    -0.277254
-0.31333    -0.279718
-0.313076    -0.282181
-0.312822    -0.284643
-0.312565    -0.287105
-0.312307    -0.289565
-0.312047    -0.292025
-0.311785    -0.294484
-0.311521    -0.296942
-0.311256    -0.299399
-0.310989    -0.301856
-0.31072    -0.304311
-0.310449    -0.306766
-0.310177    -0.309219
-0.309903    -0.311672
-0.309626    -0.314124
-0.309348    -0.316575
-0.309069    -0.319025
-0.308787    -0.321474
-0.308503    -0.323922
-0.308218    -0.326369
-0.307931    -0.328816
-0.307642    -0.331261
-0.307351    -0.333705
-0.307058    -0.336149
-0.306763    -0.338591
-0.306466    -0.341033
-0.306167    -0.343473
-0.305867    -0.345912
-0.305564    -0.348351
-0.30526    -0.350788
-0.304953    -0.353224
-0.304645    -0.355659
-0.304334    -0.358094
-0.304022    -0.360527
-0.303707    -0.362959
-0.303391    -0.36539
-0.303072    -0.36782
-0.302752    -0.370248
-0.302429    -0.372676
-0.302105    -0.375103
-0.301778    -0.377528
-0.30145    -0.379952
-0.301119    -0.382376
-0.300786    -0.384798
-0.300451    -0.387218
-0.300114    -0.389638
-0.299775    -0.392057
-0.299434    -0.394474
-0.299091    -0.39689
-0.298745    -0.399305
-0.298398    -0.401719
-0.298048    -0.404132
-0.297696    -0.406543
-0.297342    -0.408953
-0.296986    -0.411362
-0.296628    -0.41377
-0.296268    -0.416176
-0.295905    -0.418582
-0.29554    -0.420985
-0.295173    -0.423388
-0.294804    -0.425789
-0.294432    -0.42819
-0.294058    -0.430588
-0.293682    -0.432986
-0.293304    -0.435382
-0.292924    -0.437777
-0.292541    -0.44017
-0.292156    -0.442562
-0.291769    -0.444953
-0.291379    -0.447343
-0.290987    -0.449731
-0.290593    -0.452118
-0.290197    -0.454503
-0.289798    -0.456887
-0.289397    -0.459269
-0.288993    -0.461651
-0.288587    -0.46403
-0.288179    -0.466409
-0.287769    -0.468786
-0.287356    -0.471161
-0.286941    -0.473535
-0.286523    -0.475908
-0.286103    -0.478279
-0.285681    -0.480649
-0.285256    -0.483017
-0.284829    -0.485384
-0.284399    -0.487749
-0.283967    -0.490113
-0.283533    -0.492475
-0.283096    -0.494836
-0.282656    -0.497195
-0.282214    -0.499552
-0.28177    -0.501909
-0.281323    -0.504263
-0.280874    -0.506616
-0.280422    -0.508968
-0.279968    -0.511318
-0.279511    -0.513666
-0.279052    -0.516013
-0.27859    -0.518358
-0.278126    -0.520701
-0.277659    -0.523043
-0.27719    -0.525384
-0.276718    -0.527722
-0.276243    -0.530059
-0.275766    -0.532395
-0.275287    -0.534729
-0.274804    -0.537061
-0.27432    -0.539391
-0.273832    -0.54172
-0.273342    -0.544047
-0.27285    -0.546373
-0.272354    -0.548696
-0.271856    -0.551018
-0.271356    -0.553339
-0.270853    -0.555657
-0.270347    -0.557974
-0.269839    -0.560289
-0.269328    -0.562603
-0.268814    -0.564914
-0.268298    -0.567224
-0.267779    -0.569532
-0.267257    -0.571839
-0.266732    -0.574143
-0.266205    -0.576446
-0.265675    -0.578747
-0.265143    -0.581046
-0.264607    -0.583344
-0.264069    -0.585639
-0.263528    -0.587933
-0.262985    -0.590225
-0.262439    -0.592515
-0.26189    -0.594803
-0.261338    -0.59709
-0.260783    -0.599374
