0.392793    -0.374645
0.393121    -0.372326
0.393446    -0.370007
0.39377    -0.367686
0.394092    -0.365364
0.394411    -0.363041
0.394729    -0.360716
0.395044    -0.358391
0.395358    -0.356064
0.39567    -0.353736
0.395979    -0.351407
0.396287    -0.349077
0.396593    -0.346745
0.396897    -0.344413
0.397199    -0.342079
0.397499    -0.339744
0.397797    -0.337408
0.398094    -0.335071
0.398388    -0.332733
0.398681    -0.330393
0.398972    -0.328053
0.39926    -0.325711
0.399547    -0.323369
0.399832    -0.321025
0.400116    -0.31868
0.400397    -0.316334
0.400677    -0.313987
0.400954    -0.311639
0.40123    -0.30929
0.401505    -0.30694
0.401777    -0.304589
0.402048    -0.302237
0.402316    -0.299884
0.402583    -0.29753
0.402849    -0.295174
0.403112    -0.292818
0.403374    -0.290461
0.403634    -0.288103
0.403892    -0.285744
0.404149    -0.283384
0.404404    -0.281022
0.404657    -0.27866
0.404908    -0.276297
0.405158    -0.273933
0.405406    -0.271569
0.405652    -0.269203
0.405897    -0.266836
0.40614    -0.264468
0.406381    -0.2621
0.406621    -0.25973
0.406859    -0.25736
0.407095    -0.254988
0.40733    -0.252616
0.407563    -0.250243
0.407795    -0.247869
0.408025    -0.245494
0.408253    -0.243119
0.40848    -0.240742
0.408705    -0.238365
0.408929    -0.235986
0.409151    -0.233607
0.409372    -0.231228
0.409591    -0.228847
0.409808    -0.226465
0.410024    -0.224083
0.410238    -0.2217
0.410451    -0.219316
0.410663    -0.216931
0.410872    -0.214546
0.411081    -0.212159
0.411288    -0.209772
0.411493    -0.207385
0.411697    -0.204996
0.4119    -0.202607
0.412101    -0.200217
0.412301    -0.197826
0.412499    -0.195435
0.412696    -0.193042
0.412891    -0.19065
0.413085    -0.188256
0.413277    -0.185862
0.413469    -0.183467
0.413658    -0.181071
0.413847    -0.178675
0.414034    -0.176278
0.41422    -0.17388
0.414404    -0.171482
0.414587    -0.169083
0.414769    -0.166683
0.414949    -0.164283
0.415128    -0.161882
0.415306    -0.15948
0.415482    -0.157078
0.415657    -0.154676
0.415831    -0.152272
0.416004    -0.149868
0.416175    -0.147464
0.416345    -0.145059
0.416514    -0.142653
0.416682    -0.140247
0.416848    -0.13784
0.417013    -0.135433
0.417177    -0.133025
0.41734    -0.130617
0.417502    -0.128208
0.417662    -0.125798
0.417821    -0.123389
0.417979    -0.120978
0.418136    -0.118567
0.418292    -0.116156
0.418446    -0.113744
0.4186    -0.111331
0.418752    -0.108919
0.418903    -0.106505
0.419053    -0.104091
0.419202    -0.101677
0.41935    -0.0992624
0.419497    -0.0968473
0.419642    -0.0944318
0.419787    -0.0920158
0.41993    -0.0895994
0.420073    -0.0871826
0.420214    -0.0847654
0.420355    -0.0823478
0.420494    -0.0799298
0.420633    -0.0775115
0.42077    -0.0750928
0.420907    -0.0726737
0.421042    -0.0702542
0.421176    -0.0678344
0.42131    -0.0654143
0.421442    -0.0629938
0.421574    -0.060573
0.421705    -0.0581519
0.421834    -0.0557305
0.421963    -0.0533087
0.422091    -0.0508867
0.422218    -0.0484644
0.422344    -0.0460418
0.422469    -0.0436189
0.422593    -0.0411957
0.422717    -0.0387723
0.422839    -0.0363486
0.422961    -0.0339247
0.423081    -0.0315005
0.423201    -0.0290761
0.423321    -0.0266514
0.423439    -0.0242266
0.423556    -0.0218015
0.423673    -0.0193762
0.423789    -0.0169508
0.423904    -0.0145251
0.424019    -0.0120993
0.424132    -0.00967326
0.424245    -0.00724707
0.424357    -0.00482072
0.424468    -0.00239422
0.424579    3.24252e-05
0.424689    0.00245921
0.424798    0.00488613
0.424907    0.00731318
0.425014    0.00974034
0.425122    0.0121676
0.425228    0.014595
0.425334    0.0170225
0.425439    0.01945
0.425543    0.0218776
0.425647    0.0243054
0.42575    0.0267331
0.425853    0.029161
0.425955    0.0315889
0.426056    0.0340168
0.426157    0.0364448
0.426257    0.0388728
0.426357    0.0413008
0.426456    0.0437288
0.426554    0.0461569
0.426652    0.0485849
0.42675    0.0510129
0.426847    0.053441
0.426943    0.055869
0.427039    0.0582969
0.427134    0.0607249
0.427229    0.0631527
0.427323    0.0655806
0.427417    0.0680084
0.427511    0.0704361
0.427604    0.0728637
0.427696    0.0752913
0.427788    0.0777187
0.42788    0.0801461
0.427971    0.0825734
0.428062    0.0850005
0.428152    0.0874276
0.428242    0.0898545
0.428332    0.0922812
0.428421    0.0947079
0.42851    0.0971344
0.428599    0.0995607
0.428687    0.101987
0.428775    0.104413
0.428863    0.106839
0.42895    0.109264
0.429037    0.11169
0.429124    0.114115
0.42921    0.11654
0.429296    0.118965
0.429382    0.12139
0.429467    0.123814
0.429553    0.126238
0.429638    0.128662
0.429723    0.131086
0.429807    0.133509
0.429892    0.135932
0.429976    0.138355
0.43006    0.140778
0.430144    0.1432
0.430228    0.145622
0.430311    0.148043
0.430394    0.150465
0.430478    0.152886
0.430561    0.155307
0.430644    0.157727
0.430726    0.160147
0.430809    0.162567
0.430892    0.164986
0.430974    0.167405
0.431057    0.169824
0.431139    0.172242
0.431221    0.17466
0.431304    0.177077
0.431386    0.179494
0.431468    0.181911
0.43155    0.184327
0.431633    0.186743
0.431715    0.189158
0.431797    0.191573
0.431879    0.193988
0.431961    0.196402
0.432044    0.198816
0.432126    0.201229
0.432208    0.203641
0.432291    0.206054
0.432373    0.208465
0.432456    0.210877
0.432538    0.213287
0.432621    0.215697
0.432704    0.218107
0.432787    0.220516
0.43287    0.222925
0.432953    0.225333
0.433037    0.22774
0.43312    0.230147
0.433204    0.232554
0.433288    0.23496
0.433372    0.237365
0.433457    0.23977
0.433541    0.242174
0.433626    0.244577
0.433711    0.24698
0.433796    0.249382
0.433882    0.251784
0.433967    0.254185
0.434053    0.256585
0.43414    0.258985
0.434226    0.261384
0.434313    0.263783
0.4344    0.26618
0.434488    0.268577
0.434575    0.270974
0.434663    0.27337
0.434752    0.275765
0.434841    0.278159
0.43493    0.280553
0.43502    0.282945
0.435109    0.285338
0.4352    0.287729
0.435291    0.29012
0.435382    0.29251
0.435473    0.294899
0.435565    0.297287
0.435658    0.299675
0.435751    0.302062
0.435844    0.304448
0.435938    0.306834
0.436032    0.309218
0.436127    0.311602
0.436222    0.313985
0.436318    0.316367
0.436414    0.318748
0.436511    0.321129
0.436608    0.323508
0.436706    0.325887
0.436805    0.328265
0.436904    0.330642
0.437003    0.333018
0.437104    0.335393
0.437204    0.337768
0.437306    0.340141
0.437408    0.342514
0.437511    0.344886
0.437614    0.347257
0.437718    0.349627
0.437822    0.351995
0.437928    0.354364
0.438034    0.356731
0.43814    0.359097
0.438247    0.361462
0.438355    0.363826
0.438464    0.366189
0.438574    0.368552
0.438684    0.370913
0.438795    0.373273
0.438906    0.375633
0.439019    0.377991
0.439132    0.380348
0.439246    0.382704
0.439361    0.38506
0.439476    0.387414
0.439593    0.389767
0.43971    0.392119
0.439828    0.39447
0.439947    0.39682
0.440066    0.399169
0.440187    0.401517
0.440308    0.403864
0.440431    0.406209
0.440554    0.408554
0.440678    0.410898
0.440803    0.41324
0.440929    0.415581
0.441056    0.417921
0.441184    0.42026
0.441312    0.422598
0.441442    0.424935
0.441573    0.42727
0.441704    0.429605
0.441837    0.431938
0.44197    0.43427
0.442105    0.436601
0.442241    0.43893
0.442377    0.441259
0.442515    0.443586
0.442654    0.445912
0.442794    0.448237
0.442934    0.45056
0.443076    0.452883
0.443219    0.455204
0.443363    0.457524
0.443508    0.459842
0.443655    0.46216
0.443802    0.464476
0.443951    0.466791
0.4441    0.469104
0.444251    0.471416
0.444403    0.473727
0.444556    0.476037
0.444711    0.478345
0.444866    0.480652
0.445023    0.482958
0.445181    0.485262
0.44534    0.487566
0.4455    0.489867
0.445662    0.492168
0.445825    0.494466
0.445989    0.496764
0.446154    0.49906
0.446321    0.501355
0.446489    0.503649
0.446658    0.505941
0.446829    0.508231
0.447    0.510521
0.447173    0.512809
0.447348    0.515095
0.447524    0.51738
0.447701    0.519664
0.44788    0.521946
0.448059    0.524226
0.448241    0.526506
0.448423    0.528783
0.448607    0.53106
0.448793    0.533335
0.44898    0.535608
0.449168    0.53788
0.449358    0.54015
0.449549    0.542419
0.449742    0.544686
0.449936    0.546952
0.450132    0.549217
0.450329    0.551479
0.450527    0.553741
0.450727    0.556
0.450929    0.558258
0.451132    0.560515
0.451337    0.56277
0.451543    0.565024
0.451751    0.567275
0.45196    0.569526
0.452171    0.571774
0.452383    0.574022
0.452597    0.576267
0.452813    0.578511
0.45303    0.580753
0.453249    0.582994
0.45347    0.585233
0.453692    0.58747
0.453916    0.589706
0.454141    0.59194
0.454368    0.594173
0.454597    0.596403
0.454828    0.598633
0.45506    0.60086
0.455294    0.603086
0.455529    0.60531
0.455766    0.607532
0.456006    0.609753
0.456246    0.611972
0.456489    0.614189
0.456733    0.616404
0.456979    0.618618
0.457227    0.62083
0.457477    0.62304
0.457728    0.625249
0.457981    0.627456
0.458236    0.629661
0.458493    0.631864
0.458752    0.634065
0.459012    0.636265
0.459275    0.638463
0.459539    0.640659
0.459805    0.642853
0.460073    0.645045
0.460343    0.647236
0.460615    0.649425
0.460888    0.651612
0.461164    0.653797
0.461442    0.65598
0.461721    0.658162
0.462002    0.660341
0.462286    0.662519
0.462571    0.664695
0.462858    0.666869
0.463148    0.669041
0.463439    0.671211
0.463732    0.673379
0.464028    0.675545
0.464325    0.67771
0.464624    0.679872
0.464926    0.682033
0.465229    0.684192
0.465534    0.686348
0.465842    0.688503
0.466152    0.690656
0.466463    0.692807
0.466777    0.694956
0.467093    0.697103
0.467411    0.699248
0.467731    0.701391
0.468053    0.703532
0.468378    0.705671
0.468704    0.707808
0.469033    0.709943
0.469364    0.712076
0.469697    0.714206
0.470032    0.716335
0.470369    0.718462
0.470709    0.720587
0.471051    0.72271
0.471395    0.72483
0.471741    0.726949
0.472089    0.729066
0.47244    0.73118
0.472793    0.733293
0.473148    0.735403
0.473506    0.737511
0.473866    0.739617
0.474228    0.741721
0.474592    0.743823
0.474959    0.745923
0.475328    0.74802
0.475699    0.750116
0.476073    0.752209
0.476449    0.7543
0.476827    0.756389
0.477208    0.758476
0.477591    0.760561
0.477976    0.762643
0.478364    0.764724
0.478755    0.766802
0.479147    0.768878
0.479542    0.770951
0.47994    0.773023
0.48034    0.775092
0.480742    0.777159
0.481147    0.779224
0.481554    0.781287
0.481964    0.783347
0.482376    0.785405
0.482791    0.787461
0.483208    0.789514
0.483628    0.791566
0.48405    0.793615
0.484474    0.795662
0.484902    0.797706
0.485331    0.799748
0.485764    0.801788
0.486199    0.803825
0.486636    0.805861
0.487076    0.807894
0.487519    0.809924
0.487964    0.811952
0.488411    0.813978
0.488862    0.816002
0.489315    0.818023
0.48977    0.820042
0.490228    0.822058
0.490689    0.824072
0.491153    0.826084
0.491619    0.828093
0.492088    0.8301
0.492559    0.832104
0.493033    0.834106
0.49351    0.836106
0.49399    0.838103
0.494472    0.840098
0.494957    0.84209
0.495445    0.84408
0.495935    0.846067
0.496428    0.848052
0.496924    0.850035
0.497423    0.852015
0.497924    0.853992
0.498428    0.855967
0.498935    0.85794
0.499445    0.85991
0.499958    0.861877
0.500473    0.863842
0.500991    0.865805
0.501512    0.867765
0.502036    0.869722
0.502562    0.871677
0.503092    0.873629
0.503624    0.875579
0.504159    0.877526
0.504698    0.879471
0.505238    0.881413
0.505782    0.883352
0.506329    0.885289
0.506879    0.887223
0.507431    0.889155
0.507987    0.891084
0.508545    0.89301
0.509106    0.894934
0.509671    0.896855
0.510238    0.898774
0.510808    0.900689
0.511381    0.902603
0.511957    0.904513
0.512536    0.906421
0.513118    0.908326
0.513703    0.910229
0.514291    0.912128
0.514882    0.914025
0.515477    0.91592
0.516074    0.917811
0.516674    0.9197
0.517277    0.921587
0.517883    0.92347
0.518493    0.925351
0.519105    0.927229
0.51972    0.929104
0.520339    0.930977
0.520961    0.932846
0.521585    0.934713
0.522213    0.936577
0.522844    0.938439
0.523478    0.940297
0.524115    0.942153
0.524756    0.944006
0.525399    0.945856
0.526046    0.947703
0.526696    0.949547
0.527349    0.951389
0.528005    0.953228
0.528664    0.955064
0.529326    0.956897
0.529992    0.958727
0.530661    0.960554
0.531333    0.962378
0.532008    0.9642
0.532687    0.966018
0.533369    0.967834
0.534054    0.969646
0.534742    0.971456
0.535434    0.973263
0.536128    0.975067
0.536826    0.976868
0.537528    0.978666
0.538232    0.980461
0.53894    0.982253
0.539652    0.984042
0.540366    0.985828
0.541084    0.987611
0.541805    0.989391
0.542529    0.991168
0.543257    0.992942
0.543988    0.994713
0.544723    0.996481
0.545461    0.998246
0.546202    1.00001
0.546947    1.00177
0.547695    1.00352
0.548446    1.00528
0.549201    1.00703
0.549959    1.00877
0.55072    1.01051
0.551485    1.01226
0.552254    1.01399
0.553025    1.01573
0.553801    1.01746
0.554579    1.01919
0.555361    1.02091
0.556147    1.02263
0.556936    1.02435
0.557729    1.02606
0.558524    1.02778
0.559324    1.02949
0.560127    1.03119
0.560933    1.03289
0.561743    1.03459
0.562557    1.03629
0.563374    1.03798
0.564194    1.03967
0.565018    1.04136
0.565845    1.04304
0.566677    1.04472
0.567511    1.0464
0.568349    1.04807
0.569191    1.04974
0.570036    1.05141
0.570885    1.05307
0.571738    1.05473
0.572594    1.05639
0.573453    1.05804
0.574316    1.05969
0.575183    1.06134
0.576054    1.06298
0.576928    1.06462
0.577805    1.06626
0.578686    1.06789
0.579571    1.06952
0.58046    1.07115
0.581352    1.07277
0.582248    1.07439
0.583147    1.07601
0.584051    1.07762
0.584957    1.07923
0.585868    1.08083
0.586782    1.08244
0.5877    1.08404
0.588622    1.08563
0.589547    1.08722
0.590476    1.08881
0.591409    1.0904
0.592345    1.09198
0.593285    1.09356
0.594229    1.09513
0.595177    1.0967
0.596128    1.09827
0.597083    1.09983
0.598042    1.10139
0.599004    1.10295
0.599971    1.1045
0.600941    1.10605
0.601915    1.1076
0.602892    1.10914
0.603874    1.11068
0.604859    1.11221
0.605848    1.11375
0.606841    1.11527
0.607838    1.1168
0.608838    1.11832
0.609843    1.11984
0.610851    1.12135
0.611863    1.12286
0.612878    1.12436
0.613898    1.12587
0.614921    1.12736
0.615949    1.12886
0.61698    1.13035
0.618015    1.13184
0.619054    1.13332
0.620097    1.1348
0.621143    1.13628
0.622194    1.13775
0.623248    1.13922
0.624306    1.14068
0.625369    1.14214
0.626435    1.1436
0.627505    1.14505
0.628579    1.1465
