-0.256165    -1.28361
-0.254145    -1.28312
-0.252128    -1.28262
-0.250112    -1.28212
-0.2481    -1.28161
-0.246089    -1.28109
-0.244081    -1.28058
-0.242075    -1.28005
-0.240072    -1.27952
-0.238071    -1.27898
-0.236072    -1.27844
-0.234076    -1.2779
-0.232082    -1.27734
-0.23009    -1.27679
-0.228101    -1.27622
-0.226115    -1.27565
-0.224131    -1.27508
-0.222149    -1.2745
-0.22017    -1.27392
-0.218194    -1.27332
-0.216219    -1.27273
-0.214248    -1.27213
-0.212279    -1.27152
-0.210312    -1.27091
-0.208348    -1.27029
-0.206387    -1.26967
-0.204428    -1.26904
-0.202471    -1.26841
-0.200518    -1.26777
-0.198566    -1.26713
-0.196618    -1.26648
-0.194672    -1.26582
-0.192728    -1.26516
-0.190788    -1.2645
-0.188849    -1.26383
-0.186914    -1.26315
-0.184981    -1.26247
-0.183051    -1.26178
-0.181123    -1.26109
-0.179198    -1.2604
-0.177276    -1.25969
-0.175357    -1.25899
-0.17344    -1.25827
-0.171526    -1.25756
-0.169614    -1.25683
-0.167706    -1.25611
-0.1658    -1.25537
-0.163896    -1.25464
-0.161996    -1.25389
-0.160098    -1.25314
-0.158203    -1.25239
-0.156311    -1.25163
-0.154422    -1.25087
-0.152535    -1.2501
-0.150651    -1.24932
-0.14877    -1.24854
-0.146892    -1.24776
-0.145017    -1.24697
-0.143144    -1.24618
-0.141275    -1.24538
-0.139408    -1.24457
-0.137544    -1.24376
-0.135682    -1.24295
-0.133824    -1.24213
-0.131969    -1.2413
-0.130116    -1.24047
-0.128267    -1.23964
-0.12642    -1.2388
-0.124576    -1.23795
-0.122735    -1.2371
-0.120897    -1.23625
-0.119062    -1.23539
-0.11723    -1.23452
-0.1154    -1.23365
-0.113574    -1.23278
-0.111751    -1.2319
-0.10993    -1.23102
-0.108113    -1.23013
-0.106299    -1.22923
-0.104487    -1.22833
-0.102679    -1.22743
-0.100873    -1.22652
-0.0990707    -1.22561
-0.0972712    -1.22469
-0.0954747    -1.22376
-0.0936812    -1.22284
-0.0918908    -1.2219
-0.0901034    -1.22096
-0.088319    -1.22002
-0.0865377    -1.21907
-0.0847594    -1.21812
-0.0829842    -1.21716
-0.081212    -1.2162
-0.0794429    -1.21524
-0.0776769    -1.21426
-0.075914    -1.21329
-0.0741541    -1.21231
-0.0723973    -1.21132
-0.0706436    -1.21033
-0.0688931    -1.20934
-0.0671456    -1.20834
-0.0654013    -1.20733
-0.06366    -1.20632
-0.0619219    -1.20531
-0.0601869    -1.20429
-0.0584551    -1.20327
-0.0567264    -1.20224
-0.0550008    -1.20121
-0.0532784    -1.20017
-0.0515591    -1.19913
-0.0498431    -1.19808
-0.0481301    -1.19703
-0.0464204    -1.19598
-0.0447138    -1.19492
-0.0430104    -1.19385
-0.0413102    -1.19278
-0.0396132    -1.19171
-0.0379193    -1.19063
-0.0362287    -1.18955
-0.0345413    -1.18846
-0.0328571    -1.18737
-0.0311761    -1.18627
-0.0294983    -1.18517
-0.0278238    -1.18406
-0.0261525    -1.18295
-0.0244844    -1.18184
-0.0228195    -1.18072
-0.0211579    -1.1796
-0.0194995    -1.17847
-0.0178444    -1.17734
-0.0161926    -1.1762
-0.014544    -1.17506
-0.0128986    -1.17391
-0.0112565    -1.17276
-0.00961775    -1.17161
-0.00798222    -1.17045
-0.00634997    -1.16929
-0.00472101    -1.16812
-0.00309533    -1.16695
-0.00147294    -1.16577
0.000146152    -1.16459
0.00176195    -1.16341
0.00337444    -1.16222
0.00498364    -1.16102
0.00658952    -1.15983
0.00819209    -1.15862
0.00979134    -1.15742
0.0113873    -1.15621
0.0129799    -1.15499
0.0145692    -1.15377
0.0161551    -1.15255
0.0177378    -1.15132
0.0193171    -1.15009
0.020893    -1.14885
0.0224656    -1.14761
0.0240349    -1.14637
0.0256008    -1.14512
0.0271634    -1.14387
0.0287226    -1.14261
0.0302784    -1.14135
0.0318309    -1.14008
0.0333801    -1.13881
0.0349259    -1.13754
0.0364683    -1.13626
0.0380073    -1.13498
0.039543    -1.13369
0.0410752    -1.1324
0.0426041    -1.13111
0.0441297    -1.12981
0.0456518    -1.12851
0.0471706    -1.1272
0.0486859    -1.12589
0.0501979    -1.12457
0.0517065    -1.12325
0.0532117    -1.12193
0.0547135    -1.1206
0.0562119    -1.11927
0.0577069    -1.11794
0.0591985    -1.1166
0.0606867    -1.11526
0.0621714    -1.11391
0.0636528    -1.11256
0.0651308    -1.1112
0.0666053    -1.10984
0.0680764    -1.10848
0.0695442    -1.10712
0.0710084    -1.10574
0.0724693    -1.10437
0.0739268    -1.10299
0.0753808    -1.10161
0.0768314    -1.10022
0.0782786    -1.09883
0.0797223    -1.09744
0.0811627    -1.09604
0.0825996    -1.09464
0.084033    -1.09323
0.085463    -1.09182
0.0868896    -1.09041
0.0883128    -1.08899
0.0897325    -1.08757
0.0911488    -1.08615
0.0925616    -1.08472
0.093971    -1.08329
0.095377    -1.08185
0.0967795    -1.08041
0.0981785    -1.07897
0.0995742    -1.07752
0.100966    -1.07607
0.102355    -1.07461
0.10374    -1.07315
0.105122    -1.07169
0.106501    -1.07023
0.107876    -1.06876
0.109247    -1.06728
0.110615    -1.0658
0.11198    -1.06432
0.113341    -1.06284
0.114698    -1.06135
0.116053    -1.05986
0.117403    -1.05836
0.118751    -1.05686
0.120095    -1.05536
0.121435    -1.05385
0.122772    -1.05234
0.124106    -1.05083
0.125436    -1.04931
0.126762    -1.04779
0.128085    -1.04627
0.129405    -1.04474
0.130721    -1.04321
0.132034    -1.04167
0.133343    -1.04013
0.134649    -1.03859
0.135952    -1.03705
0.137251    -1.0355
0.138546    -1.03394
0.139838    -1.03239
0.141127    -1.03083
0.142412    -1.02926
0.143693    -1.0277
0.144972    -1.02613
0.146246    -1.02455
0.147518    -1.02298
0.148786    -1.0214
0.15005    -1.01981
0.151311    -1.01822
0.152568    -1.01663
0.153823    -1.01504
0.155073    -1.01344
0.15632    -1.01184
0.157564    -1.01024
0.158804    -1.00863
0.160041    -1.00702
0.161274    -1.0054
0.162504    -1.00378
0.163731    -1.00216
0.164954    -1.00054
0.166173    -0.99891
0.16739    -0.997278
0.168602    -0.995644
0.169812    -0.994006
0.171017    -0.992364
0.17222    -0.99072
0.173419    -0.989072
0.174614    -0.987421
0.175806    -0.985766
0.176995    -0.984109
0.17818    -0.982448
0.179362    -0.980784
0.18054    -0.979116
0.181715    -0.977445
0.182887    -0.975772
0.184055    -0.974094
0.185219    -0.972414
0.186381    -0.970731
0.187538    -0.969044
0.188693    -0.967354
0.189844    -0.965661
0.190991    -0.963965
0.192135    -0.962265
0.193276    -0.960563
0.194413    -0.958857
0.195547    -0.957149
0.196678    -0.955437
0.197805    -0.953722
0.198928    -0.952003
0.200049    -0.950282
0.201166    -0.948558
0.202279    -0.94683
0.203389    -0.9451
0.204496    -0.943366
0.205599    -0.94163
0.206699    -0.93989
0.207796    -0.938147
0.208889    -0.936401
0.209978    -0.934652
0.211065    -0.9329
0.212148    -0.931146
0.213227    -0.929388
0.214303    -0.927627
0.215376    -0.925863
0.216446    -0.924096
0.217512    -0.922326
0.218575    -0.920553
0.219634    -0.918777
0.22069    -0.916998
0.221743    -0.915217
0.222792    -0.913432
0.223838    -0.911644
0.22488    -0.909854
0.22592    -0.90806
0.226955    -0.906264
0.227988    -0.904465
0.229017    -0.902662
0.230043    -0.900857
0.231065    -0.899049
0.232085    -0.897239
0.233101    -0.895425
0.234113    -0.893608
0.235122    -0.891789
0.236128    -0.889966
0.237131    -0.888141
0.23813    -0.886313
0.239126    -0.884483
0.240118    -0.882649
0.241108    -0.880813
0.242094    -0.878973
0.243076    -0.877131
0.244056    -0.875286
0.245032    -0.873439
0.246004    -0.871588
0.246974    -0.869735
0.24794    -0.867879
0.248903    -0.866021
0.249863    -0.864159
0.250819    -0.862295
0.251772    -0.860428
0.252722    -0.858559
0.253669    -0.856686
0.254612    -0.854811
0.255552    -0.852934
0.256489    -0.851053
0.257422    -0.84917
0.258352    -0.847284
0.259279    -0.845396
0.260203    -0.843505
0.261124    -0.841611
0.262041    -0.839715
0.262955    -0.837815
0.263866    -0.835914
0.264773    -0.834009
0.265678    -0.832102
0.266579    -0.830193
0.267477    -0.828281
0.268371    -0.826366
0.269263    -0.824448
0.270151    -0.822528
0.271036    -0.820606
0.271918    -0.81868
0.272797    -0.816753
0.273672    -0.814822
0.274545    -0.81289
0.275414    -0.810954
0.27628    -0.809016
0.277142    -0.807076
0.278002    -0.805133
0.278858    -0.803187
0.279712    -0.801239
0.280562    -0.799289
0.281409    -0.797335
0.282252    -0.79538
0.283093    -0.793422
0.283931    -0.791461
0.284765    -0.789498
0.285596    -0.787533
0.286424    -0.785565
0.287249    -0.783595
0.288071    -0.781622
0.28889    -0.779647
0.289705    -0.777669
0.290518    -0.775689
0.291327    -0.773706
0.292133    -0.771721
0.292937    -0.769734
0.293737    -0.767744
0.294534    -0.765752
0.295328    -0.763758
0.296119    -0.761761
0.296906    -0.759761
0.297691    -0.75776
0.298473    -0.755756
0.299251    -0.75375
0.300027    -0.751741
0.300799    -0.74973
0.301568    -0.747716
0.302335    -0.745701
0.303098    -0.743683
0.303858    -0.741662
0.304616    -0.73964
0.30537    -0.737615
0.306121    -0.735588
0.306869    -0.733558
0.307614    -0.731527
0.308356    -0.729493
0.309096    -0.727456
0.309832    -0.725418
0.310565    -0.723377
0.311295    -0.721334
0.312022    -0.719289
0.312746    -0.717241
0.313468    -0.715191
0.314186    -0.713139
0.314901    -0.711085
0.315613    -0.709029
0.316323    -0.70697
0.317029    -0.704909
0.317733    -0.702846
0.318433    -0.700781
0.319131    -0.698714
0.319826    -0.696644
0.320517    -0.694573
0.321206    -0.692499
0.321892    -0.690423
0.322575    -0.688345
0.323255    -0.686265
0.323932    -0.684183
0.324607    -0.682098
0.325278    -0.680011
0.325947    -0.677923
0.326612    -0.675832
0.327275    -0.673739
0.327935    -0.671644
0.328592    -0.669547
0.329246    -0.667448
0.329897    -0.665347
0.330546    -0.663244
0.331192    -0.661138
0.331834    -0.659031
0.332474    -0.656921
0.333111    -0.65481
0.333746    -0.652697
0.334377    -0.650581
0.335006    -0.648464
0.335632    -0.646344
0.336255    -0.644223
0.336875    -0.642099
0.337493    -0.639973
0.338107    -0.637846
0.338719    -0.635717
0.339329    -0.633585
0.339935    -0.631452
0.340539    -0.629316
0.341139    -0.627179
0.341738    -0.62504
0.342333    -0.622898
0.342926    -0.620755
0.343516    -0.61861
0.344103    -0.616463
0.344687    -0.614314
0.345269    -0.612163
0.345848    -0.610011
0.346424    -0.607856
0.346998    -0.6057
0.347569    -0.603541
0.348137    -0.601381
0.348703    -0.599219
0.349266    -0.597055
0.349826    -0.594889
0.350384    -0.592721
0.350939    -0.590551
0.351491    -0.58838
0.352041    -0.586207
0.352588    -0.584032
0.353132    -0.581855
0.353674    -0.579676
0.354213    -0.577496
0.354749    -0.575313
0.355283    -0.573129
0.355814    -0.570943
0.356343    -0.568756
0.356869    -0.566566
0.357393    -0.564375
0.357914    -0.562182
0.358432    -0.559987
0.358948    -0.557791
0.359461    -0.555593
0.359972    -0.553393
0.36048    -0.551191
0.360985    -0.548987
0.361488    -0.546782
0.361989    -0.544575
0.362487    -0.542367
0.362982    -0.540157
0.363475    -0.537945
0.363966    -0.535731
0.364454    -0.533516
0.364939    -0.531299
0.365422    -0.52908
0.365903    -0.52686
0.366381    -0.524638
0.366856    -0.522414
0.367329    -0.520189
0.3678    -0.517962
0.368268    -0.515733
0.368734    -0.513503
0.369197    -0.511271
0.369658    -0.509038
0.370117    -0.506803
0.370573    -0.504566
0.371026    -0.502328
0.371478    -0.500088
0.371927    -0.497847
0.372373    -0.495604
0.372817    -0.49336
0.373259    -0.491113
0.373698    -0.488866
0.374135    -0.486617
0.37457    -0.484366
0.375002    -0.482114
0.375432    -0.47986
0.375859    -0.477605
0.376285    -0.475348
0.376708    -0.47309
0.377128    -0.47083
0.377547    -0.468568
0.377963    -0.466306
0.378376    -0.464041
0.378788    -0.461776
0.379197    -0.459508
0.379604    -0.45724
0.380008    -0.454969
0.380411    -0.452698
0.380811    -0.450425
0.381208    -0.44815
0.381604    -0.445874
0.381997    -0.443597
0.382389    -0.441318
0.382777    -0.439038
0.383164    -0.436756
0.383549    -0.434473
0.383931    -0.432189
0.384311    -0.429903
0.384689    -0.427616
0.385065    -0.425328
0.385438    -0.423038
0.385809    -0.420746
0.386179    -0.418454
0.386546    -0.41616
0.386911    -0.413865
0.387273    -0.411568
0.387634    -0.40927
0.387993    -0.406971
0.388349    -0.40467
0.388703    -0.402368
0.389056    -0.400065
0.389406    -0.39776
0.389754    -0.395454
0.3901    -0.393147
0.390444    -0.390839
0.390785    -0.388529
0.391125    -0.386218
0.391463    -0.383906
0.391799    -0.381593
0.392132    -0.379278
0.392464    -0.376962
