0.632477  1.14551 0.0724925 0.0688828 0 0 0 1
-1.02176  -0.545342 -0.0044902 0.0998991 0 0 0 2
0.637156  1.1432 0.0898112 0.0439766 0 0 0 3
-0.722416  -0.0574524 0.0123611 0.0992331 0 0 0 4
0.664623  1.12748 0.0737175 0.0675702 0 0 0 6
0.209764  -1.09053 0.0617459 -0.0786603 0 0 0 7
-0.260783  -0.599374 0.0235911 -0.0971775 0 0 0 8
-0.107596  -0.922524 0.0477333 0.0878722 0 0 0 10
0.711923  1.09674 0.0835689 0.0549203 0 0 0 11
0.20218  -1.29321 0.0993371 -0.0114951 0 0 0 13
0.820607  -1.01883 0.0047021 -0.0998894 0 0 0 14
0.622506  1.15144 0.0986435 -0.0164152 0 0 0 16
-0.253769  1.09457 0.0982849 0.0184413 0 0 0 17
0.583556  1.17147 0.0948005 0.0318256 0 0 0 19
0.914851  0.558208 -0.00371276 0.0999311 0 0 0 20
0.317671  -1.26941 0.0977472 -0.0211066 0 0 0 23
0.561594  1.18115 0.094123 0.0337767 0 0 0 24
0.094869  0.630817 0.0351239 -0.0936286 0 0 0 28
0.607526  1.15835 0.099997 -0.000778519 0 0 0 30
1.22838  -0.45103 -0.00930226 -0.0995664 0 0 0 31
1.23062  0.445365 -0.0135559 0.0990769 0 0 0 32
