0.967237  -0.743868 -0.00287258 -0.0999587 0 0 0 2
1.25854  -0.359295 -0.00364045 -0.0999337 0 0 0 4
0.782924  1.04872 0.0913279 -0.0407336 0 0 0 5
0.387408  -1.24909 0.0855515 -0.0517777 0 0 0 7
0.254361  -1.28331 0.0928941 -0.0370227 0 0 0 8
0.392464  -0.376962 0.0141734 0.0989905 0 0 0 9
0.611158  1.15662 0.090619 0.0422871 0 0 0 10
0.280511  -1.2562 0.0970098 0.0242714 0 0 0 12
0.0141651  0.772829 0.0515341 0.0856985 0 0 0 15
0.873131  -0.974775 0.00225552 -0.0999746 0 0 0 17
-0.907283  0.9013 0.0788057 0.0615602 0 0 0 18
0.909876  0.940483 0.00414195 0.0999142 0 0 0 20
-0.539594  1.0512 0.0703039 -0.0711151 0 0 0 21
-1.05534  -0.774106 0.0510682 -0.085977 0 0 0 25
0.590243  1.16646 0.0734686 0.0678407 0 0 0 26
0.653088  0.0809115 0.00182099 0.0999834 0 0 0 27
0.497479  -1.20923 0.0665209 -0.0746657 0 0 0 28
-0.608858  -0.209259 0.0113018 -0.0993593 0 0 0 29
