0.963818  -0.884549 -0.00163566 -0.0999866 0 0 0 2
0.0345799  -0.583195 0.0249862 0.0968282 0 0 0 3
0.293791  -0.400764 0.0202982 0.0979183 0 0 0 6
0.628579  1.1465 0.0595386 0.080344 0 0 0 9
0.990505  0.855722 -0.0145983 0.0989287 0 0 0 12
0.831395  -0.346682 -0.000160931 -0.0999999 0 0 0 14
0.626047  1.14863 0.0999838 0.00180015 0 0 0 15
-0.312945  0.434792 0.027095 0.0962594 0 0 0 16
0.698028  -1.10625 0.0409959 -0.0912104 0 0 0 18
-0.306836  -1.12604 0.0673709 0.0738997 0 0 0 19
-1.05255  0.416129 -0.00675339 -0.0997717 0 0 0 20
0.420026  -1.2387 0.0945915 -0.0324415 0 0 0 21
0.520727  -1.20035 0.080727 -0.0590182 0 0 0 22
0.303043  1.00629 0.0670485 0.0741923 0 0 0 24
0.753777  1.06845 0.0262657 0.0964889 0 0 0 25
0.707501  1.0998 0.0327493 0.0944853 0 0 0 27
0.297002  -1.27482 0.0999935 -0.0011381 0 0 0 29
0.00380659  0.84804 0.0597023 0.0802224 0 0 0 30
0.729404  0.976193 0.0821469 -0.0570253 0 0 0 31
-0.72858  0.0615622 0.00273702 -0.0999625 0 0 0 32
