0.967173 -0.746123
0.392793 -0.374645
0.282796 -1.25563
0.0152328 0.774596
-0.905471 0.902708
-0.538406 1.05
0.653132 0.0833946
-0.608583 -0.211651
0.432126 0.201229
0.762203 -0.952517
-1.13538 -0.379276
0.36063 1.09103
-0.425969 1.08767
-0.334197 0.664571
-0.0125657 -1.24364
0.648835 0.646579
-0.465277 -0.75263
0.475699 0.750116
1.02595 -0.417246
-1.0918 0.233688
0.0331861 0.958893
-0.242314 0.142537
0.419933 -0.949472
0.707501 1.0998
-0.126811 -1.1491
1.07191 0.200471
-0.843108 0.77049
0.353507 0.577327
-0.15817 -0.424496
-0.342346 1.0284
0.64997 -0.450413
-0.71906 -0.623181
1.00066 0.788151
-0.39365 1.08867
0.514174 0.0482925
0.0315331 -0.922189
-0.0573557 0.670804
-0.203825 -1.01197
0.711109 0.129189
-0.490838 -1.14033
-0.704723 -0.0411333
0.128972 1.08208
-0.553457 -1.14835
0.578036 -0.514396
0.400651 -1.23177
0.0829503 0.165868
-0.0539444 -0.538778
0.70924 0.68627
-0.338639 -0.72252
-0.576095 0.527663
-0.254257 -1.21086
0.550532 0.762607
-0.43737 -0.693305
0.660212 -1.00612
0.158876 -0.385055
0.00279416 0.0233381
-0.283845 -0.191774
-0.259058 0.961462
-0.160197 -1.01434
0.110091 -0.892558
0.777188 0.241057
-0.400709 -0.132948
0.281405 -0.879073
0.0864904 0.574949
-0.205412 0.369273
0.223201 1.13513
-0.726263 0.601311
