0.141766 -0.0762238 6 0 0 ML 1
0.383951 0.12897 6 0 0 ML 1
0.838175 -0.869733 6 0 0 ML 1
-0.071076 0.881033 6 0 0 ML 1
-0.0837845 -0.731058 6 0 0 ML 1
-1.02583 -0.139803 6 0 0 ML 1
-0.536844 0.979011 6 0 0 ML 1
0.390751 1.12133 6 0 0 ML 1
1.09968 0.560336 6 0 0 ML 1
-0.643163 -0.465869 6 0 0 ML 1
0.228158 0.476049 6 0 0 ML 2
0.452674 0.659114 6 0 0 ML 2
-0.111169 -1.02769 6 0 0 ML 2
-0.645438 0.998472 6 0 0 ML 2
0.344824 1.14345 6 0 0 ML 2
0.00548675 -0.190481 6 0 0 ML 2
-0.861044 -0.697888 6 0 0 ML 2
-0.429198 0.506267 6 0 0 ML 2
1.25479 -0.0360467 6 0 0 ML 2
-0.405518 -0.951189 6 0 0 ML 2
0.0751557 -1.00734 6 0 0 ML 3
0.415748 0.93374 6 0 0 ML 3
0.626933 1.06607 6 0 0 ML 3
0.141161 -0.631526 6 0 0 ML 3
-0.60612 0.494483 6 0 0 ML 3
0.0747906 0.377698 6 0 0 ML 3
-0.489314 -1.10225 6 0 0 ML 3
-0.388334 -0.0600324 6 0 0 ML 3
0.03677 -1.23371 6 0 0 ML 3
0.287308 -0.542592 6 0 0 ML 4
-0.267846 0.944689 6 0 0 ML 4
0.272035 -0.114704 6 0 0 ML 4
-0.602149 -0.0866291 6 0 0 ML 4
0.239473 0.863314 6 0 0 ML 4
0.0212 -1.22633 6 0 0 ML 4
-0.289575 -0.621169 6 0 0 ML 4
0.362611 0.0148531 6 0 0 ML 5
-0.096391 0.47884 6 0 0 ML 5
-0.467326 1.03288 6 0 0 ML 5
0.367286 0.424631 6 0 0 ML 5
-0.502415 -0.653406 6 0 0 ML 5
-1.07863 -0.240424 6 0 0 ML 5
0.574788 1.16105 6 0 0 ML 5
0.502601 -1.02595 6 0 0 ML 5
-0.0320379 -1.0677 6 0 0 ML 5
1.04016 -0.802532 6 0 0 ML 5
0.409393 0.564346 6 0 0 ML 6
-0.0339007 -0.0853302 6 0 0 ML 6
-0.344073 0.560676 6 0 0 ML 6
0.530933 0.880584 6 0 0 ML 6
-0.215093 -1.09868 6 0 0 ML 6
-0.991185 0.352078 6 0 0 ML 6
0.81461 -0.579566 6 0 0 ML 6
1.25772 -0.209977 6 0 0 ML 6
0.547869 1.01284 6 0 0 ML 7
-0.736118 -0.617278 6 0 0 ML 7
0.0362122 -0.64259 6 0 0 ML 7
-0.312165 -0.0182841 6 0 0 ML 7
-0.402205 -1.2357 6 0 0 ML 7
-0.7008 0.842659 6 0 0 ML 7
0.934339 -0.0134877 6 0 0 ML 7
-0.148593 1.0226 6 0 0 ML 7
1.25305 0.427358 6 0 0 ML 7
