0.452126 0.201229 6 0 0 ML 17
0.782203 -0.952517 6 0 0 ML 17
-1.11538 -0.379276 6 0 0 ML 17
0.38063 1.09103 6 0 0 ML 17
-0.405969 1.08767 6 0 0 ML 17
-0.314197 0.664571 6 0 0 ML 17
0.00743428 -1.24364 6 0 0 ML 17
0.668835 0.646579 6 0 0 ML 17
-0.445277 -0.75263 6 0 0 ML 17
0.495699 0.750116 6 0 0 ML 18
1.04595 -0.417246 6 0 0 ML 18
-1.0718 0.233688 6 0 0 ML 18
0.0531861 0.958893 6 0 0 ML 18
-0.222314 0.142537 6 0 0 ML 18
0.439933 -0.949472 6 0 0 ML 18
0.727501 1.0998 6 0 0 ML 18
-0.106811 -1.1491 6 0 0 ML 18
1.09191 0.200471 6 0 0 ML 19
-0.823108 0.77049 6 0 0 ML 19
0.373507 0.577327 6 0 0 ML 19
-0.13817 -0.424496 6 0 0 ML 19
-0.322346 1.0284 6 0 0 ML 19
0.66997 -0.450413 6 0 0 ML 19
-0.69906 -0.623181 6 0 0 ML 19
1.02066 0.788151 6 0 0 ML 20
-0.37365 1.08867 6 0 0 ML 20
0.534174 0.0482925 6 0 0 ML 20
0.0515331 -0.922189 6 0 0 ML 20
-0.0373557 0.670804 6 0 0 ML 20
-0.183825 -1.01197 6 0 0 ML 20
0.731109 0.129189 6 0 0 ML 20
-0.470838 -1.14033 6 0 0 ML 20
-0.684723 -0.0411333 6 0 0 ML 20
0.148972 1.08208 6 0 0 ML 21
-0.533457 -1.14835 6 0 0 ML 21
0.598036 -0.514396 6 0 0 ML 21
0.420651 -1.23177 6 0 0 ML 21
0.10295 0.165868 6 0 0 ML 21
-0.0339444 -0.538778 6 0 0 ML 21
0.72924 0.68627 6 0 0 ML 21
-0.318639 -0.72252 6 0 0 ML 21
-0.556095 0.527663 6 0 0 ML 21
-0.234257 -1.21086 6 0 0 ML 22
0.570532 0.762607 6 0 0 ML 22
-0.41737 -0.693305 6 0 0 ML 22
0.680212 -1.00612 6 0 0 ML 22
0.178876 -0.385055 6 0 0 ML 22
0.0227942 0.0233381 6 0 0 ML 22
-0.263845 -0.191774 6 0 0 ML 22
-0.239058 0.961462 6 0 0 ML 22
