-1.02187 -0.543031
-0.722113 -0.0550386
0.21096 -1.09204
-0.260226 -0.601657
-0.106659 -0.92079
-0.251604 1.09497
0.914766 0.560489
0.095615 0.628819
-1.00345 0.0287532
-0.573744 0.503164
-0.0327708 -1.07662
0.0454443 -0.434539
0.259426 1.02221
0.208434 0.0945252
-0.833009 0.570347
-0.238827 0.928994
-0.519186 -0.718608
0.117555 0.129527
0.649616 0.655291
0.256809 -0.480173
-0.467378 0.960921
0.253834 1.09036
-0.475314 -0.176889
0.224078 0.664804
-0.852864 0.829053
0.844638 0.111163
-0.140435 -1.1869
0.364564 -0.989257
0.0316667 1.07805
0.762651 0.916217
-0.380888 0.383648
0.467608 1.06254
-0.895889 0.276845
-0.526461 -1.19162
0.881553 -0.479903
0.139019 -0.80746
0.511602 0.87331
1.11976 0.462536
-0.137524 0.851204
-0.876164 -0.316143
-0.320118 -0.801597
-1.23337 0.35621
0.255406 -0.278537
-0.16534 -1.28821
0.833622 0.413965
1.25637 -0.127038
0.282658 1.10527
-0.0936812 -1.22284
-0.679865 -0.855945
-0.237243 -0.280871
-1.23104 -0.274447
0.298577 0.307919
0.31874 -1.01919
-0.661711 0.873947
0.962287 -0.168716
0.241108 -0.880813
-0.264195 -1.21359
-0.162474 0.280411
0.3925 0.842956
0.581822 -0.511747
-0.63339 0.361296
