-0.983454 0.0287532 6 0 0 ML 9
-0.553744 0.503164 6 0 0 ML 9
-0.0127708 -1.07662 6 0 0 ML 9
0.0654443 -0.434539 6 0 0 ML 9
0.279426 1.02221 6 0 0 ML 9
0.228434 0.0945252 6 0 0 ML 9
-0.813009 0.570347 6 0 0 ML 10
-0.218827 0.928994 6 0 0 ML 10
-0.499186 -0.718608 6 0 0 ML 10
0.137555 0.129527 6 0 0 ML 10
0.669616 0.655291 6 0 0 ML 10
0.276809 -0.480173 6 0 0 ML 10
-0.447378 0.960921 6 0 0 ML 11
0.273834 1.09036 6 0 0 ML 11
-0.455314 -0.176889 6 0 0 ML 11
0.244078 0.664804 6 0 0 ML 11
-0.832864 0.829053 6 0 0 ML 11
0.864638 0.111163 6 0 0 ML 11
-0.120435 -1.1869 6 0 0 ML 11
0.384564 -0.989257 6 0 0 ML 11
0.0516667 1.07805 6 0 0 ML 12
0.782651 0.916217 6 0 0 ML 12
-0.360888 0.383648 6 0 0 ML 12
0.487608 1.06254 6 0 0 ML 12
-0.875889 0.276845 6 0 0 ML 12
-0.506461 -1.19162 6 0 0 ML 12
0.901553 -0.479903 6 0 0 ML 12
0.159019 -0.80746 6 0 0 ML 12
0.531602 0.87331 6 0 0 ML 13
1.13976 0.462536 6 0 0 ML 13
-0.117524 0.851204 6 0 0 ML 13
-0.856164 -0.316143 6 0 0 ML 13
-0.300118 -0.801597 6 0 0 ML 13
-1.21337 0.35621 6 0 0 ML 13
0.275406 -0.278537 6 0 0 ML 13
-0.14534 -1.28821 6 0 0 ML 13
0.853622 0.413965 6 0 0 ML 14
1.27637 -0.127038 6 0 0 ML 14
0.302658 1.10527 6 0 0 ML 14
-0.0736812 -1.22284 6 0 0 ML 14
-0.659865 -0.855945 6 0 0 ML 14
-0.217243 -0.280871 6 0 0 ML 14
-1.21104 -0.274447 6 0 0 ML 14
0.318577 0.307919 6 0 0 ML 14
0.33874 -1.01919 6 0 0 ML 14
-0.641711 0.873947 6 0 0 ML 14
0.982287 -0.168716 6 0 0 ML 15
0.261108 -0.880813 6 0 0 ML 15
-0.244195 -1.21359 6 0 0 ML 15
-0.142474 0.280411 6 0 0 ML 15
0.4125 0.842956 6 0 0 ML 15
0.601822 -0.511747 6 0 0 ML 15
-0.61339 0.361296 6 0 0 ML 15
