0.121766 -0.0762238
0.363951 0.12897
0.818175 -0.869733
-0.091076 0.881033
-0.103785 -0.731058
-1.04583 -0.139803
-0.556844 0.979011
0.370751 1.12133
1.07968 0.560336
-0.663163 -0.465869
0.208158 0.476049
0.432674 0.659114
-0.131169 -1.02769
-0.665438 0.998472
0.324824 1.14345
-0.0145132 -0.190481
-0.881044 -0.697888
-0.449198 0.506267
1.23479 -0.0360467
-0.425518 -0.951189
0.0551557 -1.00734
0.395748 0.93374
0.606933 1.06607
0.121161 -0.631526
-0.62612 0.494483
0.0547906 0.377698
-0.509314 -1.10225
-0.408334 -0.0600324
0.01677 -1.23371
0.267308 -0.542592
-0.287846 0.944689
0.252035 -0.114704
-0.622149 -0.0866291
0.219473 0.863314
0.00120002 -1.22633
-0.309575 -0.621169
0.342611 0.0148531
-0.116391 0.47884
-0.487326 1.03288
0.347286 0.424631
-0.522415 -0.653406
-1.09863 -0.240424
0.554788 1.16105
0.482601 -1.02595
-0.0520379 -1.0677
1.02016 -0.802532
0.389393 0.564346
-0.0539007 -0.0853302
-0.364073 0.560676
0.510933 0.880584
-0.235093 -1.09868
-1.01118 0.352078
0.79461 -0.579566
1.23772 -0.209977
0.527869 1.01284
-0.756118 -0.617278
0.0162122 -0.64259
-0.332165 -0.0182841
-0.422205 -1.2357
-0.7208 0.842659
0.914339 -0.0134877
-0.168593 1.0226
1.23305 0.427358
